Feature_A,Feature_A_noConstant_Feature,Feature_B,Feature_B_noConstant_Feature,Feature_C,Feature_C_noConstant_Feature,Constant_Feature,Constant_Feature_noConstant_Feature,Random_Feature,Random_Feature_noConstant_Feature,Outcome,Outcome_noConstant_Feature
0,0,0,0,0,0,1,1,0.8584197312548187,0.8584197312548187,A,A
1,1,2,2,-1,-1,1,1,0.24006776149525044,0.24006776149525044,A,A
3,3,6,6,-3,-3,1,1,0.9396419070587533,0.9396419070587533,A,A
4,4,8,8,-4,-4,1,1,0.8190402978548764,0.8190402978548764,A,A
5,5,10,10,-5,-5,1,1,0.682846585911639,0.682846585911639,A,A
7,7,14,14,-7,-7,1,1,0.5569416478755536,0.5569416478755536,A,A
12,12,24,24,-12,-12,1,1,0.8250468918177406,0.8250468918177406,A,A
13,13,26,26,-13,-13,1,1,0.7961145111554733,0.7961145111554733,A,A
14,14,28,28,-14,-14,1,1,0.9727461347770211,0.9727461347770211,A,A
15,15,30,30,-15,-15,1,1,0.413682158920175,0.413682158920175,A,A
17,17,34,34,-17,-17,1,1,0.9757867715381555,0.9757867715381555,A,A
18,18,36,36,-18,-18,1,1,0.27972464150451015,0.27972464150451015,A,A
19,19,38,38,-19,-19,1,1,0.8065387529238092,0.8065387529238092,A,A
20,20,40,40,-20,-20,1,1,0.18905489815793008,0.18905489815793008,A,A
22,22,44,44,-22,-22,1,1,0.6546459312095698,0.6546459312095698,A,A
23,23,46,46,-23,-23,1,1,0.8394903335245972,0.8394903335245972,A,A
25,25,50,50,-25,-25,1,1,0.22957294461208477,0.22957294461208477,A,A
27,27,54,54,-27,-27,1,1,0.29019675111760546,0.29019675111760546,A,A
29,29,58,58,-29,-29,1,1,0.010374797132496671,0.010374797132496671,A,A
30,30,60,60,-30,-30,1,1,0.9120387408412262,0.9120387408412262,A,A
31,31,62,62,-31,-31,1,1,0.5282046165470313,0.5282046165470313,A,A
32,32,64,64,-32,-32,1,1,0.6268906547622488,0.6268906547622488,A,A
35,35,70,70,-35,-35,1,1,0.6665495446208227,0.6665495446208227,A,A
36,36,72,72,-36,-36,1,1,0.9049470454501904,0.9049470454501904,A,A
37,37,74,74,-37,-37,1,1,0.593025293800794,0.593025293800794,A,A
38,38,76,76,-38,-38,1,1,0.14081802342449568,0.14081802342449568,A,A
40,40,80,80,-40,-40,1,1,0.7633391570681018,0.7633391570681018,A,A
43,43,86,86,-43,-43,1,1,0.1765843091108359,0.1765843091108359,A,A
44,44,88,88,-44,-44,1,1,0.9276172498653956,0.9276172498653956,A,A
45,45,90,90,-45,-45,1,1,0.35769381517060206,0.35769381517060206,A,A
46,46,92,92,-46,-46,1,1,0.6768847936208375,0.6768847936208375,A,A
48,48,96,96,-48,-48,1,1,0.7926647259552622,0.7926647259552622,A,A
49,49,98,98,-49,-49,1,1,0.9941565088227086,0.9941565088227086,A,A
50,50,100,100,-50,-50,1,1,0.6582735393690897,0.6582735393690897,A,A
51,51,102,102,-51,-51,1,1,0.7979764794071831,0.7979764794071831,A,A
52,52,104,104,-52,-52,1,1,0.04932747465665621,0.04932747465665621,A,A
55,55,110,110,-55,-55,1,1,0.8082706223799971,0.8082706223799971,A,A
57,57,114,114,-57,-57,1,1,0.8437172555800978,0.8437172555800978,A,A
58,58,116,116,-58,-58,1,1,0.7731887282973331,0.7731887282973331,A,A
59,59,118,118,-59,-59,1,1,0.1922013525006877,0.1922013525006877,A,A
61,61,122,122,-61,-61,1,1,0.9111914815612009,0.9111914815612009,A,A
62,62,124,124,-62,-62,1,1,0.7356858346465912,0.7356858346465912,A,A
63,63,126,126,-63,-63,1,1,0.7749792254996709,0.7749792254996709,A,A
65,65,130,130,-65,-65,1,1,0.6279372977279938,0.6279372977279938,A,A
66,66,132,132,-66,-66,1,1,0.2262012796239642,0.2262012796239642,A,A
67,67,134,134,-67,-67,1,1,0.5918031042905182,0.5918031042905182,A,A
68,68,136,136,-68,-68,1,1,0.3107603016599202,0.3107603016599202,A,A
70,70,140,140,-70,-70,1,1,0.26469848172474686,0.26469848172474686,A,A
71,71,142,142,-71,-71,1,1,0.2647715416083063,0.2647715416083063,A,A
72,72,144,144,-72,-72,1,1,0.34604451882790954,0.34604451882790954,A,A
73,73,146,146,-73,-73,1,1,0.4469421194219628,0.4469421194219628,A,A
75,75,150,150,-75,-75,1,1,0.8223765071954363,0.8223765071954363,A,A
76,76,152,152,-76,-76,1,1,0.9778847195304893,0.9778847195304893,A,A
79,79,158,158,-79,-79,1,1,0.6979710284609668,0.6979710284609668,A,A
80,80,160,160,-80,-80,1,1,0.9415013366407667,0.9415013366407667,A,A
82,82,164,164,-82,-82,1,1,0.9416287092838972,0.9416287092838972,A,A
86,86,172,172,-86,-86,1,1,0.2869783825158275,0.2869783825158275,A,A
87,87,174,174,-87,-87,1,1,0.5018925915442932,0.5018925915442932,A,A
88,88,176,176,-88,-88,1,1,0.3964050051575225,0.3964050051575225,A,A
90,90,180,180,-90,-90,1,1,0.013242854884556787,0.013242854884556787,A,A
94,94,188,188,-94,-94,1,1,0.5265207302972543,0.5265207302972543,A,A
95,95,190,190,-95,-95,1,1,0.6609598084835947,0.6609598084835947,A,A
96,96,192,192,-96,-96,1,1,0.016605572806591473,0.016605572806591473,A,A
98,98,196,196,-98,-98,1,1,0.6449088448282904,0.6449088448282904,A,A
100,100,200,200,-100,-100,1,1,0.8481797477563088,0.8481797477563088,A,A
102,102,204,204,-102,-102,1,1,0.6294291194169255,0.6294291194169255,A,A
104,104,208,208,-104,-104,1,1,0.890615547547888,0.890615547547888,A,A
105,105,210,210,-105,-105,1,1,0.9377880255675932,0.9377880255675932,A,A
107,107,214,214,-107,-107,1,1,0.032301915976467255,0.032301915976467255,A,A
108,108,216,216,-108,-108,1,1,0.1336018230712146,0.1336018230712146,A,A
110,110,220,220,-110,-110,1,1,0.9747691571635393,0.9747691571635393,A,A
111,111,222,222,-111,-111,1,1,0.8788620581272234,0.8788620581272234,A,A
113,113,226,226,-113,-113,1,1,0.1660973237006036,0.1660973237006036,A,A
114,114,228,228,-114,-114,1,1,0.9685172769880667,0.9685172769880667,A,A
115,115,230,230,-115,-115,1,1,0.005803567415175737,0.005803567415175737,A,A
118,118,236,236,-118,-118,1,1,0.919675485326568,0.919675485326568,A,A
119,119,238,238,-119,-119,1,1,0.3022123335446081,0.3022123335446081,A,A
121,121,242,242,-121,-121,1,1,0.6624771296158547,0.6624771296158547,A,A
122,122,244,244,-122,-122,1,1,0.1630163259669717,0.1630163259669717,A,A
123,123,246,246,-123,-123,1,1,0.6936277997545401,0.6936277997545401,A,A
125,125,250,250,-125,-125,1,1,0.6729941847771092,0.6729941847771092,A,A
126,126,252,252,-126,-126,1,1,0.9137568750850233,0.9137568750850233,A,A
127,127,254,254,-127,-127,1,1,0.6992500139805657,0.6992500139805657,A,A
128,128,256,256,-128,-128,1,1,0.2513299512628794,0.2513299512628794,A,A
131,131,262,262,-131,-131,1,1,0.993616189601595,0.993616189601595,A,A
132,132,264,264,-132,-132,1,1,0.1449232097167631,0.1449232097167631,A,A
133,133,266,266,-133,-133,1,1,0.830310397250974,0.830310397250974,A,A
134,134,268,268,-134,-134,1,1,0.5059311051154343,0.5059311051154343,A,A
135,135,270,270,-135,-135,1,1,0.07475916651300107,0.07475916651300107,A,A
136,136,272,272,-136,-136,1,1,0.6619000512814831,0.6619000512814831,A,A
137,137,274,274,-137,-137,1,1,0.8255291585248388,0.8255291585248388,A,A
138,138,276,276,-138,-138,1,1,0.34836967710432487,0.34836967710432487,A,A
139,139,278,278,-139,-139,1,1,0.2238781934844798,0.2238781934844798,A,A
141,141,282,282,-141,-141,1,1,0.9260887356988164,0.9260887356988164,A,A
142,142,284,284,-142,-142,1,1,0.4300843539924808,0.4300843539924808,A,A
145,145,290,290,-145,-145,1,1,0.7593844800894715,0.7593844800894715,A,A
148,148,296,296,-148,-148,1,1,0.6408924187538013,0.6408924187538013,A,A
150,150,300,300,-150,-150,1,1,0.3206402036563394,0.3206402036563394,A,A
153,153,306,306,-153,-153,1,1,0.43226080718756266,0.43226080718756266,A,A
154,154,308,308,-154,-154,1,1,0.3423969802462632,0.3423969802462632,A,A
155,155,310,310,-155,-155,1,1,0.9581686060339867,0.9581686060339867,A,A
157,157,314,314,-157,-157,1,1,0.30038742895901427,0.30038742895901427,A,A
158,158,316,316,-158,-158,1,1,0.16611121221848002,0.16611121221848002,A,A
159,159,318,318,-159,-159,1,1,0.3924735001343085,0.3924735001343085,A,A
160,160,320,320,-160,-160,1,1,0.3366220477910521,0.3366220477910521,A,A
163,163,326,326,-163,-163,1,1,0.4343468557278035,0.4343468557278035,A,A
164,164,328,328,-164,-164,1,1,0.03250973551936864,0.03250973551936864,A,A
166,166,332,332,-166,-166,1,1,0.864254434003911,0.864254434003911,A,A
167,167,334,334,-167,-167,1,1,0.8477610646574206,0.8477610646574206,A,A
168,168,336,336,-168,-168,1,1,0.3365759291558055,0.3365759291558055,A,A
172,172,344,344,-172,-172,1,1,0.6958387718907777,0.6958387718907777,A,A
174,174,348,348,-174,-174,1,1,0.25967427381791874,0.25967427381791874,A,A
175,175,350,350,-175,-175,1,1,0.9306626213861238,0.9306626213861238,A,A
177,177,354,354,-177,-177,1,1,0.20158773383147066,0.20158773383147066,A,A
178,178,356,356,-178,-178,1,1,0.778504826639425,0.778504826639425,A,A
179,179,358,358,-179,-179,1,1,0.45940875706108997,0.45940875706108997,A,A
182,182,364,364,-182,-182,1,1,0.9582036701646632,0.9582036701646632,A,A
184,184,368,368,-184,-184,1,1,0.28431149617241036,0.28431149617241036,A,A
185,185,370,370,-185,-185,1,1,0.619103787742888,0.619103787742888,A,A
186,186,372,372,-186,-186,1,1,0.18300226213116733,0.18300226213116733,A,A
187,187,374,374,-187,-187,1,1,0.19656924298007727,0.19656924298007727,A,A
188,188,376,376,-188,-188,1,1,0.482859276501562,0.482859276501562,A,A
189,189,378,378,-189,-189,1,1,0.752197833869833,0.752197833869833,A,A
191,191,382,382,-191,-191,1,1,0.5774173821942246,0.5774173821942246,A,A
192,192,384,384,-192,-192,1,1,0.695600677858953,0.695600677858953,A,A
193,193,386,386,-193,-193,1,1,0.4072908096548714,0.4072908096548714,A,A
194,194,388,388,-194,-194,1,1,0.4603405098046056,0.4603405098046056,A,A
195,195,390,390,-195,-195,1,1,0.2207904605523502,0.2207904605523502,A,A
197,197,394,394,-197,-197,1,1,0.8756430222488443,0.8756430222488443,A,A
198,198,396,396,-198,-198,1,1,0.6383263705231901,0.6383263705231901,A,A
199,199,398,398,-199,-199,1,1,0.42750439349394964,0.42750439349394964,A,A
200,200,400,400,-200,-200,1,1,0.6395758359226562,0.6395758359226562,A,A
201,201,402,402,-201,-201,1,1,0.32902515698151547,0.32902515698151547,A,A
202,202,404,404,-202,-202,1,1,0.10967161772790934,0.10967161772790934,A,A
203,203,406,406,-203,-203,1,1,0.848263938368888,0.848263938368888,A,A
204,204,408,408,-204,-204,1,1,0.8707961557427062,0.8707961557427062,A,A
205,205,410,410,-205,-205,1,1,0.8075161442895978,0.8075161442895978,A,A
206,206,412,412,-206,-206,1,1,0.10331685536768154,0.10331685536768154,A,A
207,207,414,414,-207,-207,1,1,0.13662829211192562,0.13662829211192562,A,A
208,208,416,416,-208,-208,1,1,0.6710595818725489,0.6710595818725489,A,A
209,209,418,418,-209,-209,1,1,0.9379532276060546,0.9379532276060546,A,A
210,210,420,420,-210,-210,1,1,0.31465097564484,0.31465097564484,A,A
211,211,422,422,-211,-211,1,1,0.19127882187623002,0.19127882187623002,A,A
213,213,426,426,-213,-213,1,1,0.2353166551912238,0.2353166551912238,A,A
214,214,428,428,-214,-214,1,1,0.8979116153771846,0.8979116153771846,A,A
216,216,432,432,-216,-216,1,1,0.41634460234777093,0.41634460234777093,A,A
218,218,436,436,-218,-218,1,1,0.28420085977021914,0.28420085977021914,A,A
220,220,440,440,-220,-220,1,1,0.78847094618404,0.78847094618404,A,A
221,221,442,442,-221,-221,1,1,0.6333794973258765,0.6333794973258765,A,A
222,222,444,444,-222,-222,1,1,0.7278025637223228,0.7278025637223228,A,A
223,223,446,446,-223,-223,1,1,0.5258727495131906,0.5258727495131906,A,A
225,225,450,450,-225,-225,1,1,0.5375510503105579,0.5375510503105579,A,A
226,226,452,452,-226,-226,1,1,0.5203339512986007,0.5203339512986007,A,A
227,227,454,454,-227,-227,1,1,0.9814497206788246,0.9814497206788246,A,A
228,228,456,456,-228,-228,1,1,0.7111955913616334,0.7111955913616334,A,A
229,229,458,458,-229,-229,1,1,0.9830327780548488,0.9830327780548488,A,A
230,230,460,460,-230,-230,1,1,0.07909178455675892,0.07909178455675892,A,A
231,231,462,462,-231,-231,1,1,0.6881169132413819,0.6881169132413819,A,A
232,232,464,464,-232,-232,1,1,0.1942948206963211,0.1942948206963211,A,A
234,234,468,468,-234,-234,1,1,0.48821546533748117,0.48821546533748117,A,A
236,236,472,472,-236,-236,1,1,0.5280955631705702,0.5280955631705702,A,A
237,237,474,474,-237,-237,1,1,0.9683964774256589,0.9683964774256589,A,A
239,239,478,478,-239,-239,1,1,0.27024363368102944,0.27024363368102944,A,A
241,241,482,482,-241,-241,1,1,0.5023693300652647,0.5023693300652647,A,A
242,242,484,484,-242,-242,1,1,0.9923271937418937,0.9923271937418937,A,A
243,243,486,486,-243,-243,1,1,0.2040942866043638,0.2040942866043638,A,A
245,245,490,490,-245,-245,1,1,0.09555874794737329,0.09555874794737329,A,A
246,246,492,492,-246,-246,1,1,0.42973678255641257,0.42973678255641257,A,A
247,247,494,494,-247,-247,1,1,0.2203314415358042,0.2203314415358042,A,A
248,248,496,496,-248,-248,1,1,0.2993777788079327,0.2993777788079327,A,A
251,251,502,502,-251,-251,1,1,0.8544220979784193,0.8544220979784193,A,A
252,252,504,504,-252,-252,1,1,0.9902236741399505,0.9902236741399505,A,A
253,253,506,506,-253,-253,1,1,0.951031243541488,0.951031243541488,A,A
254,254,508,508,-254,-254,1,1,0.6168584396942333,0.6168584396942333,A,A
255,255,510,510,-255,-255,1,1,0.39072377504366995,0.39072377504366995,A,A
257,257,514,514,-257,-257,1,1,0.8182631141715697,0.8182631141715697,A,A
258,258,516,516,-258,-258,1,1,0.22105577494690054,0.22105577494690054,A,A
259,259,518,518,-259,-259,1,1,0.9041387347960842,0.9041387347960842,A,A
260,260,520,520,-260,-260,1,1,0.016832631765954176,0.016832631765954176,A,A
262,262,524,524,-262,-262,1,1,0.4373829646657933,0.4373829646657933,A,A
263,263,526,526,-263,-263,1,1,0.840587185151296,0.840587185151296,A,A
264,264,528,528,-264,-264,1,1,0.9733661681909265,0.9733661681909265,A,A
265,265,530,530,-265,-265,1,1,0.48915470486135737,0.48915470486135737,A,A
266,266,532,532,-266,-266,1,1,0.14666082172914485,0.14666082172914485,A,A
267,267,534,534,-267,-267,1,1,0.3786259951854999,0.3786259951854999,A,A
269,269,538,538,-269,-269,1,1,0.2872545534412503,0.2872545534412503,A,A
270,270,540,540,-270,-270,1,1,0.1969919498853112,0.1969919498853112,A,A
271,271,542,542,-271,-271,1,1,0.0611116822181873,0.0611116822181873,A,A
272,272,544,544,-272,-272,1,1,0.07116520177500085,0.07116520177500085,A,A
273,273,546,546,-273,-273,1,1,0.8894404859027737,0.8894404859027737,A,A
275,275,550,550,-275,-275,1,1,0.15492830250445333,0.15492830250445333,A,A
276,276,552,552,-276,-276,1,1,0.28202809091643,0.28202809091643,A,A
277,277,554,554,-277,-277,1,1,0.743405894168948,0.743405894168948,A,A
278,278,556,556,-278,-278,1,1,0.6968866342281724,0.6968866342281724,A,A
280,280,560,560,-280,-280,1,1,0.43658451642870155,0.43658451642870155,A,A
281,281,562,562,-281,-281,1,1,0.17724808034114725,0.17724808034114725,A,A
282,282,564,564,-282,-282,1,1,0.39910127098051573,0.39910127098051573,A,A
283,283,566,566,-283,-283,1,1,0.44796293089353034,0.44796293089353034,A,A
285,285,570,570,-285,-285,1,1,0.7917550186712031,0.7917550186712031,A,A
288,288,576,576,-288,-288,1,1,0.9263273665642974,0.9263273665642974,A,A
289,289,578,578,-289,-289,1,1,0.3551343350256999,0.3551343350256999,A,A
291,291,582,582,-291,-291,1,1,0.7874792577862675,0.7874792577862675,A,A
293,293,586,586,-293,-293,1,1,0.8643509182458047,0.8643509182458047,A,A
294,294,588,588,-294,-294,1,1,0.8568967259859687,0.8568967259859687,A,A
296,296,592,592,-296,-296,1,1,0.26698707517429443,0.26698707517429443,A,A
298,298,596,596,-298,-298,1,1,0.9354181202766216,0.9354181202766216,A,A
301,301,602,602,-301,-301,1,1,0.9832847700644504,0.9832847700644504,A,A
303,303,606,606,-303,-303,1,1,0.5593507314904669,0.5593507314904669,A,A
304,304,608,608,-304,-304,1,1,0.3363914851801755,0.3363914851801755,A,A
305,305,610,610,-305,-305,1,1,0.8515792183726508,0.8515792183726508,A,A
306,306,612,612,-306,-306,1,1,0.45833798387878977,0.45833798387878977,A,A
309,309,618,618,-309,-309,1,1,0.677880656611292,0.677880656611292,A,A
310,310,620,620,-310,-310,1,1,0.899578737197081,0.899578737197081,A,A
311,311,622,622,-311,-311,1,1,0.679167721090575,0.679167721090575,A,A
312,312,624,624,-312,-312,1,1,0.940133268950241,0.940133268950241,A,A
313,313,626,626,-313,-313,1,1,0.1211475054646769,0.1211475054646769,A,A
315,315,630,630,-315,-315,1,1,0.2237084225436926,0.2237084225436926,A,A
316,316,632,632,-316,-316,1,1,0.9809355323556075,0.9809355323556075,A,A
317,317,634,634,-317,-317,1,1,0.5683275716412851,0.5683275716412851,A,A
320,320,640,640,-320,-320,1,1,0.5563588680844908,0.5563588680844908,A,A
321,321,642,642,-321,-321,1,1,0.9877449375181594,0.9877449375181594,A,A
325,325,650,650,-325,-325,1,1,0.05394972748495708,0.05394972748495708,A,A
327,327,654,654,-327,-327,1,1,0.08198475287238816,0.08198475287238816,A,A
330,330,660,660,-330,-330,1,1,0.9852833002731272,0.9852833002731272,A,A
331,331,662,662,-331,-331,1,1,0.4848131647785855,0.4848131647785855,A,A
333,333,666,666,-333,-333,1,1,0.061295597213174124,0.061295597213174124,A,A
334,334,668,668,-334,-334,1,1,0.48599443681417975,0.48599443681417975,A,A
337,337,674,674,-337,-337,1,1,0.6645873913006277,0.6645873913006277,A,A
339,339,678,678,-339,-339,1,1,0.7291844427581446,0.7291844427581446,A,A
340,340,680,680,-340,-340,1,1,0.43704554479646995,0.43704554479646995,A,A
341,341,682,682,-341,-341,1,1,0.7510836080053545,0.7510836080053545,A,A
342,342,684,684,-342,-342,1,1,0.9491344445479667,0.9491344445479667,A,A
343,343,686,686,-343,-343,1,1,0.5586347988452169,0.5586347988452169,A,A
346,346,692,692,-346,-346,1,1,0.5399727455752528,0.5399727455752528,A,A
347,347,694,694,-347,-347,1,1,0.5600469818718613,0.5600469818718613,A,A
348,348,696,696,-348,-348,1,1,0.4207699985126908,0.4207699985126908,A,A
349,349,698,698,-349,-349,1,1,0.9166097003627928,0.9166097003627928,A,A
350,350,700,700,-350,-350,1,1,0.15841969283820956,0.15841969283820956,A,A
351,351,702,702,-351,-351,1,1,0.32931975219140197,0.32931975219140197,A,A
353,353,706,706,-353,-353,1,1,0.6737430456250508,0.6737430456250508,A,A
354,354,708,708,-354,-354,1,1,0.6403438230179299,0.6403438230179299,A,A
357,357,714,714,-357,-357,1,1,0.7995747025357891,0.7995747025357891,A,A
358,358,716,716,-358,-358,1,1,0.6130065854330331,0.6130065854330331,A,A
361,361,722,722,-361,-361,1,1,0.9545201918375659,0.9545201918375659,A,A
362,362,724,724,-362,-362,1,1,0.5269260804876169,0.5269260804876169,A,A
364,364,728,728,-364,-364,1,1,0.3285346631607843,0.3285346631607843,A,A
368,368,736,736,-368,-368,1,1,0.4343831235532878,0.4343831235532878,A,A
369,369,738,738,-369,-369,1,1,0.9348276728506484,0.9348276728506484,A,A
370,370,740,740,-370,-370,1,1,0.3646150917861434,0.3646150917861434,A,A
371,371,742,742,-371,-371,1,1,0.04740890455370805,0.04740890455370805,A,A
372,372,744,744,-372,-372,1,1,0.18579347166037097,0.18579347166037097,A,A
375,375,750,750,-375,-375,1,1,0.8809803997140537,0.8809803997140537,A,A
376,376,752,752,-376,-376,1,1,0.8860823199132729,0.8860823199132729,A,A
377,377,754,754,-377,-377,1,1,0.38119512312923864,0.38119512312923864,A,A
380,380,760,760,-380,-380,1,1,0.9887534805950582,0.9887534805950582,A,A
381,381,762,762,-381,-381,1,1,0.08691222380306052,0.08691222380306052,A,A
383,383,766,766,-383,-383,1,1,0.23895448054943957,0.23895448054943957,A,A
384,384,768,768,-384,-384,1,1,0.664635249853333,0.664635249853333,A,A
386,386,772,772,-386,-386,1,1,0.7480710227115144,0.7480710227115144,A,A
387,387,774,774,-387,-387,1,1,0.6873420752700101,0.6873420752700101,A,A
388,388,776,776,-388,-388,1,1,0.6900878773376263,0.6900878773376263,A,A
391,391,782,782,-391,-391,1,1,0.7148126487482395,0.7148126487482395,A,A
392,392,784,784,-392,-392,1,1,0.6584630047503183,0.6584630047503183,A,A
395,395,790,790,-395,-395,1,1,0.1999296653466266,0.1999296653466266,A,A
399,399,798,798,-399,-399,1,1,0.5274126933684928,0.5274126933684928,A,A
400,400,800,800,-400,-400,1,1,0.919447310620988,0.919447310620988,A,A
404,404,808,808,-404,-404,1,1,0.41984171405874515,0.41984171405874515,A,A
405,405,810,810,-405,-405,1,1,0.8202207944758639,0.8202207944758639,A,A
408,408,816,816,-408,-408,1,1,0.4837880909958876,0.4837880909958876,A,A
410,410,820,820,-410,-410,1,1,0.7128847621951816,0.7128847621951816,A,A
412,412,824,824,-412,-412,1,1,0.4609068561838797,0.4609068561838797,A,A
413,413,826,826,-413,-413,1,1,0.2789570789240142,0.2789570789240142,A,A
414,414,828,828,-414,-414,1,1,0.5069626451506042,0.5069626451506042,A,A
415,415,830,830,-415,-415,1,1,0.5838326606979451,0.5838326606979451,A,A
417,417,834,834,-417,-417,1,1,0.657392157352364,0.657392157352364,A,A
419,419,838,838,-419,-419,1,1,0.8208066268243477,0.8208066268243477,A,A
420,420,840,840,-420,-420,1,1,0.3021544733772453,0.3021544733772453,A,A
421,421,842,842,-421,-421,1,1,0.6892253411194373,0.6892253411194373,A,A
422,422,844,844,-422,-422,1,1,0.7755804589476156,0.7755804589476156,A,A
423,423,846,846,-423,-423,1,1,0.3221879376180756,0.3221879376180756,A,A
425,425,850,850,-425,-425,1,1,0.7499062591574287,0.7499062591574287,A,A
426,426,852,852,-426,-426,1,1,0.4421136872005065,0.4421136872005065,A,A
428,428,856,856,-428,-428,1,1,0.3024993212043757,0.3024993212043757,A,A
430,430,860,860,-430,-430,1,1,0.9785300126548877,0.9785300126548877,A,A
432,432,864,864,-432,-432,1,1,0.24046503113835416,0.24046503113835416,A,A
433,433,866,866,-433,-433,1,1,0.15580573267615971,0.15580573267615971,A,A
436,436,872,872,-436,-436,1,1,0.18625724081500672,0.18625724081500672,A,A
437,437,874,874,-437,-437,1,1,0.13044808427072108,0.13044808427072108,A,A
438,438,876,876,-438,-438,1,1,0.6361481280182822,0.6361481280182822,A,A
439,439,878,878,-439,-439,1,1,0.5479244003947619,0.5479244003947619,A,A
440,440,880,880,-440,-440,1,1,0.03530237480699361,0.03530237480699361,A,A
441,441,882,882,-441,-441,1,1,0.5722667640488317,0.5722667640488317,A,A
442,442,884,884,-442,-442,1,1,0.43073008479683683,0.43073008479683683,A,A
444,444,888,888,-444,-444,1,1,0.22042921811664873,0.22042921811664873,A,A
445,445,890,890,-445,-445,1,1,0.8032338262453735,0.8032338262453735,A,A
446,446,892,892,-446,-446,1,1,0.5055763690878322,0.5055763690878322,A,A
449,449,898,898,-449,-449,1,1,0.019229533572785118,0.019229533572785118,A,A
451,451,902,902,-451,-451,1,1,0.06345785428919504,0.06345785428919504,A,A
452,452,904,904,-452,-452,1,1,0.16782737511933665,0.16782737511933665,A,A
454,454,908,908,-454,-454,1,1,0.41296319588444375,0.41296319588444375,A,A
456,456,912,912,-456,-456,1,1,0.3316355648509518,0.3316355648509518,A,A
457,457,914,914,-457,-457,1,1,0.35699671284116796,0.35699671284116796,A,A
458,458,916,916,-458,-458,1,1,0.2044455109558413,0.2044455109558413,A,A
459,459,918,918,-459,-459,1,1,0.26400804436480707,0.26400804436480707,A,A
462,462,924,924,-462,-462,1,1,0.09507447487118437,0.09507447487118437,A,A
464,464,928,928,-464,-464,1,1,0.018639547573875204,0.018639547573875204,A,A
465,465,930,930,-465,-465,1,1,0.052600982803591934,0.052600982803591934,A,A
466,466,932,932,-466,-466,1,1,0.06540749652947409,0.06540749652947409,A,A
468,468,936,936,-468,-468,1,1,0.9848275120949911,0.9848275120949911,A,A
470,470,940,940,-470,-470,1,1,0.0796305858718952,0.0796305858718952,A,A
472,472,944,944,-472,-472,1,1,0.21817584126312994,0.21817584126312994,A,A
473,473,946,946,-473,-473,1,1,0.07761103670316949,0.07761103670316949,A,A
475,475,950,950,-475,-475,1,1,0.13909919586999575,0.13909919586999575,A,A
476,476,952,952,-476,-476,1,1,0.6922375986859581,0.6922375986859581,A,A
477,477,954,954,-477,-477,1,1,0.5873219863783451,0.5873219863783451,A,A
478,478,956,956,-478,-478,1,1,0.28947802439383186,0.28947802439383186,A,A
480,480,960,960,-480,-480,1,1,0.27652370984842933,0.27652370984842933,A,A
483,483,966,966,-483,-483,1,1,0.5149487709633138,0.5149487709633138,A,A
484,484,968,968,-484,-484,1,1,0.5418701533943049,0.5418701533943049,A,A
485,485,970,970,-485,-485,1,1,0.5450814076647976,0.5450814076647976,A,A
486,486,972,972,-486,-486,1,1,0.6234000378671074,0.6234000378671074,A,A
487,487,974,974,-487,-487,1,1,0.05649298966350569,0.05649298966350569,A,A
488,488,976,976,-488,-488,1,1,0.0010018138205364346,0.0010018138205364346,A,A
489,489,978,978,-489,-489,1,1,0.10524611973657372,0.10524611973657372,A,A
491,491,982,982,-491,-491,1,1,0.29208971686041174,0.29208971686041174,A,A
493,493,986,986,-493,-493,1,1,0.9230638472487681,0.9230638472487681,A,A
494,494,988,988,-494,-494,1,1,0.3007034200033164,0.3007034200033164,A,A
496,496,992,992,-496,-496,1,1,0.16255174099718217,0.16255174099718217,A,A
497,497,994,994,-497,-497,1,1,0.21265299722184716,0.21265299722184716,A,A
498,498,996,996,-498,-498,1,1,0.04604196041469133,0.04604196041469133,A,A
502,502,1004,1004,-502,-502,1,1,0.1406605569283632,0.1406605569283632,A,A
503,503,1006,1006,-503,-503,1,1,0.3863157519863333,0.3863157519863333,A,A
504,504,1008,1008,-504,-504,1,1,0.5903787415363068,0.5903787415363068,A,A
505,505,1010,1010,-505,-505,1,1,0.5600046978232747,0.5600046978232747,A,A
506,506,1012,1012,-506,-506,1,1,0.22467656060189023,0.22467656060189023,A,A
507,507,1014,1014,-507,-507,1,1,0.2810039167088082,0.2810039167088082,A,A
508,508,1016,1016,-508,-508,1,1,0.3542241791042863,0.3542241791042863,A,A
509,509,1018,1018,-509,-509,1,1,0.5521379602311953,0.5521379602311953,A,A
510,510,1020,1020,-510,-510,1,1,0.4785897594450468,0.4785897594450468,A,A
512,512,1024,1024,-512,-512,1,1,0.14053537645537095,0.14053537645537095,A,A
514,514,1028,1028,-514,-514,1,1,0.4375204955609494,0.4375204955609494,A,A
515,515,1030,1030,-515,-515,1,1,0.22306936898909158,0.22306936898909158,A,A
516,516,1032,1032,-516,-516,1,1,0.28340971777107127,0.28340971777107127,A,A
518,518,1036,1036,-518,-518,1,1,0.7248512800033584,0.7248512800033584,A,A
519,519,1038,1038,-519,-519,1,1,0.9779925537745947,0.9779925537745947,A,A
522,522,1044,1044,-522,-522,1,1,0.4743378888324947,0.4743378888324947,A,A
523,523,1046,1046,-523,-523,1,1,0.35334187064980294,0.35334187064980294,A,A
524,524,1048,1048,-524,-524,1,1,0.44279200789698847,0.44279200789698847,A,A
527,527,1054,1054,-527,-527,1,1,0.966680755525901,0.966680755525901,A,A
529,529,1058,1058,-529,-529,1,1,0.5750449268512543,0.5750449268512543,A,A
530,530,1060,1060,-530,-530,1,1,0.4948413279439614,0.4948413279439614,A,A
532,532,1064,1064,-532,-532,1,1,0.18649777580833615,0.18649777580833615,A,A
536,536,1072,1072,-536,-536,1,1,0.9089866126904842,0.9089866126904842,A,A
542,542,1084,1084,-542,-542,1,1,0.5663022043944864,0.5663022043944864,A,A
543,543,1086,1086,-543,-543,1,1,0.8786446583850133,0.8786446583850133,A,A
546,546,1092,1092,-546,-546,1,1,0.04098905014757703,0.04098905014757703,A,A
547,547,1094,1094,-547,-547,1,1,0.4993322388878193,0.4993322388878193,A,A
548,548,1096,1096,-548,-548,1,1,0.1995380748223563,0.1995380748223563,A,A
550,550,1100,1100,-550,-550,1,1,0.38929531235549253,0.38929531235549253,A,A
552,552,1104,1104,-552,-552,1,1,0.38199731482013544,0.38199731482013544,A,A
553,553,1106,1106,-553,-553,1,1,0.5029476578746467,0.5029476578746467,A,A
554,554,1108,1108,-554,-554,1,1,0.4365322167375175,0.4365322167375175,A,A
556,556,1112,1112,-556,-556,1,1,0.5197256558138771,0.5197256558138771,A,A
557,557,1114,1114,-557,-557,1,1,0.16040187004183215,0.16040187004183215,A,A
558,558,1116,1116,-558,-558,1,1,0.8411987141216368,0.8411987141216368,A,A
559,559,1118,1118,-559,-559,1,1,0.28797597220164517,0.28797597220164517,A,A
561,561,1122,1122,-561,-561,1,1,0.3887201989765282,0.3887201989765282,A,A
562,562,1124,1124,-562,-562,1,1,0.7722334028391612,0.7722334028391612,A,A
563,563,1126,1126,-563,-563,1,1,0.5202457202974293,0.5202457202974293,A,A
564,564,1128,1128,-564,-564,1,1,0.6302689599591855,0.6302689599591855,A,A
569,569,1138,1138,-569,-569,1,1,0.369460800870519,0.369460800870519,A,A
570,570,1140,1140,-570,-570,1,1,0.3287430861880408,0.3287430861880408,A,A
571,571,1142,1142,-571,-571,1,1,0.8235358158055394,0.8235358158055394,A,A
573,573,1146,1146,-573,-573,1,1,0.6828339002940611,0.6828339002940611,A,A
575,575,1150,1150,-575,-575,1,1,0.027508663499744457,0.027508663499744457,A,A
576,576,1152,1152,-576,-576,1,1,0.538702281618182,0.538702281618182,A,A
577,577,1154,1154,-577,-577,1,1,0.9544389661224356,0.9544389661224356,A,A
578,578,1156,1156,-578,-578,1,1,0.794969488863928,0.794969488863928,A,A
581,581,1162,1162,-581,-581,1,1,0.9779304587362311,0.9779304587362311,A,A
582,582,1164,1164,-582,-582,1,1,0.39610258274789867,0.39610258274789867,A,A
583,583,1166,1166,-583,-583,1,1,0.6984936701133053,0.6984936701133053,A,A
584,584,1168,1168,-584,-584,1,1,0.8721555763444248,0.8721555763444248,A,A
585,585,1170,1170,-585,-585,1,1,0.26362901600379907,0.26362901600379907,A,A
586,586,1172,1172,-586,-586,1,1,0.3790218359147285,0.3790218359147285,A,A
587,587,1174,1174,-587,-587,1,1,0.012185119865074534,0.012185119865074534,A,A
589,589,1178,1178,-589,-589,1,1,0.8000805201621015,0.8000805201621015,A,A
590,590,1180,1180,-590,-590,1,1,0.0098471992314072,0.0098471992314072,A,A
592,592,1184,1184,-592,-592,1,1,0.28737401919223793,0.28737401919223793,A,A
593,593,1186,1186,-593,-593,1,1,0.86759770664616,0.86759770664616,A,A
594,594,1188,1188,-594,-594,1,1,0.7753481099963087,0.7753481099963087,A,A
595,595,1190,1190,-595,-595,1,1,0.5832815362201073,0.5832815362201073,A,A
596,596,1192,1192,-596,-596,1,1,0.5150823237080102,0.5150823237080102,A,A
597,597,1194,1194,-597,-597,1,1,0.40547115755241536,0.40547115755241536,A,A
598,598,1196,1196,-598,-598,1,1,0.42628848205077174,0.42628848205077174,A,A
599,599,1198,1198,-599,-599,1,1,0.5158781981805733,0.5158781981805733,A,A
603,603,1206,1206,-603,-603,1,1,0.21883921765285108,0.21883921765285108,A,A
605,605,1210,1210,-605,-605,1,1,0.6088265473270706,0.6088265473270706,A,A
606,606,1212,1212,-606,-606,1,1,0.6522440293263757,0.6522440293263757,A,A
607,607,1214,1214,-607,-607,1,1,0.5088705621014095,0.5088705621014095,A,A
608,608,1216,1216,-608,-608,1,1,0.7596726311026545,0.7596726311026545,A,A
609,609,1218,1218,-609,-609,1,1,0.5442159714613083,0.5442159714613083,A,A
612,612,1224,1224,-612,-612,1,1,0.6731377675128996,0.6731377675128996,A,A
613,613,1226,1226,-613,-613,1,1,0.775864936339085,0.775864936339085,A,A
614,614,1228,1228,-614,-614,1,1,0.23549993723336327,0.23549993723336327,A,A
615,615,1230,1230,-615,-615,1,1,0.9135668313011737,0.9135668313011737,A,A
616,616,1232,1232,-616,-616,1,1,0.026051054580784716,0.026051054580784716,A,A
617,617,1234,1234,-617,-617,1,1,0.4184730801026749,0.4184730801026749,A,A
618,618,1236,1236,-618,-618,1,1,0.5433457938397648,0.5433457938397648,A,A
619,619,1238,1238,-619,-619,1,1,0.14107867132206253,0.14107867132206253,A,A
620,620,1240,1240,-620,-620,1,1,0.7476345241034792,0.7476345241034792,A,A
621,621,1242,1242,-621,-621,1,1,0.30693557340957833,0.30693557340957833,A,A
622,622,1244,1244,-622,-622,1,1,0.3770418037599942,0.3770418037599942,A,A
623,623,1246,1246,-623,-623,1,1,0.6746089657324873,0.6746089657324873,A,A
624,624,1248,1248,-624,-624,1,1,0.044540630430612405,0.044540630430612405,A,A
627,627,1254,1254,-627,-627,1,1,0.23656032567264296,0.23656032567264296,A,A
628,628,1256,1256,-628,-628,1,1,0.2963618370885037,0.2963618370885037,A,A
629,629,1258,1258,-629,-629,1,1,0.38782758724494804,0.38782758724494804,A,A
630,630,1260,1260,-630,-630,1,1,0.17854556601665406,0.17854556601665406,A,A
632,632,1264,1264,-632,-632,1,1,0.5268514747252402,0.5268514747252402,A,A
633,633,1266,1266,-633,-633,1,1,0.8270064970733134,0.8270064970733134,A,A
634,634,1268,1268,-634,-634,1,1,0.8578092993516007,0.8578092993516007,A,A
636,636,1272,1272,-636,-636,1,1,0.8092994062363902,0.8092994062363902,A,A
637,637,1274,1274,-637,-637,1,1,0.009801119524435298,0.009801119524435298,A,A
639,639,1278,1278,-639,-639,1,1,0.9806699612096232,0.9806699612096232,A,A
641,641,1282,1282,-641,-641,1,1,0.6733143630064584,0.6733143630064584,A,A
643,643,1286,1286,-643,-643,1,1,0.65380628751576,0.65380628751576,A,A
644,644,1288,1288,-644,-644,1,1,0.12106224745481564,0.12106224745481564,A,A
645,645,1290,1290,-645,-645,1,1,0.1850026648655052,0.1850026648655052,A,A
646,646,1292,1292,-646,-646,1,1,0.2505479534726981,0.2505479534726981,A,A
647,647,1294,1294,-647,-647,1,1,0.8662446918208029,0.8662446918208029,A,A
649,649,1298,1298,-649,-649,1,1,0.27694862251618635,0.27694862251618635,A,A
650,650,1300,1300,-650,-650,1,1,0.149828979810403,0.149828979810403,A,A
651,651,1302,1302,-651,-651,1,1,0.36690031044315696,0.36690031044315696,A,A
652,652,1304,1304,-652,-652,1,1,0.8262388493153539,0.8262388493153539,A,A
659,659,1318,1318,-659,-659,1,1,0.09702281827640413,0.09702281827640413,A,A
660,660,1320,1320,-660,-660,1,1,0.007034410445552197,0.007034410445552197,A,A
661,661,1322,1322,-661,-661,1,1,0.6334307846411474,0.6334307846411474,A,A
662,662,1324,1324,-662,-662,1,1,0.14007110398887046,0.14007110398887046,A,A
663,663,1326,1326,-663,-663,1,1,0.886682754454984,0.886682754454984,A,A
665,665,1330,1330,-665,-665,1,1,0.026870512552625958,0.026870512552625958,A,A
666,666,1332,1332,-666,-666,1,1,0.4173203860900482,0.4173203860900482,A,A
667,667,1334,1334,-667,-667,1,1,0.018643526466841864,0.018643526466841864,A,A
668,668,1336,1336,-668,-668,1,1,0.5564001163695136,0.5564001163695136,A,A
670,670,1340,1340,-670,-670,1,1,0.8881834691901798,0.8881834691901798,A,A
671,671,1342,1342,-671,-671,1,1,0.3182188248887433,0.3182188248887433,A,A
672,672,1344,1344,-672,-672,1,1,0.642282597577997,0.642282597577997,A,A
673,673,1346,1346,-673,-673,1,1,0.1259174459847625,0.1259174459847625,A,A
674,674,1348,1348,-674,-674,1,1,0.5602338037075391,0.5602338037075391,A,A
676,676,1352,1352,-676,-676,1,1,0.5803743753805589,0.5803743753805589,A,A
680,680,1360,1360,-680,-680,1,1,0.6593205827374109,0.6593205827374109,A,A
681,681,1362,1362,-681,-681,1,1,0.47980146632235776,0.47980146632235776,A,A
682,682,1364,1364,-682,-682,1,1,0.5450121030705007,0.5450121030705007,A,A
686,686,1372,1372,-686,-686,1,1,0.006798635738745951,0.006798635738745951,A,A
687,687,1374,1374,-687,-687,1,1,0.24397821594698266,0.24397821594698266,A,A
688,688,1376,1376,-688,-688,1,1,0.7505539831095122,0.7505539831095122,A,A
689,689,1378,1378,-689,-689,1,1,0.4064494421896281,0.4064494421896281,A,A
690,690,1380,1380,-690,-690,1,1,0.6679065865943398,0.6679065865943398,A,A
691,691,1382,1382,-691,-691,1,1,0.7741321856453618,0.7741321856453618,A,A
692,692,1384,1384,-692,-692,1,1,0.4010478573142755,0.4010478573142755,A,A
693,693,1386,1386,-693,-693,1,1,0.5343623959527137,0.5343623959527137,A,A
694,694,1388,1388,-694,-694,1,1,0.44971181767052837,0.44971181767052837,A,A
695,695,1390,1390,-695,-695,1,1,0.8810874184045572,0.8810874184045572,A,A
697,697,1394,1394,-697,-697,1,1,0.1447189668352289,0.1447189668352289,A,A
698,698,1396,1396,-698,-698,1,1,0.4671882610937955,0.4671882610937955,A,A
700,700,1400,1400,-700,-700,1,1,0.20852430453872894,0.20852430453872894,A,A
701,701,1402,1402,-701,-701,1,1,0.8390823669970344,0.8390823669970344,A,A
703,703,1406,1406,-703,-703,1,1,0.3597032568948223,0.3597032568948223,A,A
704,704,1408,1408,-704,-704,1,1,0.9996486150062684,0.9996486150062684,A,A
705,705,1410,1410,-705,-705,1,1,0.40504079227298906,0.40504079227298906,A,A
706,706,1412,1412,-706,-706,1,1,0.8286870178368562,0.8286870178368562,A,A
707,707,1414,1414,-707,-707,1,1,0.21386211260214605,0.21386211260214605,A,A
708,708,1416,1416,-708,-708,1,1,0.06406361403603467,0.06406361403603467,A,A
709,709,1418,1418,-709,-709,1,1,0.756722791576145,0.756722791576145,A,A
712,712,1424,1424,-712,-712,1,1,0.23580984883786105,0.23580984883786105,A,A
713,713,1426,1426,-713,-713,1,1,0.5802622996428117,0.5802622996428117,A,A
714,714,1428,1428,-714,-714,1,1,0.3397583204047022,0.3397583204047022,A,A
717,717,1434,1434,-717,-717,1,1,0.21547956016860526,0.21547956016860526,A,A
718,718,1436,1436,-718,-718,1,1,0.9734038812503113,0.9734038812503113,A,A
719,719,1438,1438,-719,-719,1,1,0.885233810055732,0.885233810055732,A,A
720,720,1440,1440,-720,-720,1,1,0.11055009824880913,0.11055009824880913,A,A
721,721,1442,1442,-721,-721,1,1,0.041054753724219184,0.041054753724219184,A,A
722,722,1444,1444,-722,-722,1,1,0.42463698999129207,0.42463698999129207,A,A
723,723,1446,1446,-723,-723,1,1,0.9685028667681479,0.9685028667681479,A,A
725,725,1450,1450,-725,-725,1,1,0.8835351715247843,0.8835351715247843,A,A
727,727,1454,1454,-727,-727,1,1,0.8302716130262836,0.8302716130262836,A,A
728,728,1456,1456,-728,-728,1,1,0.35347516424587255,0.35347516424587255,A,A
732,732,1464,1464,-732,-732,1,1,0.5665129466485584,0.5665129466485584,A,A
733,733,1466,1466,-733,-733,1,1,0.4963989173408426,0.4963989173408426,A,A
735,735,1470,1470,-735,-735,1,1,0.8706963555166904,0.8706963555166904,A,A
736,736,1472,1472,-736,-736,1,1,0.8274485159137249,0.8274485159137249,A,A
742,742,1484,1484,-742,-742,1,1,0.7637684562671038,0.7637684562671038,A,A
743,743,1486,1486,-743,-743,1,1,0.8694917532737418,0.8694917532737418,A,A
744,744,1488,1488,-744,-744,1,1,0.08445941278380198,0.08445941278380198,A,A
747,747,1494,1494,-747,-747,1,1,0.7051037312393352,0.7051037312393352,A,A
748,748,1496,1496,-748,-748,1,1,0.01929803548448472,0.01929803548448472,A,A
749,749,1498,1498,-749,-749,1,1,0.4163071943829988,0.4163071943829988,A,A
751,751,1502,1502,-751,-751,1,1,0.3498168939231705,0.3498168939231705,A,A
752,752,1504,1504,-752,-752,1,1,0.6951173448159831,0.6951173448159831,A,A
754,754,1508,1508,-754,-754,1,1,0.35538046964115433,0.35538046964115433,A,A
755,755,1510,1510,-755,-755,1,1,0.7603009213330153,0.7603009213330153,A,A
756,756,1512,1512,-756,-756,1,1,0.18411751472668703,0.18411751472668703,A,A
758,758,1516,1516,-758,-758,1,1,0.48568929881797496,0.48568929881797496,A,A
759,759,1518,1518,-759,-759,1,1,0.3293739348957512,0.3293739348957512,A,A
760,760,1520,1520,-760,-760,1,1,0.9340658159122216,0.9340658159122216,A,A
761,761,1522,1522,-761,-761,1,1,0.5448505572488751,0.5448505572488751,A,A
762,762,1524,1524,-762,-762,1,1,0.11740798612466041,0.11740798612466041,A,A
764,764,1528,1528,-764,-764,1,1,0.9460907466469631,0.9460907466469631,A,A
766,766,1532,1532,-766,-766,1,1,0.3681503780057124,0.3681503780057124,A,A
767,767,1534,1534,-767,-767,1,1,0.9873097957686825,0.9873097957686825,A,A
768,768,1536,1536,-768,-768,1,1,0.16787445148851077,0.16787445148851077,A,A
769,769,1538,1538,-769,-769,1,1,0.2969107230386322,0.2969107230386322,A,A
771,771,1542,1542,-771,-771,1,1,0.07618020247730317,0.07618020247730317,A,A
773,773,1546,1546,-773,-773,1,1,0.9497862023159981,0.9497862023159981,A,A
776,776,1552,1552,-776,-776,1,1,0.8490612465325995,0.8490612465325995,A,A
777,777,1554,1554,-777,-777,1,1,0.7469086171229686,0.7469086171229686,A,A
778,778,1556,1556,-778,-778,1,1,0.05967811096029618,0.05967811096029618,A,A
781,781,1562,1562,-781,-781,1,1,0.9935943525282959,0.9935943525282959,A,A
782,782,1564,1564,-782,-782,1,1,0.8077469326834942,0.8077469326834942,A,A
784,784,1568,1568,-784,-784,1,1,0.9680267134020188,0.9680267134020188,A,A
785,785,1570,1570,-785,-785,1,1,0.9515627992091287,0.9515627992091287,A,A
786,786,1572,1572,-786,-786,1,1,0.2756889798488803,0.2756889798488803,A,A
787,787,1574,1574,-787,-787,1,1,0.733496520522886,0.733496520522886,A,A
788,788,1576,1576,-788,-788,1,1,0.18224777631278388,0.18224777631278388,A,A
789,789,1578,1578,-789,-789,1,1,0.37969359550816584,0.37969359550816584,A,A
793,793,1586,1586,-793,-793,1,1,0.8264169448922318,0.8264169448922318,A,A
794,794,1588,1588,-794,-794,1,1,0.48486406219641554,0.48486406219641554,A,A
795,795,1590,1590,-795,-795,1,1,0.0539763811128936,0.0539763811128936,A,A
796,796,1592,1592,-796,-796,1,1,0.002989714961723844,0.002989714961723844,A,A
797,797,1594,1594,-797,-797,1,1,0.4469464080277229,0.4469464080277229,A,A
798,798,1596,1596,-798,-798,1,1,0.7515847430272854,0.7515847430272854,A,A
799,799,1598,1598,-799,-799,1,1,0.9414331292370118,0.9414331292370118,A,A
800,800,1600,1600,-800,-800,1,1,0.4192051753666395,0.4192051753666395,A,A
801,801,1602,1602,-801,-801,1,1,0.4555888570681158,0.4555888570681158,A,A
802,802,1604,1604,-802,-802,1,1,0.057341855879505355,0.057341855879505355,A,A
803,803,1606,1606,-803,-803,1,1,0.7160771631926367,0.7160771631926367,A,A
804,804,1608,1608,-804,-804,1,1,0.6397636541378838,0.6397636541378838,A,A
807,807,1614,1614,-807,-807,1,1,0.4143245332741432,0.4143245332741432,A,A
809,809,1618,1618,-809,-809,1,1,0.5770648339138627,0.5770648339138627,A,A
810,810,1620,1620,-810,-810,1,1,0.2061319093543008,0.2061319093543008,A,A
811,811,1622,1622,-811,-811,1,1,0.31544250583706845,0.31544250583706845,A,A
812,812,1624,1624,-812,-812,1,1,0.10959926488407912,0.10959926488407912,A,A
813,813,1626,1626,-813,-813,1,1,0.9459936916625011,0.9459936916625011,A,A
815,815,1630,1630,-815,-815,1,1,0.5284967462467128,0.5284967462467128,A,A
817,817,1634,1634,-817,-817,1,1,0.0051483058466944565,0.0051483058466944565,A,A
818,818,1636,1636,-818,-818,1,1,0.3640124245013252,0.3640124245013252,A,A
819,819,1638,1638,-819,-819,1,1,0.1953423806914506,0.1953423806914506,A,A
820,820,1640,1640,-820,-820,1,1,0.597707900124889,0.597707900124889,A,A
823,823,1646,1646,-823,-823,1,1,0.6954485080126598,0.6954485080126598,A,A
825,825,1650,1650,-825,-825,1,1,0.9883289325210936,0.9883289325210936,A,A
826,826,1652,1652,-826,-826,1,1,0.40794516816682824,0.40794516816682824,A,A
829,829,1658,1658,-829,-829,1,1,0.1478432677629068,0.1478432677629068,A,A
830,830,1660,1660,-830,-830,1,1,0.7648389041297176,0.7648389041297176,A,A
832,832,1664,1664,-832,-832,1,1,0.7166696916994679,0.7166696916994679,A,A
833,833,1666,1666,-833,-833,1,1,0.7213762986121413,0.7213762986121413,A,A
834,834,1668,1668,-834,-834,1,1,0.12832763773200684,0.12832763773200684,A,A
835,835,1670,1670,-835,-835,1,1,0.9178865236215058,0.9178865236215058,A,A
838,838,1676,1676,-838,-838,1,1,0.381837236811707,0.381837236811707,A,A
839,839,1678,1678,-839,-839,1,1,0.6728971140335464,0.6728971140335464,A,A
840,840,1680,1680,-840,-840,1,1,0.6122059812073105,0.6122059812073105,A,A
841,841,1682,1682,-841,-841,1,1,0.649276951018651,0.649276951018651,A,A
842,842,1684,1684,-842,-842,1,1,0.36498153871031513,0.36498153871031513,A,A
843,843,1686,1686,-843,-843,1,1,0.7269270572763428,0.7269270572763428,A,A
844,844,1688,1688,-844,-844,1,1,0.3632516399210367,0.3632516399210367,A,A
845,845,1690,1690,-845,-845,1,1,0.6902079297980166,0.6902079297980166,A,A
848,848,1696,1696,-848,-848,1,1,0.18195925561378834,0.18195925561378834,A,A
849,849,1698,1698,-849,-849,1,1,0.9295205890310994,0.9295205890310994,A,A
850,850,1700,1700,-850,-850,1,1,0.6850763866161238,0.6850763866161238,A,A
852,852,1704,1704,-852,-852,1,1,0.20729526735092207,0.20729526735092207,A,A
853,853,1706,1706,-853,-853,1,1,0.6898936570726005,0.6898936570726005,A,A
854,854,1708,1708,-854,-854,1,1,0.9591574361601795,0.9591574361601795,A,A
855,855,1710,1710,-855,-855,1,1,0.5435630502924872,0.5435630502924872,A,A
856,856,1712,1712,-856,-856,1,1,0.13783170958958613,0.13783170958958613,A,A
857,857,1714,1714,-857,-857,1,1,0.9294267613093828,0.9294267613093828,A,A
861,861,1722,1722,-861,-861,1,1,0.4314834181888654,0.4314834181888654,A,A
863,863,1726,1726,-863,-863,1,1,0.3633224221592495,0.3633224221592495,A,A
864,864,1728,1728,-864,-864,1,1,0.9900159754001144,0.9900159754001144,A,A
865,865,1730,1730,-865,-865,1,1,0.9682613237126381,0.9682613237126381,A,A
866,866,1732,1732,-866,-866,1,1,0.7831688647891669,0.7831688647891669,A,A
867,867,1734,1734,-867,-867,1,1,0.5241036060594554,0.5241036060594554,A,A
868,868,1736,1736,-868,-868,1,1,0.1964853593170841,0.1964853593170841,A,A
869,869,1738,1738,-869,-869,1,1,0.031619449348039286,0.031619449348039286,A,A
870,870,1740,1740,-870,-870,1,1,0.9531743995511144,0.9531743995511144,A,A
872,872,1744,1744,-872,-872,1,1,0.9829719764482717,0.9829719764482717,A,A
874,874,1748,1748,-874,-874,1,1,0.5653519862379137,0.5653519862379137,A,A
876,876,1752,1752,-876,-876,1,1,0.38024841496170836,0.38024841496170836,A,A
877,877,1754,1754,-877,-877,1,1,0.2617100037647607,0.2617100037647607,A,A
879,879,1758,1758,-879,-879,1,1,0.03941044477222333,0.03941044477222333,A,A
880,880,1760,1760,-880,-880,1,1,0.1596906468003063,0.1596906468003063,A,A
882,882,1764,1764,-882,-882,1,1,0.5457636448483936,0.5457636448483936,A,A
883,883,1766,1766,-883,-883,1,1,0.3694624169834603,0.3694624169834603,A,A
884,884,1768,1768,-884,-884,1,1,0.48722139635773065,0.48722139635773065,A,A
886,886,1772,1772,-886,-886,1,1,0.5641391202736679,0.5641391202736679,A,A
888,888,1776,1776,-888,-888,1,1,0.6670468844039634,0.6670468844039634,A,A
891,891,1782,1782,-891,-891,1,1,0.34125701479332693,0.34125701479332693,A,A
893,893,1786,1786,-893,-893,1,1,0.3875330086991252,0.3875330086991252,A,A
894,894,1788,1788,-894,-894,1,1,0.40668291477237084,0.40668291477237084,A,A
895,895,1790,1790,-895,-895,1,1,0.5545811209151492,0.5545811209151492,A,A
896,896,1792,1792,-896,-896,1,1,0.6927632964242225,0.6927632964242225,A,A
897,897,1794,1794,-897,-897,1,1,0.3641576239283667,0.3641576239283667,A,A
899,899,1798,1798,-899,-899,1,1,0.11745798441376565,0.11745798441376565,A,A
901,901,1802,1802,-901,-901,1,1,0.22979809347915425,0.22979809347915425,A,A
903,903,1806,1806,-903,-903,1,1,0.11522695342425093,0.11522695342425093,A,A
904,904,1808,1808,-904,-904,1,1,0.8736085315217972,0.8736085315217972,A,A
905,905,1810,1810,-905,-905,1,1,0.19059542367785587,0.19059542367785587,A,A
907,907,1814,1814,-907,-907,1,1,0.9592451710544321,0.9592451710544321,A,A
908,908,1816,1816,-908,-908,1,1,0.7721127173617995,0.7721127173617995,A,A
909,909,1818,1818,-909,-909,1,1,0.07462055368370024,0.07462055368370024,A,A
911,911,1822,1822,-911,-911,1,1,0.4736743438576265,0.4736743438576265,A,A
912,912,1824,1824,-912,-912,1,1,0.9847201236334161,0.9847201236334161,A,A
914,914,1828,1828,-914,-914,1,1,0.13791682289425877,0.13791682289425877,A,A
915,915,1830,1830,-915,-915,1,1,0.28439764829236114,0.28439764829236114,A,A
916,916,1832,1832,-916,-916,1,1,0.6395975738870323,0.6395975738870323,A,A
917,917,1834,1834,-917,-917,1,1,0.1019697215720371,0.1019697215720371,A,A
918,918,1836,1836,-918,-918,1,1,0.22089710017345088,0.22089710017345088,A,A
919,919,1838,1838,-919,-919,1,1,0.4154979198180213,0.4154979198180213,A,A
920,920,1840,1840,-920,-920,1,1,0.5176461524847502,0.5176461524847502,A,A
924,924,1848,1848,-924,-924,1,1,0.7634857353556981,0.7634857353556981,A,A
925,925,1850,1850,-925,-925,1,1,0.47273784926339557,0.47273784926339557,A,A
926,926,1852,1852,-926,-926,1,1,0.9877229849498194,0.9877229849498194,A,A
928,928,1856,1856,-928,-928,1,1,0.66391071105187,0.66391071105187,A,A
929,929,1858,1858,-929,-929,1,1,0.8473862012097082,0.8473862012097082,A,A
930,930,1860,1860,-930,-930,1,1,0.6082060584512569,0.6082060584512569,A,A
934,934,1868,1868,-934,-934,1,1,0.6460749088542331,0.6460749088542331,A,A
936,936,1872,1872,-936,-936,1,1,0.17633828944335672,0.17633828944335672,A,A
939,939,1878,1878,-939,-939,1,1,0.9234862124539127,0.9234862124539127,A,A
941,941,1882,1882,-941,-941,1,1,0.18750253854544463,0.18750253854544463,A,A
942,942,1884,1884,-942,-942,1,1,0.9075368091832708,0.9075368091832708,A,A
943,943,1886,1886,-943,-943,1,1,0.07724269654975768,0.07724269654975768,A,A
944,944,1888,1888,-944,-944,1,1,0.6579076003951917,0.6579076003951917,A,A
947,947,1894,1894,-947,-947,1,1,0.8253233980600023,0.8253233980600023,A,A
948,948,1896,1896,-948,-948,1,1,0.9209449756540545,0.9209449756540545,A,A
949,949,1898,1898,-949,-949,1,1,0.7685370034164415,0.7685370034164415,A,A
950,950,1900,1900,-950,-950,1,1,0.4188209671849449,0.4188209671849449,A,A
953,953,1906,1906,-953,-953,1,1,0.6813091554313325,0.6813091554313325,A,A
955,955,1910,1910,-955,-955,1,1,0.5696806106584977,0.5696806106584977,A,A
957,957,1914,1914,-957,-957,1,1,0.7600911931745655,0.7600911931745655,A,A
958,958,1916,1916,-958,-958,1,1,0.9278676887418871,0.9278676887418871,A,A
959,959,1918,1918,-959,-959,1,1,0.6379842267785013,0.6379842267785013,A,A
960,960,1920,1920,-960,-960,1,1,0.4031852709633118,0.4031852709633118,A,A
961,961,1922,1922,-961,-961,1,1,0.4508822452285879,0.4508822452285879,A,A
962,962,1924,1924,-962,-962,1,1,0.20527888429595598,0.20527888429595598,A,A
964,964,1928,1928,-964,-964,1,1,0.9266215823620244,0.9266215823620244,A,A
965,965,1930,1930,-965,-965,1,1,0.17287457072635537,0.17287457072635537,A,A
966,966,1932,1932,-966,-966,1,1,0.09388339069781859,0.09388339069781859,A,A
967,967,1934,1934,-967,-967,1,1,0.4743419526662298,0.4743419526662298,A,A
970,970,1940,1940,-970,-970,1,1,0.7299503501190117,0.7299503501190117,A,A
971,971,1942,1942,-971,-971,1,1,0.6850262310843567,0.6850262310843567,A,A
975,975,1950,1950,-975,-975,1,1,0.6273946859595864,0.6273946859595864,A,A
976,976,1952,1952,-976,-976,1,1,0.42500712653073713,0.42500712653073713,A,A
977,977,1954,1954,-977,-977,1,1,0.8409807085943791,0.8409807085943791,A,A
978,978,1956,1956,-978,-978,1,1,0.4756718713489857,0.4756718713489857,A,A
979,979,1958,1958,-979,-979,1,1,0.8090622932219735,0.8090622932219735,A,A
980,980,1960,1960,-980,-980,1,1,0.799755497825445,0.799755497825445,A,A
982,982,1964,1964,-982,-982,1,1,0.6720001840429707,0.6720001840429707,A,A
983,983,1966,1966,-983,-983,1,1,0.22989508008876158,0.22989508008876158,A,A
984,984,1968,1968,-984,-984,1,1,0.8843604366782604,0.8843604366782604,A,A
987,987,1974,1974,-987,-987,1,1,0.5904701565150182,0.5904701565150182,A,A
990,990,1980,1980,-990,-990,1,1,0.7570445523667825,0.7570445523667825,A,A
991,991,1982,1982,-991,-991,1,1,0.28210883218374005,0.28210883218374005,A,A
993,993,1986,1986,-993,-993,1,1,0.6741709176642192,0.6741709176642192,A,A
994,994,1988,1988,-994,-994,1,1,0.17062032821476902,0.17062032821476902,A,A
995,995,1990,1990,-995,-995,1,1,0.6414368954907091,0.6414368954907091,A,A
996,996,1992,1992,-996,-996,1,1,0.09480171303808205,0.09480171303808205,A,A
998,998,1996,1996,-998,-998,1,1,0.07027358849992027,0.07027358849992027,A,A
999,999,1998,1998,-999,-999,1,1,0.5710881530684861,0.5710881530684861,A,A
1000,1000,2000,2000,-1000,-1000,1,1,0.7049749138306657,0.7049749138306657,A,A
1001,1001,2002,2002,-1001,-1001,1,1,0.03405608840592156,0.03405608840592156,A,A
1002,1002,2004,2004,-1002,-1002,1,1,0.2716661598446465,0.2716661598446465,A,A
1005,1005,2010,2010,-1005,-1005,1,1,0.6154018168806065,0.6154018168806065,A,A
1006,1006,2012,2012,-1006,-1006,1,1,0.695625033635517,0.695625033635517,A,A
1008,1008,2016,2016,-1008,-1008,1,1,0.3445030733457989,0.3445030733457989,A,A
1010,1010,2020,2020,-1010,-1010,1,1,0.046875770859217236,0.046875770859217236,A,A
1012,1012,2024,2024,-1012,-1012,1,1,0.2637748151049719,0.2637748151049719,A,A
1014,1014,2028,2028,-1014,-1014,1,1,0.981914812064275,0.981914812064275,A,A
1015,1015,2030,2030,-1015,-1015,1,1,0.5890114928087481,0.5890114928087481,A,A
1019,1019,2038,2038,-1019,-1019,1,1,0.9433046642510536,0.9433046642510536,A,A
1020,1020,2040,2040,-1020,-1020,1,1,0.8880368927795123,0.8880368927795123,A,A
1021,1021,2042,2042,-1021,-1021,1,1,0.0758267326169384,0.0758267326169384,A,A
1022,1022,2044,2044,-1022,-1022,1,1,0.7119779209676996,0.7119779209676996,A,A
1026,1026,2052,2052,-1026,-1026,1,1,0.868938538298419,0.868938538298419,A,A
1027,1027,2054,2054,-1027,-1027,1,1,0.9485141705083239,0.9485141705083239,A,A
1029,1029,2058,2058,-1029,-1029,1,1,0.1677769468754392,0.1677769468754392,A,A
1031,1031,2062,2062,-1031,-1031,1,1,0.5611059059977446,0.5611059059977446,A,A
1032,1032,2064,2064,-1032,-1032,1,1,0.48490027553927073,0.48490027553927073,A,A
1033,1033,2066,2066,-1033,-1033,1,1,0.584373185583177,0.584373185583177,A,A
1034,1034,2068,2068,-1034,-1034,1,1,0.436546691785212,0.436546691785212,A,A
1036,1036,2072,2072,-1036,-1036,1,1,0.71852088298703,0.71852088298703,A,A
1037,1037,2074,2074,-1037,-1037,1,1,0.16648525595636765,0.16648525595636765,A,A
1038,1038,2076,2076,-1038,-1038,1,1,0.7372770640706066,0.7372770640706066,A,A
1039,1039,2078,2078,-1039,-1039,1,1,0.19611084204593454,0.19611084204593454,A,A
1040,1040,2080,2080,-1040,-1040,1,1,0.8551296719631223,0.8551296719631223,A,A
1041,1041,2082,2082,-1041,-1041,1,1,0.311360645208408,0.311360645208408,A,A
1042,1042,2084,2084,-1042,-1042,1,1,0.47929961935269416,0.47929961935269416,A,A
1043,1043,2086,2086,-1043,-1043,1,1,0.32221648509167156,0.32221648509167156,A,A
1047,1047,2094,2094,-1047,-1047,1,1,0.9730916504268119,0.9730916504268119,A,A
1048,1048,2096,2096,-1048,-1048,1,1,0.3014432153544513,0.3014432153544513,A,A
1050,1050,2100,2100,-1050,-1050,1,1,0.8353211407683074,0.8353211407683074,A,A
1051,1051,2102,2102,-1051,-1051,1,1,0.5768450217113482,0.5768450217113482,A,A
1052,1052,2104,2104,-1052,-1052,1,1,0.6295600979288576,0.6295600979288576,A,A
1053,1053,2106,2106,-1053,-1053,1,1,0.9580651538153842,0.9580651538153842,A,A
1054,1054,2108,2108,-1054,-1054,1,1,0.5935942362639002,0.5935942362639002,A,A
1055,1055,2110,2110,-1055,-1055,1,1,0.7311577182832928,0.7311577182832928,A,A
1057,1057,2114,2114,-1057,-1057,1,1,0.0319325208488046,0.0319325208488046,A,A
1059,1059,2118,2118,-1059,-1059,1,1,0.2367654600974396,0.2367654600974396,A,A
1062,1062,2124,2124,-1062,-1062,1,1,0.9997738499852753,0.9997738499852753,A,A
1063,1063,2126,2126,-1063,-1063,1,1,0.696093861607568,0.696093861607568,A,A
1065,1065,2130,2130,-1065,-1065,1,1,0.03727784873448203,0.03727784873448203,A,A
1066,1066,2132,2132,-1066,-1066,1,1,0.049198554514203074,0.049198554514203074,A,A
1069,1069,2138,2138,-1069,-1069,1,1,0.9094208098749995,0.9094208098749995,A,A
1071,1071,2142,2142,-1071,-1071,1,1,0.9126831372181963,0.9126831372181963,A,A
1072,1072,2144,2144,-1072,-1072,1,1,0.264122486850063,0.264122486850063,A,A
1074,1074,2148,2148,-1074,-1074,1,1,0.3960936720966439,0.3960936720966439,A,A
1075,1075,2150,2150,-1075,-1075,1,1,0.7232246234569542,0.7232246234569542,A,A
1076,1076,2152,2152,-1076,-1076,1,1,0.8115790630214667,0.8115790630214667,A,A
1077,1077,2154,2154,-1077,-1077,1,1,0.8554467728263503,0.8554467728263503,A,A
1078,1078,2156,2156,-1078,-1078,1,1,0.4025385451923783,0.4025385451923783,A,A
1079,1079,2158,2158,-1079,-1079,1,1,0.44134307935918526,0.44134307935918526,A,A
1080,1080,2160,2160,-1080,-1080,1,1,0.18889091745204445,0.18889091745204445,A,A
1082,1082,2164,2164,-1082,-1082,1,1,0.7766329975547329,0.7766329975547329,A,A
1085,1085,2170,2170,-1085,-1085,1,1,0.9683913970429944,0.9683913970429944,A,A
1087,1087,2174,2174,-1087,-1087,1,1,0.7864246550417784,0.7864246550417784,A,A
1089,1089,2178,2178,-1089,-1089,1,1,0.42122695099427576,0.42122695099427576,A,A
1091,1091,2182,2182,-1091,-1091,1,1,0.655609612613135,0.655609612613135,A,A
1093,1093,2186,2186,-1093,-1093,1,1,0.9911064384616833,0.9911064384616833,A,A
1094,1094,2188,2188,-1094,-1094,1,1,0.1677195159140319,0.1677195159140319,A,A
1096,1096,2192,2192,-1096,-1096,1,1,0.29083510506457355,0.29083510506457355,A,A
1097,1097,2194,2194,-1097,-1097,1,1,0.6500350871305656,0.6500350871305656,A,A
1098,1098,2196,2196,-1098,-1098,1,1,0.33716539724603833,0.33716539724603833,A,A
1099,1099,2198,2198,-1099,-1099,1,1,0.5364383085333974,0.5364383085333974,A,A
1100,1100,2200,2200,-1100,-1100,1,1,0.8552904093846244,0.8552904093846244,A,A
1101,1101,2202,2202,-1101,-1101,1,1,0.09874508862977693,0.09874508862977693,A,A
1102,1102,2204,2204,-1102,-1102,1,1,0.3227551969263356,0.3227551969263356,A,A
1103,1103,2206,2206,-1103,-1103,1,1,0.4599532997325291,0.4599532997325291,A,A
1104,1104,2208,2208,-1104,-1104,1,1,0.32989771119664324,0.32989771119664324,A,A
1105,1105,2210,2210,-1105,-1105,1,1,0.9881818653395145,0.9881818653395145,A,A
1107,1107,2214,2214,-1107,-1107,1,1,0.11498083548205174,0.11498083548205174,A,A
1111,1111,2222,2222,-1111,-1111,1,1,0.8466269050496068,0.8466269050496068,A,A
1112,1112,2224,2224,-1112,-1112,1,1,0.5697811227982145,0.5697811227982145,A,A
1113,1113,2226,2226,-1113,-1113,1,1,0.40626994360577684,0.40626994360577684,A,A
1115,1115,2230,2230,-1115,-1115,1,1,0.2610981487436774,0.2610981487436774,A,A
1117,1117,2234,2234,-1117,-1117,1,1,0.7663407928553666,0.7663407928553666,A,A
1120,1120,2240,2240,-1120,-1120,1,1,0.2985924483728245,0.2985924483728245,A,A
1124,1124,2248,2248,-1124,-1124,1,1,0.8651455001416899,0.8651455001416899,A,A
1125,1125,2250,2250,-1125,-1125,1,1,0.9006385239284218,0.9006385239284218,A,A
1126,1126,2252,2252,-1126,-1126,1,1,0.18569303247849978,0.18569303247849978,A,A
1127,1127,2254,2254,-1127,-1127,1,1,0.6234380078171851,0.6234380078171851,A,A
1130,1130,2260,2260,-1130,-1130,1,1,0.5390486632467268,0.5390486632467268,A,A
1131,1131,2262,2262,-1131,-1131,1,1,0.8221819554834923,0.8221819554834923,A,A
1133,1133,2266,2266,-1133,-1133,1,1,0.2993077894999715,0.2993077894999715,A,A
1135,1135,2270,2270,-1135,-1135,1,1,0.7664208558107244,0.7664208558107244,A,A
1137,1137,2274,2274,-1137,-1137,1,1,0.5814362105825086,0.5814362105825086,A,A
1138,1138,2276,2276,-1138,-1138,1,1,0.4764479909327666,0.4764479909327666,A,A
1139,1139,2278,2278,-1139,-1139,1,1,0.3341830516505284,0.3341830516505284,A,A
1140,1140,2280,2280,-1140,-1140,1,1,0.3498660860250269,0.3498660860250269,A,A
1141,1141,2282,2282,-1141,-1141,1,1,0.07254614841376805,0.07254614841376805,A,A
1142,1142,2284,2284,-1142,-1142,1,1,0.35591328214164564,0.35591328214164564,A,A
1144,1144,2288,2288,-1144,-1144,1,1,0.22219344682845366,0.22219344682845366,A,A
1146,1146,2292,2292,-1146,-1146,1,1,0.13593118926611913,0.13593118926611913,A,A
1148,1148,2296,2296,-1148,-1148,1,1,0.6867906516968062,0.6867906516968062,A,A
1149,1149,2298,2298,-1149,-1149,1,1,0.6195293433920187,0.6195293433920187,A,A
1150,1150,2300,2300,-1150,-1150,1,1,0.7000325221624818,0.7000325221624818,A,A
1151,1151,2302,2302,-1151,-1151,1,1,0.8355517395949804,0.8355517395949804,A,A
1152,1152,2304,2304,-1152,-1152,1,1,0.2524109563818322,0.2524109563818322,A,A
1153,1153,2306,2306,-1153,-1153,1,1,0.5112157086636929,0.5112157086636929,A,A
1154,1154,2308,2308,-1154,-1154,1,1,0.21632952323086307,0.21632952323086307,A,A
1155,1155,2310,2310,-1155,-1155,1,1,0.7227801064664915,0.7227801064664915,A,A
1157,1157,2314,2314,-1157,-1157,1,1,0.7475144300427158,0.7475144300427158,A,A
1158,1158,2316,2316,-1158,-1158,1,1,0.8887686724927855,0.8887686724927855,A,A
1161,1161,2322,2322,-1161,-1161,1,1,0.12569627806229333,0.12569627806229333,A,A
1162,1162,2324,2324,-1162,-1162,1,1,0.07141888116851924,0.07141888116851924,A,A
1163,1163,2326,2326,-1163,-1163,1,1,0.3900034621778037,0.3900034621778037,A,A
1164,1164,2328,2328,-1164,-1164,1,1,0.6929273869603148,0.6929273869603148,A,A
1166,1166,2332,2332,-1166,-1166,1,1,0.8253507049923408,0.8253507049923408,A,A
1167,1167,2334,2334,-1167,-1167,1,1,0.13162747483314563,0.13162747483314563,A,A
1168,1168,2336,2336,-1168,-1168,1,1,0.40282081563981464,0.40282081563981464,A,A
1169,1169,2338,2338,-1169,-1169,1,1,0.840519217856567,0.840519217856567,A,A
1172,1172,2344,2344,-1172,-1172,1,1,0.9099482488617106,0.9099482488617106,A,A
1173,1173,2346,2346,-1173,-1173,1,1,0.7455268564809624,0.7455268564809624,A,A
1174,1174,2348,2348,-1174,-1174,1,1,0.3382203778643599,0.3382203778643599,A,A
1175,1175,2350,2350,-1175,-1175,1,1,0.19498188047455267,0.19498188047455267,A,A
1176,1176,2352,2352,-1176,-1176,1,1,0.5371325768379429,0.5371325768379429,A,A
1177,1177,2354,2354,-1177,-1177,1,1,0.8091066106927195,0.8091066106927195,A,A
1178,1178,2356,2356,-1178,-1178,1,1,0.642183977574091,0.642183977574091,A,A
1179,1179,2358,2358,-1179,-1179,1,1,0.7047425410126452,0.7047425410126452,A,A
1181,1181,2362,2362,-1181,-1181,1,1,0.9873998646795341,0.9873998646795341,A,A
1184,1184,2368,2368,-1184,-1184,1,1,0.6863495830509729,0.6863495830509729,A,A
1185,1185,2370,2370,-1185,-1185,1,1,0.4118539697500192,0.4118539697500192,A,A
1186,1186,2372,2372,-1186,-1186,1,1,0.9543692876451196,0.9543692876451196,A,A
1187,1187,2374,2374,-1187,-1187,1,1,0.9944161704799209,0.9944161704799209,A,A
1188,1188,2376,2376,-1188,-1188,1,1,0.9654996147912543,0.9654996147912543,A,A
1192,1192,2384,2384,-1192,-1192,1,1,0.47622181539150077,0.47622181539150077,A,A
1194,1194,2388,2388,-1194,-1194,1,1,0.35597148480023433,0.35597148480023433,A,A
1198,1198,2396,2396,-1198,-1198,1,1,0.8145790430923038,0.8145790430923038,A,A
1200,1200,2400,2400,-1200,-1200,1,1,0.3571733233213046,0.3571733233213046,A,A
1201,1201,2402,2402,-1201,-1201,1,1,0.6974093729300403,0.6974093729300403,A,A
1204,1204,2408,2408,-1204,-1204,1,1,0.42259010468368774,0.42259010468368774,A,A
1206,1206,2412,2412,-1206,-1206,1,1,0.8754259337604685,0.8754259337604685,A,A
1207,1207,2414,2414,-1207,-1207,1,1,0.49797834322573775,0.49797834322573775,A,A
1208,1208,2416,2416,-1208,-1208,1,1,0.720018756244888,0.720018756244888,A,A
1209,1209,2418,2418,-1209,-1209,1,1,0.4444181114253274,0.4444181114253274,A,A
1210,1210,2420,2420,-1210,-1210,1,1,0.7720703115807679,0.7720703115807679,A,A
1211,1211,2422,2422,-1211,-1211,1,1,0.9531148649290584,0.9531148649290584,A,A
1213,1213,2426,2426,-1213,-1213,1,1,0.5456116942861491,0.5456116942861491,A,A
1214,1214,2428,2428,-1214,-1214,1,1,0.9634421784369672,0.9634421784369672,A,A
1215,1215,2430,2430,-1215,-1215,1,1,0.6073465777952265,0.6073465777952265,A,A
1216,1216,2432,2432,-1216,-1216,1,1,0.6578673103465501,0.6578673103465501,A,A
1217,1217,2434,2434,-1217,-1217,1,1,0.4411474968862169,0.4411474968862169,A,A
1218,1218,2436,2436,-1218,-1218,1,1,0.8461813346621104,0.8461813346621104,A,A
1219,1219,2438,2438,-1219,-1219,1,1,0.3110392423065338,0.3110392423065338,A,A
1220,1220,2440,2440,-1220,-1220,1,1,0.1802441461424943,0.1802441461424943,A,A
1223,1223,2446,2446,-1223,-1223,1,1,0.34658671876040614,0.34658671876040614,A,A
1227,1227,2454,2454,-1227,-1227,1,1,0.48769600065091634,0.48769600065091634,A,A
1228,1228,2456,2456,-1228,-1228,1,1,0.4033375927932683,0.4033375927932683,A,A
1230,1230,2460,2460,-1230,-1230,1,1,0.012970296728900488,0.012970296728900488,A,A
1231,1231,2462,2462,-1231,-1231,1,1,0.5014978374436261,0.5014978374436261,A,A
1232,1232,2464,2464,-1232,-1232,1,1,0.6464815455076102,0.6464815455076102,A,A
1233,1233,2466,2466,-1233,-1233,1,1,0.8803652616577605,0.8803652616577605,A,A
1234,1234,2468,2468,-1234,-1234,1,1,0.8365240975221936,0.8365240975221936,A,A
1235,1235,2470,2470,-1235,-1235,1,1,0.47806538308995605,0.47806538308995605,A,A
1236,1236,2472,2472,-1236,-1236,1,1,0.2072648295810744,0.2072648295810744,A,A
1237,1237,2474,2474,-1237,-1237,1,1,0.3709711412947915,0.3709711412947915,A,A
1239,1239,2478,2478,-1239,-1239,1,1,0.4414853025055069,0.4414853025055069,A,A
1240,1240,2480,2480,-1240,-1240,1,1,0.03964123380694018,0.03964123380694018,A,A
1241,1241,2482,2482,-1241,-1241,1,1,0.6179768703983762,0.6179768703983762,A,A
1242,1242,2484,2484,-1242,-1242,1,1,0.5387019079130944,0.5387019079130944,A,A
1243,1243,2486,2486,-1243,-1243,1,1,0.08941155588659766,0.08941155588659766,A,A
1244,1244,2488,2488,-1244,-1244,1,1,0.7190178024531672,0.7190178024531672,A,A
1247,1247,2494,2494,-1247,-1247,1,1,0.7238572382428643,0.7238572382428643,A,A
1249,1249,2498,2498,-1249,-1249,1,1,0.9908880098561217,0.9908880098561217,A,A
1250,1250,2500,2500,-1250,-1250,1,1,0.47058605275836196,0.47058605275836196,A,A
1251,1251,2502,2502,-1251,-1251,1,1,0.10261522922267918,0.10261522922267918,A,A
1255,1255,2510,2510,-1255,-1255,1,1,0.6191216270714383,0.6191216270714383,A,A
1256,1256,2512,2512,-1256,-1256,1,1,0.2644021121610002,0.2644021121610002,A,A
1257,1257,2514,2514,-1257,-1257,1,1,0.9619573117375642,0.9619573117375642,A,A
1258,1258,2516,2516,-1258,-1258,1,1,0.6745036759902651,0.6745036759902651,A,A
1259,1259,2518,2518,-1259,-1259,1,1,0.5058228973567648,0.5058228973567648,A,A
1261,1261,2522,2522,-1261,-1261,1,1,0.5502227258620026,0.5502227258620026,A,A
1262,1262,2524,2524,-1262,-1262,1,1,0.3208062802285193,0.3208062802285193,A,A
1265,1265,2530,2530,-1265,-1265,1,1,0.3717204112109156,0.3717204112109156,A,A
1268,1268,2536,2536,-1268,-1268,1,1,0.4397621161542137,0.4397621161542137,A,A
1269,1269,2538,2538,-1269,-1269,1,1,0.5631361454116292,0.5631361454116292,A,A
1270,1270,2540,2540,-1270,-1270,1,1,0.05197202665934175,0.05197202665934175,A,A
1271,1271,2542,2542,-1271,-1271,1,1,0.3893553589781181,0.3893553589781181,A,A
1272,1272,2544,2544,-1272,-1272,1,1,0.8163009839760843,0.8163009839760843,A,A
1274,1274,2548,2548,-1274,-1274,1,1,0.502652451209294,0.502652451209294,A,A
1276,1276,2552,2552,-1276,-1276,1,1,0.8146110753025383,0.8146110753025383,A,A
1278,1278,2556,2556,-1278,-1278,1,1,0.7578975609639601,0.7578975609639601,A,A
1280,1280,2560,2560,-1280,-1280,1,1,0.7828224725749049,0.7828224725749049,A,A
1283,1283,2566,2566,-1283,-1283,1,1,0.3612276695069293,0.3612276695069293,A,A
1285,1285,2570,2570,-1285,-1285,1,1,0.05292145430013229,0.05292145430013229,A,A
1289,1289,2578,2578,-1289,-1289,1,1,0.7364514835916116,0.7364514835916116,A,A
1291,1291,2582,2582,-1291,-1291,1,1,0.281968713386368,0.281968713386368,A,A
1292,1292,2584,2584,-1292,-1292,1,1,0.1765398395030272,0.1765398395030272,A,A
1293,1293,2586,2586,-1293,-1293,1,1,0.726586938774893,0.726586938774893,A,A
1294,1294,2588,2588,-1294,-1294,1,1,0.996154763454841,0.996154763454841,A,A
1295,1295,2590,2590,-1295,-1295,1,1,0.7976761351827792,0.7976761351827792,A,A
1296,1296,2592,2592,-1296,-1296,1,1,0.029376907019225795,0.029376907019225795,A,A
1297,1297,2594,2594,-1297,-1297,1,1,0.9352710363145048,0.9352710363145048,A,A
1298,1298,2596,2596,-1298,-1298,1,1,0.05063324795028601,0.05063324795028601,A,A
1299,1299,2598,2598,-1299,-1299,1,1,0.7552090588443199,0.7552090588443199,A,A
1300,1300,2600,2600,-1300,-1300,1,1,0.05039364676282776,0.05039364676282776,A,A
1301,1301,2602,2602,-1301,-1301,1,1,0.004081535751007004,0.004081535751007004,A,A
1303,1303,2606,2606,-1303,-1303,1,1,0.8562460636367394,0.8562460636367394,A,A
1304,1304,2608,2608,-1304,-1304,1,1,0.13028249100989986,0.13028249100989986,A,A
1305,1305,2610,2610,-1305,-1305,1,1,0.6929284603014307,0.6929284603014307,A,A
1306,1306,2612,2612,-1306,-1306,1,1,0.3972734514141364,0.3972734514141364,A,A
1307,1307,2614,2614,-1307,-1307,1,1,0.5762674863753269,0.5762674863753269,A,A
1309,1309,2618,2618,-1309,-1309,1,1,0.1021873694511286,0.1021873694511286,A,A
1310,1310,2620,2620,-1310,-1310,1,1,0.5098333177227071,0.5098333177227071,A,A
1311,1311,2622,2622,-1311,-1311,1,1,0.10234129031978356,0.10234129031978356,A,A
1312,1312,2624,2624,-1312,-1312,1,1,0.40627821899222694,0.40627821899222694,A,A
1314,1314,2628,2628,-1314,-1314,1,1,0.6383300743668454,0.6383300743668454,A,A
1315,1315,2630,2630,-1315,-1315,1,1,0.7961280034045856,0.7961280034045856,A,A
1316,1316,2632,2632,-1316,-1316,1,1,0.5645191848872378,0.5645191848872378,A,A
1317,1317,2634,2634,-1317,-1317,1,1,0.19765992358924367,0.19765992358924367,A,A
1318,1318,2636,2636,-1318,-1318,1,1,0.9920979427784621,0.9920979427784621,A,A
1319,1319,2638,2638,-1319,-1319,1,1,0.32114323106457965,0.32114323106457965,A,A
1321,1321,2642,2642,-1321,-1321,1,1,0.5934433770717397,0.5934433770717397,A,A
1323,1323,2646,2646,-1323,-1323,1,1,0.6242014257947532,0.6242014257947532,A,A
1324,1324,2648,2648,-1324,-1324,1,1,0.9095481013229119,0.9095481013229119,A,A
1325,1325,2650,2650,-1325,-1325,1,1,0.15649203068923745,0.15649203068923745,A,A
1327,1327,2654,2654,-1327,-1327,1,1,0.4717033124040585,0.4717033124040585,A,A
1328,1328,2656,2656,-1328,-1328,1,1,0.7849133147223163,0.7849133147223163,A,A
1330,1330,2660,2660,-1330,-1330,1,1,0.31396978903920125,0.31396978903920125,A,A
1331,1331,2662,2662,-1331,-1331,1,1,0.9087489595961403,0.9087489595961403,A,A
1333,1333,2666,2666,-1333,-1333,1,1,0.13696004825630603,0.13696004825630603,A,A
1334,1334,2668,2668,-1334,-1334,1,1,0.7074270277171532,0.7074270277171532,A,A
1335,1335,2670,2670,-1335,-1335,1,1,0.27017730580325583,0.27017730580325583,A,A
1337,1337,2674,2674,-1337,-1337,1,1,0.9778653669813717,0.9778653669813717,A,A
1339,1339,2678,2678,-1339,-1339,1,1,0.09412769060917414,0.09412769060917414,A,A
1341,1341,2682,2682,-1341,-1341,1,1,0.08210034338349914,0.08210034338349914,A,A
1342,1342,2684,2684,-1342,-1342,1,1,0.5099952874619729,0.5099952874619729,A,A
1344,1344,2688,2688,-1344,-1344,1,1,0.5835203708896274,0.5835203708896274,A,A
1345,1345,2690,2690,-1345,-1345,1,1,0.13490429508526214,0.13490429508526214,A,A
1346,1346,2692,2692,-1346,-1346,1,1,0.6625358502788304,0.6625358502788304,A,A
1348,1348,2696,2696,-1348,-1348,1,1,0.7843152344543511,0.7843152344543511,A,A
1352,1352,2704,2704,-1352,-1352,1,1,0.363789630175113,0.363789630175113,A,A
1355,1355,2710,2710,-1355,-1355,1,1,0.8864175687297425,0.8864175687297425,A,A
1358,1358,2716,2716,-1358,-1358,1,1,0.22191691547183567,0.22191691547183567,A,A
1359,1359,2718,2718,-1359,-1359,1,1,0.9650607376539698,0.9650607376539698,A,A
1362,1362,2724,2724,-1362,-1362,1,1,0.8943209084359749,0.8943209084359749,A,A
1365,1365,2730,2730,-1365,-1365,1,1,0.9319890356727892,0.9319890356727892,A,A
1367,1367,2734,2734,-1367,-1367,1,1,0.7780517640440179,0.7780517640440179,A,A
1368,1368,2736,2736,-1368,-1368,1,1,0.861984116685601,0.861984116685601,A,A
1369,1369,2738,2738,-1369,-1369,1,1,0.7962537638544774,0.7962537638544774,A,A
1371,1371,2742,2742,-1371,-1371,1,1,0.1603827427768152,0.1603827427768152,A,A
1373,1373,2746,2746,-1373,-1373,1,1,0.7175373403472012,0.7175373403472012,A,A
1374,1374,2748,2748,-1374,-1374,1,1,0.10082630730091435,0.10082630730091435,A,A
1375,1375,2750,2750,-1375,-1375,1,1,0.753820210972802,0.753820210972802,A,A
1376,1376,2752,2752,-1376,-1376,1,1,0.7429178808297263,0.7429178808297263,A,A
1377,1377,2754,2754,-1377,-1377,1,1,0.891518097242774,0.891518097242774,A,A
1378,1378,2756,2756,-1378,-1378,1,1,0.43400300368836753,0.43400300368836753,A,A
1379,1379,2758,2758,-1379,-1379,1,1,0.7647165572980837,0.7647165572980837,A,A
1382,1382,2764,2764,-1382,-1382,1,1,0.7428502523135458,0.7428502523135458,A,A
1385,1385,2770,2770,-1385,-1385,1,1,0.6786234184866209,0.6786234184866209,A,A
1386,1386,2772,2772,-1386,-1386,1,1,0.4524690455633783,0.4524690455633783,A,A
1387,1387,2774,2774,-1387,-1387,1,1,0.9855135803465062,0.9855135803465062,A,A
1388,1388,2776,2776,-1388,-1388,1,1,0.6978487173330246,0.6978487173330246,A,A
1390,1390,2780,2780,-1390,-1390,1,1,0.6974548709848619,0.6974548709848619,A,A
1391,1391,2782,2782,-1391,-1391,1,1,0.9824905603979597,0.9824905603979597,A,A
1392,1392,2784,2784,-1392,-1392,1,1,0.6820574991613922,0.6820574991613922,A,A
1393,1393,2786,2786,-1393,-1393,1,1,0.34966362144250007,0.34966362144250007,A,A
1394,1394,2788,2788,-1394,-1394,1,1,0.16853544592294978,0.16853544592294978,A,A
1396,1396,2792,2792,-1396,-1396,1,1,0.014475565928902978,0.014475565928902978,A,A
1397,1397,2794,2794,-1397,-1397,1,1,0.21832648083463613,0.21832648083463613,A,A
1398,1398,2796,2796,-1398,-1398,1,1,0.8483643586502895,0.8483643586502895,A,A
1399,1399,2798,2798,-1399,-1399,1,1,0.07780685678771171,0.07780685678771171,A,A
1401,1401,2802,2802,-1401,-1401,1,1,0.590286046278535,0.590286046278535,A,A
1406,1406,2812,2812,-1406,-1406,1,1,0.9252363068042716,0.9252363068042716,A,A
1407,1407,2814,2814,-1407,-1407,1,1,0.6851448806223223,0.6851448806223223,A,A
1408,1408,2816,2816,-1408,-1408,1,1,0.38592450427086245,0.38592450427086245,A,A
1410,1410,2820,2820,-1410,-1410,1,1,0.24310629020651853,0.24310629020651853,A,A
1411,1411,2822,2822,-1411,-1411,1,1,0.5116107854212089,0.5116107854212089,A,A
1412,1412,2824,2824,-1412,-1412,1,1,0.820851302225762,0.820851302225762,A,A
1413,1413,2826,2826,-1413,-1413,1,1,0.345493433827869,0.345493433827869,A,A
1414,1414,2828,2828,-1414,-1414,1,1,0.8308968019679206,0.8308968019679206,A,A
1415,1415,2830,2830,-1415,-1415,1,1,0.21392715797983686,0.21392715797983686,A,A
1416,1416,2832,2832,-1416,-1416,1,1,0.16850203970270217,0.16850203970270217,A,A
1418,1418,2836,2836,-1418,-1418,1,1,0.1949109018787385,0.1949109018787385,A,A
1419,1419,2838,2838,-1419,-1419,1,1,0.10658421841879961,0.10658421841879961,A,A
1420,1420,2840,2840,-1420,-1420,1,1,0.07425050066526917,0.07425050066526917,A,A
1421,1421,2842,2842,-1421,-1421,1,1,0.539653715732425,0.539653715732425,A,A
1426,1426,2852,2852,-1426,-1426,1,1,0.19936369524324382,0.19936369524324382,A,A
1427,1427,2854,2854,-1427,-1427,1,1,0.365998311714716,0.365998311714716,A,A
1428,1428,2856,2856,-1428,-1428,1,1,0.7274727522221035,0.7274727522221035,A,A
1432,1432,2864,2864,-1432,-1432,1,1,0.8583847627880595,0.8583847627880595,A,A
1433,1433,2866,2866,-1433,-1433,1,1,0.38840509188862704,0.38840509188862704,A,A
1434,1434,2868,2868,-1434,-1434,1,1,0.6610080611190475,0.6610080611190475,A,A
1435,1435,2870,2870,-1435,-1435,1,1,0.9236226196072415,0.9236226196072415,A,A
1436,1436,2872,2872,-1436,-1436,1,1,0.5566775837834644,0.5566775837834644,A,A
1438,1438,2876,2876,-1438,-1438,1,1,0.2969033670541845,0.2969033670541845,A,A
1439,1439,2878,2878,-1439,-1439,1,1,0.5919645586396683,0.5919645586396683,A,A
1440,1440,2880,2880,-1440,-1440,1,1,0.23305207746531797,0.23305207746531797,A,A
1442,1442,2884,2884,-1442,-1442,1,1,0.12867107329661154,0.12867107329661154,A,A
1443,1443,2886,2886,-1443,-1443,1,1,0.9859574129649241,0.9859574129649241,A,A
1445,1445,2890,2890,-1445,-1445,1,1,0.8819064278022691,0.8819064278022691,A,A
1446,1446,2892,2892,-1446,-1446,1,1,0.7206120312767366,0.7206120312767366,A,A
1447,1447,2894,2894,-1447,-1447,1,1,0.6472194362823981,0.6472194362823981,A,A
1448,1448,2896,2896,-1448,-1448,1,1,0.31520170655705915,0.31520170655705915,A,A
1449,1449,2898,2898,-1449,-1449,1,1,0.7976432830725484,0.7976432830725484,A,A
1451,1451,2902,2902,-1451,-1451,1,1,0.09525953522520703,0.09525953522520703,A,A
1453,1453,2906,2906,-1453,-1453,1,1,0.4158325560291486,0.4158325560291486,A,A
1454,1454,2908,2908,-1454,-1454,1,1,0.2888409822443686,0.2888409822443686,A,A
1455,1455,2910,2910,-1455,-1455,1,1,0.7877226104616831,0.7877226104616831,A,A
1456,1456,2912,2912,-1456,-1456,1,1,0.25102486582356565,0.25102486582356565,A,A
1460,1460,2920,2920,-1460,-1460,1,1,0.006049387025522379,0.006049387025522379,A,A
1464,1464,2928,2928,-1464,-1464,1,1,0.045454354192713264,0.045454354192713264,A,A
1465,1465,2930,2930,-1465,-1465,1,1,0.43371471474505996,0.43371471474505996,A,A
1466,1466,2932,2932,-1466,-1466,1,1,0.6247474604190392,0.6247474604190392,A,A
1467,1467,2934,2934,-1467,-1467,1,1,0.862866443050937,0.862866443050937,A,A
1468,1468,2936,2936,-1468,-1468,1,1,0.9032323526985092,0.9032323526985092,A,A
1470,1470,2940,2940,-1470,-1470,1,1,0.5751378796324902,0.5751378796324902,A,A
1471,1471,2942,2942,-1471,-1471,1,1,0.06393853573037012,0.06393853573037012,A,A
1472,1472,2944,2944,-1472,-1472,1,1,0.6191402310223226,0.6191402310223226,A,A
1473,1473,2946,2946,-1473,-1473,1,1,0.08435862228729019,0.08435862228729019,A,A
1474,1474,2948,2948,-1474,-1474,1,1,0.5081304070198216,0.5081304070198216,A,A
1477,1477,2954,2954,-1477,-1477,1,1,0.040634371874125996,0.040634371874125996,A,A
1478,1478,2956,2956,-1478,-1478,1,1,0.658350314527624,0.658350314527624,A,A
1479,1479,2958,2958,-1479,-1479,1,1,0.03655199601640857,0.03655199601640857,A,A
1481,1481,2962,2962,-1481,-1481,1,1,0.22164857725852505,0.22164857725852505,A,A
1482,1482,2964,2964,-1482,-1482,1,1,0.8215070984321191,0.8215070984321191,A,A
1483,1483,2966,2966,-1483,-1483,1,1,0.929553269477081,0.929553269477081,A,A
1484,1484,2968,2968,-1484,-1484,1,1,0.6168847507110109,0.6168847507110109,A,A
1485,1485,2970,2970,-1485,-1485,1,1,0.818911884235956,0.818911884235956,A,A
1486,1486,2972,2972,-1486,-1486,1,1,0.23119354426548033,0.23119354426548033,A,A
1488,1488,2976,2976,-1488,-1488,1,1,0.911138148279308,0.911138148279308,A,A
1489,1489,2978,2978,-1489,-1489,1,1,0.04323084304076752,0.04323084304076752,A,A
1492,1492,2984,2984,-1492,-1492,1,1,0.1302384580363829,0.1302384580363829,A,A
1493,1493,2986,2986,-1493,-1493,1,1,0.8227425755255332,0.8227425755255332,A,A
1494,1494,2988,2988,-1494,-1494,1,1,0.016435512399344487,0.016435512399344487,A,A
1495,1495,2990,2990,-1495,-1495,1,1,0.6127454377773192,0.6127454377773192,A,A
1496,1496,2992,2992,-1496,-1496,1,1,0.3596965131442883,0.3596965131442883,A,A
1499,1499,2998,2998,-1499,-1499,1,1,0.8175113363963183,0.8175113363963183,A,A
1501,1501,3002,3002,-1501,-1501,1,1,0.5701264538544943,0.5701264538544943,A,A
1502,1502,3004,3004,-1502,-1502,1,1,0.7634683751134018,0.7634683751134018,A,A
1503,1503,3006,3006,-1503,-1503,1,1,0.2651158931267399,0.2651158931267399,A,A
1504,1504,3008,3008,-1504,-1504,1,1,0.23299334386891002,0.23299334386891002,A,A
1505,1505,3010,3010,-1505,-1505,1,1,0.6629603097711804,0.6629603097711804,A,A
1506,1506,3012,3012,-1506,-1506,1,1,0.7889357095947076,0.7889357095947076,A,A
1507,1507,3014,3014,-1507,-1507,1,1,0.44794184613010757,0.44794184613010757,A,A
1509,1509,3018,3018,-1509,-1509,1,1,0.5051337171183119,0.5051337171183119,A,A
1510,1510,3020,3020,-1510,-1510,1,1,0.269568735862321,0.269568735862321,A,A
1512,1512,3024,3024,-1512,-1512,1,1,0.9422159902810634,0.9422159902810634,A,A
1513,1513,3026,3026,-1513,-1513,1,1,0.9558119137143745,0.9558119137143745,A,A
1515,1515,3030,3030,-1515,-1515,1,1,0.02886087752948918,0.02886087752948918,A,A
1516,1516,3032,3032,-1516,-1516,1,1,0.15146224417076282,0.15146224417076282,A,A
1517,1517,3034,3034,-1517,-1517,1,1,0.11500830231912751,0.11500830231912751,A,A
1519,1519,3038,3038,-1519,-1519,1,1,0.9437697893148155,0.9437697893148155,A,A
1520,1520,3040,3040,-1520,-1520,1,1,0.6946913170172422,0.6946913170172422,A,A
1521,1521,3042,3042,-1521,-1521,1,1,0.01753049007121954,0.01753049007121954,A,A
1523,1523,3046,3046,-1523,-1523,1,1,0.09136924049340622,0.09136924049340622,A,A
1524,1524,3048,3048,-1524,-1524,1,1,0.658549023647336,0.658549023647336,A,A
1525,1525,3050,3050,-1525,-1525,1,1,0.9002080534167426,0.9002080534167426,A,A
1527,1527,3054,3054,-1527,-1527,1,1,0.40689382531295104,0.40689382531295104,A,A
1528,1528,3056,3056,-1528,-1528,1,1,0.8376643302770715,0.8376643302770715,A,A
1530,1530,3060,3060,-1530,-1530,1,1,0.5411474341753275,0.5411474341753275,A,A
1532,1532,3064,3064,-1532,-1532,1,1,0.18630840038352603,0.18630840038352603,A,A
1533,1533,3066,3066,-1533,-1533,1,1,0.9368464623073636,0.9368464623073636,A,A
1534,1534,3068,3068,-1534,-1534,1,1,0.6006230805240482,0.6006230805240482,A,A
1535,1535,3070,3070,-1535,-1535,1,1,0.20564850525109046,0.20564850525109046,A,A
1536,1536,3072,3072,-1536,-1536,1,1,0.8291323549682685,0.8291323549682685,A,A
1537,1537,3074,3074,-1537,-1537,1,1,0.7462273759451926,0.7462273759451926,A,A
1538,1538,3076,3076,-1538,-1538,1,1,0.8469380653393206,0.8469380653393206,A,A
1539,1539,3078,3078,-1539,-1539,1,1,0.7397309661591601,0.7397309661591601,A,A
1540,1540,3080,3080,-1540,-1540,1,1,0.18711474348596024,0.18711474348596024,A,A
1541,1541,3082,3082,-1541,-1541,1,1,0.7113593007639022,0.7113593007639022,A,A
1542,1542,3084,3084,-1542,-1542,1,1,0.16287597382837216,0.16287597382837216,A,A
1543,1543,3086,3086,-1543,-1543,1,1,0.7678079319969129,0.7678079319969129,A,A
1546,1546,3092,3092,-1546,-1546,1,1,0.24538990313153397,0.24538990313153397,A,A
1547,1547,3094,3094,-1547,-1547,1,1,0.13648976896454013,0.13648976896454013,A,A
1548,1548,3096,3096,-1548,-1548,1,1,0.13892119849027962,0.13892119849027962,A,A
1550,1550,3100,3100,-1550,-1550,1,1,0.39047602498219525,0.39047602498219525,A,A
1554,1554,3108,3108,-1554,-1554,1,1,0.0068165861052610355,0.0068165861052610355,A,A
1555,1555,3110,3110,-1555,-1555,1,1,0.6170296960614685,0.6170296960614685,A,A
1556,1556,3112,3112,-1556,-1556,1,1,0.7025012793952322,0.7025012793952322,A,A
1557,1557,3114,3114,-1557,-1557,1,1,0.4766516136979817,0.4766516136979817,A,A
1559,1559,3118,3118,-1559,-1559,1,1,0.743387780169197,0.743387780169197,A,A
1560,1560,3120,3120,-1560,-1560,1,1,0.42564800076170495,0.42564800076170495,A,A
1562,1562,3124,3124,-1562,-1562,1,1,0.8102649029356878,0.8102649029356878,A,A
1563,1563,3126,3126,-1563,-1563,1,1,0.9419280832905773,0.9419280832905773,A,A
1565,1565,3130,3130,-1565,-1565,1,1,0.68516020084279,0.68516020084279,A,A
1566,1566,3132,3132,-1566,-1566,1,1,0.22011588726363063,0.22011588726363063,A,A
1569,1569,3138,3138,-1569,-1569,1,1,0.412544875812498,0.412544875812498,A,A
1570,1570,3140,3140,-1570,-1570,1,1,0.14297295913522579,0.14297295913522579,A,A
1571,1571,3142,3142,-1571,-1571,1,1,0.42236638040518626,0.42236638040518626,A,A
1572,1572,3144,3144,-1572,-1572,1,1,0.06995983032643094,0.06995983032643094,A,A
1573,1573,3146,3146,-1573,-1573,1,1,0.6907581452452002,0.6907581452452002,A,A
1576,1576,3152,3152,-1576,-1576,1,1,0.862700667192395,0.862700667192395,A,A
1577,1577,3154,3154,-1577,-1577,1,1,0.8596938332419019,0.8596938332419019,A,A
1578,1578,3156,3156,-1578,-1578,1,1,0.7671563194167659,0.7671563194167659,A,A
1583,1583,3166,3166,-1583,-1583,1,1,0.004269792811678275,0.004269792811678275,A,A
1584,1584,3168,3168,-1584,-1584,1,1,0.5023364169733779,0.5023364169733779,A,A
1585,1585,3170,3170,-1585,-1585,1,1,0.1697247575049453,0.1697247575049453,A,A
1588,1588,3176,3176,-1588,-1588,1,1,0.4002924471153112,0.4002924471153112,A,A
1589,1589,3178,3178,-1589,-1589,1,1,0.056726658654837836,0.056726658654837836,A,A
1590,1590,3180,3180,-1590,-1590,1,1,0.42147049836834494,0.42147049836834494,A,A
1591,1591,3182,3182,-1591,-1591,1,1,0.4221997830346077,0.4221997830346077,A,A
1593,1593,3186,3186,-1593,-1593,1,1,0.08348949872925837,0.08348949872925837,A,A
1594,1594,3188,3188,-1594,-1594,1,1,0.14679687609054792,0.14679687609054792,A,A
1595,1595,3190,3190,-1595,-1595,1,1,0.0935505381114714,0.0935505381114714,A,A
1596,1596,3192,3192,-1596,-1596,1,1,0.46799227036540403,0.46799227036540403,A,A
1597,1597,3194,3194,-1597,-1597,1,1,0.32925272158406915,0.32925272158406915,A,A
1599,1599,3198,3198,-1599,-1599,1,1,0.5613643899180875,0.5613643899180875,A,A
1600,1600,3200,3200,-1600,-1600,1,1,0.17060988233639074,0.17060988233639074,A,A
1601,1601,3202,3202,-1601,-1601,1,1,0.4484166133961127,0.4484166133961127,A,A
1602,1602,3204,3204,-1602,-1602,1,1,0.8318311334976795,0.8318311334976795,A,A
1603,1603,3206,3206,-1603,-1603,1,1,0.8008490688359411,0.8008490688359411,A,A
1604,1604,3208,3208,-1604,-1604,1,1,0.8586178431671702,0.8586178431671702,A,A
1605,1605,3210,3210,-1605,-1605,1,1,0.8349414133521811,0.8349414133521811,A,A
1609,1609,3218,3218,-1609,-1609,1,1,0.8897247974045634,0.8897247974045634,A,A
1610,1610,3220,3220,-1610,-1610,1,1,0.7048159933245444,0.7048159933245444,A,A
1612,1612,3224,3224,-1612,-1612,1,1,0.4275653518892307,0.4275653518892307,A,A
1613,1613,3226,3226,-1613,-1613,1,1,0.1971277812630271,0.1971277812630271,A,A
1614,1614,3228,3228,-1614,-1614,1,1,0.5057609111959489,0.5057609111959489,A,A
1615,1615,3230,3230,-1615,-1615,1,1,0.9156833762193828,0.9156833762193828,A,A
1617,1617,3234,3234,-1617,-1617,1,1,0.561055537244418,0.561055537244418,A,A
1618,1618,3236,3236,-1618,-1618,1,1,0.9542138789345248,0.9542138789345248,A,A
1619,1619,3238,3238,-1619,-1619,1,1,0.8651226354766184,0.8651226354766184,A,A
1620,1620,3240,3240,-1620,-1620,1,1,0.4021881446037382,0.4021881446037382,A,A
1621,1621,3242,3242,-1621,-1621,1,1,0.7280362657491665,0.7280362657491665,A,A
1622,1622,3244,3244,-1622,-1622,1,1,0.3430131516318614,0.3430131516318614,A,A
1623,1623,3246,3246,-1623,-1623,1,1,0.046798444846568144,0.046798444846568144,A,A
1626,1626,3252,3252,-1626,-1626,1,1,0.822260702210096,0.822260702210096,A,A
1627,1627,3254,3254,-1627,-1627,1,1,0.08799434069756207,0.08799434069756207,A,A
1630,1630,3260,3260,-1630,-1630,1,1,0.7118643107348409,0.7118643107348409,A,A
1631,1631,3262,3262,-1631,-1631,1,1,0.11501636386616765,0.11501636386616765,A,A
1632,1632,3264,3264,-1632,-1632,1,1,0.02981452240852367,0.02981452240852367,A,A
1633,1633,3266,3266,-1633,-1633,1,1,0.3248121896535211,0.3248121896535211,A,A
1634,1634,3268,3268,-1634,-1634,1,1,0.7631454792159026,0.7631454792159026,A,A
1636,1636,3272,3272,-1636,-1636,1,1,0.3538988938815888,0.3538988938815888,A,A
1637,1637,3274,3274,-1637,-1637,1,1,0.521300419803099,0.521300419803099,A,A
1638,1638,3276,3276,-1638,-1638,1,1,0.03386767209778685,0.03386767209778685,A,A
1640,1640,3280,3280,-1640,-1640,1,1,0.7969525762868918,0.7969525762868918,A,A
1644,1644,3288,3288,-1644,-1644,1,1,0.4579341775856417,0.4579341775856417,A,A
1645,1645,3290,3290,-1645,-1645,1,1,0.8468864239577724,0.8468864239577724,A,A
1647,1647,3294,3294,-1647,-1647,1,1,0.3554619678091081,0.3554619678091081,A,A
1648,1648,3296,3296,-1648,-1648,1,1,0.1096681250779733,0.1096681250779733,A,A
1649,1649,3298,3298,-1649,-1649,1,1,0.7586953587970836,0.7586953587970836,A,A
1651,1651,3302,3302,-1651,-1651,1,1,0.09776198383889967,0.09776198383889967,A,A
1652,1652,3304,3304,-1652,-1652,1,1,0.87217708136388,0.87217708136388,A,A
1654,1654,3308,3308,-1654,-1654,1,1,0.7051433413653043,0.7051433413653043,A,A
1655,1655,3310,3310,-1655,-1655,1,1,0.012589957426693,0.012589957426693,A,A
1656,1656,3312,3312,-1656,-1656,1,1,0.9259486405846588,0.9259486405846588,A,A
1658,1658,3316,3316,-1658,-1658,1,1,0.8629307042366121,0.8629307042366121,A,A
1659,1659,3318,3318,-1659,-1659,1,1,0.49773893049353857,0.49773893049353857,A,A
1661,1661,3322,3322,-1661,-1661,1,1,0.2812760740476763,0.2812760740476763,A,A
1665,1665,3330,3330,-1665,-1665,1,1,0.5264431941764796,0.5264431941764796,A,A
1666,1666,3332,3332,-1666,-1666,1,1,0.17323664573892594,0.17323664573892594,A,A
1667,1667,3334,3334,-1667,-1667,1,1,0.917807840252662,0.917807840252662,A,A
1668,1668,3336,3336,-1668,-1668,1,1,0.04923940143652594,0.04923940143652594,A,A
1670,1670,3340,3340,-1670,-1670,1,1,0.4740659822029377,0.4740659822029377,A,A
1671,1671,3342,3342,-1671,-1671,1,1,0.5677293455251373,0.5677293455251373,A,A
1673,1673,3346,3346,-1673,-1673,1,1,0.2798358682128692,0.2798358682128692,A,A
1674,1674,3348,3348,-1674,-1674,1,1,0.6221409502299104,0.6221409502299104,A,A
1675,1675,3350,3350,-1675,-1675,1,1,0.5468717847389034,0.5468717847389034,A,A
1676,1676,3352,3352,-1676,-1676,1,1,0.6528235152840414,0.6528235152840414,A,A
1677,1677,3354,3354,-1677,-1677,1,1,0.9264654720120936,0.9264654720120936,A,A
1678,1678,3356,3356,-1678,-1678,1,1,0.6639831137545988,0.6639831137545988,A,A
1679,1679,3358,3358,-1679,-1679,1,1,0.18607851183466906,0.18607851183466906,A,A
1680,1680,3360,3360,-1680,-1680,1,1,0.8060079920348,0.8060079920348,A,A
1681,1681,3362,3362,-1681,-1681,1,1,0.6879605231492016,0.6879605231492016,A,A
1684,1684,3368,3368,-1684,-1684,1,1,0.17476550024797888,0.17476550024797888,A,A
1685,1685,3370,3370,-1685,-1685,1,1,0.4009659140430123,0.4009659140430123,A,A
1686,1686,3372,3372,-1686,-1686,1,1,0.8587537764427283,0.8587537764427283,A,A
1687,1687,3374,3374,-1687,-1687,1,1,0.8833157814366942,0.8833157814366942,A,A
1692,1692,3384,3384,-1692,-1692,1,1,0.1767044116540959,0.1767044116540959,A,A
1694,1694,3388,3388,-1694,-1694,1,1,0.8607628395118876,0.8607628395118876,A,A
1695,1695,3390,3390,-1695,-1695,1,1,0.09477611699563704,0.09477611699563704,A,A
1696,1696,3392,3392,-1696,-1696,1,1,0.9193944302797888,0.9193944302797888,A,A
1697,1697,3394,3394,-1697,-1697,1,1,0.6519688969340527,0.6519688969340527,A,A
1698,1698,3396,3396,-1698,-1698,1,1,0.614191892299661,0.614191892299661,A,A
1699,1699,3398,3398,-1699,-1699,1,1,0.047771175442993474,0.047771175442993474,A,A
1701,1701,3402,3402,-1701,-1701,1,1,0.32084786623717176,0.32084786623717176,A,A
1702,1702,3404,3404,-1702,-1702,1,1,0.5358879186697898,0.5358879186697898,A,A
1703,1703,3406,3406,-1703,-1703,1,1,0.5007575671015535,0.5007575671015535,A,A
1704,1704,3408,3408,-1704,-1704,1,1,0.6811779211826002,0.6811779211826002,A,A
1705,1705,3410,3410,-1705,-1705,1,1,0.15023872923839454,0.15023872923839454,A,A
1707,1707,3414,3414,-1707,-1707,1,1,0.06202545763487033,0.06202545763487033,A,A
1708,1708,3416,3416,-1708,-1708,1,1,0.23593117646232575,0.23593117646232575,A,A
1709,1709,3418,3418,-1709,-1709,1,1,0.7433283309829387,0.7433283309829387,A,A
1710,1710,3420,3420,-1710,-1710,1,1,0.08498437770370915,0.08498437770370915,A,A
1712,1712,3424,3424,-1712,-1712,1,1,0.06666010259715272,0.06666010259715272,A,A
1713,1713,3426,3426,-1713,-1713,1,1,0.8563202147078192,0.8563202147078192,A,A
1715,1715,3430,3430,-1715,-1715,1,1,0.25030465448113914,0.25030465448113914,A,A
1717,1717,3434,3434,-1717,-1717,1,1,0.7898832403857803,0.7898832403857803,A,A
1719,1719,3438,3438,-1719,-1719,1,1,0.7576823719222169,0.7576823719222169,A,A
1720,1720,3440,3440,-1720,-1720,1,1,0.7917706804125333,0.7917706804125333,A,A
1721,1721,3442,3442,-1721,-1721,1,1,0.3152255891345924,0.3152255891345924,A,A
1723,1723,3446,3446,-1723,-1723,1,1,0.35930265019109875,0.35930265019109875,A,A
1724,1724,3448,3448,-1724,-1724,1,1,0.7402358893346721,0.7402358893346721,A,A
1725,1725,3450,3450,-1725,-1725,1,1,0.23252130879780275,0.23252130879780275,A,A
1726,1726,3452,3452,-1726,-1726,1,1,0.5716230893985423,0.5716230893985423,A,A
1727,1727,3454,3454,-1727,-1727,1,1,0.13160886954298356,0.13160886954298356,A,A
1728,1728,3456,3456,-1728,-1728,1,1,0.5914049978714365,0.5914049978714365,A,A
1729,1729,3458,3458,-1729,-1729,1,1,0.9702305990448947,0.9702305990448947,A,A
1730,1730,3460,3460,-1730,-1730,1,1,0.383762303752498,0.383762303752498,A,A
1731,1731,3462,3462,-1731,-1731,1,1,0.6469792337084883,0.6469792337084883,A,A
1732,1732,3464,3464,-1732,-1732,1,1,0.9314404590794625,0.9314404590794625,A,A
1733,1733,3466,3466,-1733,-1733,1,1,0.7621219649943826,0.7621219649943826,A,A
1737,1737,3474,3474,-1737,-1737,1,1,0.475003069762292,0.475003069762292,A,A
1738,1738,3476,3476,-1738,-1738,1,1,0.03063411754860712,0.03063411754860712,A,A
1739,1739,3478,3478,-1739,-1739,1,1,0.665912650116765,0.665912650116765,A,A
1740,1740,3480,3480,-1740,-1740,1,1,0.06722025503849327,0.06722025503849327,A,A
1741,1741,3482,3482,-1741,-1741,1,1,0.6097644400675049,0.6097644400675049,A,A
1742,1742,3484,3484,-1742,-1742,1,1,0.05693225702543159,0.05693225702543159,A,A
1743,1743,3486,3486,-1743,-1743,1,1,0.6295495767030902,0.6295495767030902,A,A
1745,1745,3490,3490,-1745,-1745,1,1,0.5790233656328743,0.5790233656328743,A,A
1749,1749,3498,3498,-1749,-1749,1,1,0.6907517411483712,0.6907517411483712,A,A
1750,1750,3500,3500,-1750,-1750,1,1,0.43402893433761747,0.43402893433761747,A,A
1751,1751,3502,3502,-1751,-1751,1,1,0.26081430914252113,0.26081430914252113,A,A
1752,1752,3504,3504,-1752,-1752,1,1,0.6925696230963644,0.6925696230963644,A,A
1753,1753,3506,3506,-1753,-1753,1,1,0.4760776272980334,0.4760776272980334,A,A
1754,1754,3508,3508,-1754,-1754,1,1,0.8299164769031941,0.8299164769031941,A,A
1756,1756,3512,3512,-1756,-1756,1,1,0.8653040121439979,0.8653040121439979,A,A
1757,1757,3514,3514,-1757,-1757,1,1,0.876436244772809,0.876436244772809,A,A
1759,1759,3518,3518,-1759,-1759,1,1,0.772651562816207,0.772651562816207,A,A
1761,1761,3522,3522,-1761,-1761,1,1,0.6874455730713738,0.6874455730713738,A,A
1762,1762,3524,3524,-1762,-1762,1,1,0.17130560796281513,0.17130560796281513,A,A
1764,1764,3528,3528,-1764,-1764,1,1,0.9791888872631241,0.9791888872631241,A,A
1765,1765,3530,3530,-1765,-1765,1,1,0.35203641500357585,0.35203641500357585,A,A
1766,1766,3532,3532,-1766,-1766,1,1,0.5356956484054679,0.5356956484054679,A,A
1767,1767,3534,3534,-1767,-1767,1,1,0.9744227194576986,0.9744227194576986,A,A
1769,1769,3538,3538,-1769,-1769,1,1,0.9057503445280404,0.9057503445280404,A,A
1770,1770,3540,3540,-1770,-1770,1,1,0.7194856491393892,0.7194856491393892,A,A
1771,1771,3542,3542,-1771,-1771,1,1,0.007495833985275868,0.007495833985275868,A,A
1772,1772,3544,3544,-1772,-1772,1,1,0.044466234272336536,0.044466234272336536,A,A
1773,1773,3546,3546,-1773,-1773,1,1,0.31722406449740403,0.31722406449740403,A,A
1775,1775,3550,3550,-1775,-1775,1,1,0.290224050373042,0.290224050373042,A,A
1776,1776,3552,3552,-1776,-1776,1,1,0.13418597497508988,0.13418597497508988,A,A
1777,1777,3554,3554,-1777,-1777,1,1,0.06854080957322695,0.06854080957322695,A,A
1778,1778,3556,3556,-1778,-1778,1,1,0.4809093431813555,0.4809093431813555,A,A
1780,1780,3560,3560,-1780,-1780,1,1,0.775343044654068,0.775343044654068,A,A
1781,1781,3562,3562,-1781,-1781,1,1,0.6329770001537897,0.6329770001537897,A,A
1782,1782,3564,3564,-1782,-1782,1,1,0.9106804744200921,0.9106804744200921,A,A
1783,1783,3566,3566,-1783,-1783,1,1,0.27580081618290186,0.27580081618290186,A,A
1784,1784,3568,3568,-1784,-1784,1,1,0.7570574772649119,0.7570574772649119,A,A
1785,1785,3570,3570,-1785,-1785,1,1,0.1212321223595102,0.1212321223595102,A,A
1789,1789,3578,3578,-1789,-1789,1,1,0.9201132442662,0.9201132442662,A,A
1791,1791,3582,3582,-1791,-1791,1,1,0.729936774358899,0.729936774358899,A,A
1793,1793,3586,3586,-1793,-1793,1,1,0.6850264574025758,0.6850264574025758,A,A
1795,1795,3590,3590,-1795,-1795,1,1,0.9864297684416662,0.9864297684416662,A,A
1797,1797,3594,3594,-1797,-1797,1,1,0.6806828497049395,0.6806828497049395,A,A
1801,1801,3602,3602,-1801,-1801,1,1,0.22427176878394517,0.22427176878394517,A,A
1802,1802,3604,3604,-1802,-1802,1,1,0.17978497304283125,0.17978497304283125,A,A
1804,1804,3608,3608,-1804,-1804,1,1,0.028252291717244415,0.028252291717244415,A,A
1805,1805,3610,3610,-1805,-1805,1,1,0.2926868978829027,0.2926868978829027,A,A
1806,1806,3612,3612,-1806,-1806,1,1,0.5251720814162956,0.5251720814162956,A,A
1807,1807,3614,3614,-1807,-1807,1,1,0.48610104561837375,0.48610104561837375,A,A
1811,1811,3622,3622,-1811,-1811,1,1,0.09345283130011617,0.09345283130011617,A,A
1812,1812,3624,3624,-1812,-1812,1,1,0.6813073152974978,0.6813073152974978,A,A
1815,1815,3630,3630,-1815,-1815,1,1,0.4556690332602771,0.4556690332602771,A,A
1816,1816,3632,3632,-1816,-1816,1,1,0.7473772629905004,0.7473772629905004,A,A
1817,1817,3634,3634,-1817,-1817,1,1,0.6217907596745144,0.6217907596745144,A,A
1819,1819,3638,3638,-1819,-1819,1,1,0.3451490777999512,0.3451490777999512,A,A
1821,1821,3642,3642,-1821,-1821,1,1,0.9514293648923793,0.9514293648923793,A,A
1822,1822,3644,3644,-1822,-1822,1,1,0.5246884324646892,0.5246884324646892,A,A
1823,1823,3646,3646,-1823,-1823,1,1,0.5747305829509487,0.5747305829509487,A,A
1824,1824,3648,3648,-1824,-1824,1,1,0.9007812110047783,0.9007812110047783,A,A
1826,1826,3652,3652,-1826,-1826,1,1,0.6105209406370534,0.6105209406370534,A,A
1828,1828,3656,3656,-1828,-1828,1,1,0.30182243219740146,0.30182243219740146,A,A
1829,1829,3658,3658,-1829,-1829,1,1,0.2603790319177123,0.2603790319177123,A,A
1831,1831,3662,3662,-1831,-1831,1,1,0.0036241735996229707,0.0036241735996229707,A,A
1832,1832,3664,3664,-1832,-1832,1,1,0.776430884668876,0.776430884668876,A,A
1833,1833,3666,3666,-1833,-1833,1,1,0.7466200414406284,0.7466200414406284,A,A
1834,1834,3668,3668,-1834,-1834,1,1,0.7300832085041491,0.7300832085041491,A,A
1836,1836,3672,3672,-1836,-1836,1,1,0.21555934383955744,0.21555934383955744,A,A
1837,1837,3674,3674,-1837,-1837,1,1,0.47276534440878615,0.47276534440878615,A,A
1839,1839,3678,3678,-1839,-1839,1,1,0.3458801710016237,0.3458801710016237,A,A
1841,1841,3682,3682,-1841,-1841,1,1,0.4417786816024283,0.4417786816024283,A,A
1842,1842,3684,3684,-1842,-1842,1,1,0.599238505502232,0.599238505502232,A,A
1843,1843,3686,3686,-1843,-1843,1,1,0.13774216094956548,0.13774216094956548,A,A
1845,1845,3690,3690,-1845,-1845,1,1,0.9035703722487662,0.9035703722487662,A,A
1846,1846,3692,3692,-1846,-1846,1,1,0.7981537242231087,0.7981537242231087,A,A
1848,1848,3696,3696,-1848,-1848,1,1,0.6323974860460376,0.6323974860460376,A,A
1849,1849,3698,3698,-1849,-1849,1,1,0.8559443635259945,0.8559443635259945,A,A
1850,1850,3700,3700,-1850,-1850,1,1,0.3920327679724056,0.3920327679724056,A,A
1851,1851,3702,3702,-1851,-1851,1,1,0.904188542822764,0.904188542822764,A,A
1853,1853,3706,3706,-1853,-1853,1,1,0.5058346998821475,0.5058346998821475,A,A
1855,1855,3710,3710,-1855,-1855,1,1,0.8583511913417678,0.8583511913417678,A,A
1856,1856,3712,3712,-1856,-1856,1,1,0.9462553044524777,0.9462553044524777,A,A
1857,1857,3714,3714,-1857,-1857,1,1,0.18718017005142218,0.18718017005142218,A,A
1858,1858,3716,3716,-1858,-1858,1,1,0.01254515403156009,0.01254515403156009,A,A
1860,1860,3720,3720,-1860,-1860,1,1,0.006894997457575935,0.006894997457575935,A,A
1862,1862,3724,3724,-1862,-1862,1,1,0.6777902244389709,0.6777902244389709,A,A
1863,1863,3726,3726,-1863,-1863,1,1,0.27561900253221705,0.27561900253221705,A,A
1865,1865,3730,3730,-1865,-1865,1,1,0.15636534881560504,0.15636534881560504,A,A
1869,1869,3738,3738,-1869,-1869,1,1,0.13666245603028626,0.13666245603028626,A,A
1870,1870,3740,3740,-1870,-1870,1,1,0.8791678308751528,0.8791678308751528,A,A
1871,1871,3742,3742,-1871,-1871,1,1,0.4016581703322166,0.4016581703322166,A,A
1873,1873,3746,3746,-1873,-1873,1,1,0.6849128956407066,0.6849128956407066,A,A
1875,1875,3750,3750,-1875,-1875,1,1,0.877007023266597,0.877007023266597,A,A
1876,1876,3752,3752,-1876,-1876,1,1,0.7915694324739403,0.7915694324739403,A,A
1877,1877,3754,3754,-1877,-1877,1,1,0.6883552015947665,0.6883552015947665,A,A
1878,1878,3756,3756,-1878,-1878,1,1,0.5378367734204481,0.5378367734204481,A,A
1879,1879,3758,3758,-1879,-1879,1,1,0.4490416534219758,0.4490416534219758,A,A
1880,1880,3760,3760,-1880,-1880,1,1,0.5916857716533153,0.5916857716533153,A,A
1881,1881,3762,3762,-1881,-1881,1,1,0.7757317340696763,0.7757317340696763,A,A
1882,1882,3764,3764,-1882,-1882,1,1,0.49079800206522384,0.49079800206522384,A,A
1886,1886,3772,3772,-1886,-1886,1,1,0.3810995691508636,0.3810995691508636,A,A
1887,1887,3774,3774,-1887,-1887,1,1,0.494992565014736,0.494992565014736,A,A
1889,1889,3778,3778,-1889,-1889,1,1,0.40984880536379564,0.40984880536379564,A,A
1890,1890,3780,3780,-1890,-1890,1,1,0.6420789662384203,0.6420789662384203,A,A
1891,1891,3782,3782,-1891,-1891,1,1,0.3623813954825731,0.3623813954825731,A,A
1892,1892,3784,3784,-1892,-1892,1,1,0.5202566101866443,0.5202566101866443,A,A
1893,1893,3786,3786,-1893,-1893,1,1,0.5694887743952229,0.5694887743952229,A,A
1894,1894,3788,3788,-1894,-1894,1,1,0.7025731623930923,0.7025731623930923,A,A
1895,1895,3790,3790,-1895,-1895,1,1,0.12989775432115624,0.12989775432115624,A,A
1896,1896,3792,3792,-1896,-1896,1,1,0.8410018289618691,0.8410018289618691,A,A
1897,1897,3794,3794,-1897,-1897,1,1,0.6693114446417855,0.6693114446417855,A,A
1898,1898,3796,3796,-1898,-1898,1,1,0.44011053017510116,0.44011053017510116,A,A
1901,1901,3802,3802,-1901,-1901,1,1,0.48781196160557994,0.48781196160557994,A,A
1902,1902,3804,3804,-1902,-1902,1,1,0.7491620372807771,0.7491620372807771,A,A
1903,1903,3806,3806,-1903,-1903,1,1,0.9835851527101034,0.9835851527101034,A,A
1904,1904,3808,3808,-1904,-1904,1,1,0.9018359192138045,0.9018359192138045,A,A
1905,1905,3810,3810,-1905,-1905,1,1,0.7470552512360162,0.7470552512360162,A,A
1906,1906,3812,3812,-1906,-1906,1,1,0.9588113901510561,0.9588113901510561,A,A
1908,1908,3816,3816,-1908,-1908,1,1,0.35567884528745397,0.35567884528745397,A,A
1909,1909,3818,3818,-1909,-1909,1,1,0.8394659746951052,0.8394659746951052,A,A
1910,1910,3820,3820,-1910,-1910,1,1,0.9363148068133731,0.9363148068133731,A,A
1911,1911,3822,3822,-1911,-1911,1,1,0.12456414476829514,0.12456414476829514,A,A
1913,1913,3826,3826,-1913,-1913,1,1,0.8712063624293758,0.8712063624293758,A,A
1915,1915,3830,3830,-1915,-1915,1,1,0.9280214813929863,0.9280214813929863,A,A
1917,1917,3834,3834,-1917,-1917,1,1,0.43314377789333625,0.43314377789333625,A,A
1919,1919,3838,3838,-1919,-1919,1,1,0.6785309339941178,0.6785309339941178,A,A
1921,1921,3842,3842,-1921,-1921,1,1,0.6382516355168187,0.6382516355168187,A,A
1922,1922,3844,3844,-1922,-1922,1,1,0.6075330359130472,0.6075330359130472,A,A
1924,1924,3848,3848,-1924,-1924,1,1,0.9359188303878191,0.9359188303878191,A,A
1927,1927,3854,3854,-1927,-1927,1,1,0.6491589676244632,0.6491589676244632,A,A
1928,1928,3856,3856,-1928,-1928,1,1,0.8880958643692434,0.8880958643692434,A,A
1929,1929,3858,3858,-1929,-1929,1,1,0.04534119446827867,0.04534119446827867,A,A
1931,1931,3862,3862,-1931,-1931,1,1,0.8327691379832252,0.8327691379832252,A,A
1933,1933,3866,3866,-1933,-1933,1,1,0.5239641081563944,0.5239641081563944,A,A
1935,1935,3870,3870,-1935,-1935,1,1,0.902364824422964,0.902364824422964,A,A
1937,1937,3874,3874,-1937,-1937,1,1,0.31395282335598684,0.31395282335598684,A,A
1938,1938,3876,3876,-1938,-1938,1,1,0.40654167027195154,0.40654167027195154,A,A
1939,1939,3878,3878,-1939,-1939,1,1,0.12412939998735173,0.12412939998735173,A,A
1940,1940,3880,3880,-1940,-1940,1,1,0.4074261197858208,0.4074261197858208,A,A
1941,1941,3882,3882,-1941,-1941,1,1,0.895729977276642,0.895729977276642,A,A
1942,1942,3884,3884,-1942,-1942,1,1,0.5606197197901556,0.5606197197901556,A,A
1943,1943,3886,3886,-1943,-1943,1,1,0.07843650867375418,0.07843650867375418,A,A
1944,1944,3888,3888,-1944,-1944,1,1,0.2789704417047262,0.2789704417047262,A,A
1947,1947,3894,3894,-1947,-1947,1,1,0.760013468785042,0.760013468785042,A,A
1948,1948,3896,3896,-1948,-1948,1,1,0.27512307151329063,0.27512307151329063,A,A
1949,1949,3898,3898,-1949,-1949,1,1,0.9141205653508839,0.9141205653508839,A,A
1951,1951,3902,3902,-1951,-1951,1,1,0.8201987595690976,0.8201987595690976,A,A
1953,1953,3906,3906,-1953,-1953,1,1,0.6355915886610879,0.6355915886610879,A,A
1954,1954,3908,3908,-1954,-1954,1,1,0.8611612596238054,0.8611612596238054,A,A
1955,1955,3910,3910,-1955,-1955,1,1,0.38421257339649817,0.38421257339649817,A,A
1956,1956,3912,3912,-1956,-1956,1,1,0.3002597886879851,0.3002597886879851,A,A
1957,1957,3914,3914,-1957,-1957,1,1,0.8370348805256652,0.8370348805256652,A,A
1958,1958,3916,3916,-1958,-1958,1,1,0.1644449640637612,0.1644449640637612,A,A
1961,1961,3922,3922,-1961,-1961,1,1,0.7149257581427614,0.7149257581427614,A,A
1962,1962,3924,3924,-1962,-1962,1,1,0.25173147006208085,0.25173147006208085,A,A
1963,1963,3926,3926,-1963,-1963,1,1,0.11679074797303313,0.11679074797303313,A,A
1964,1964,3928,3928,-1964,-1964,1,1,0.951824224657652,0.951824224657652,A,A
1965,1965,3930,3930,-1965,-1965,1,1,0.17142690758529044,0.17142690758529044,A,A
1967,1967,3934,3934,-1967,-1967,1,1,0.9682404380249314,0.9682404380249314,A,A
1973,1973,3946,3946,-1973,-1973,1,1,0.5608623213969791,0.5608623213969791,A,A
1974,1974,3948,3948,-1974,-1974,1,1,0.2847850068236627,0.2847850068236627,A,A
1975,1975,3950,3950,-1975,-1975,1,1,0.4552758431964815,0.4552758431964815,A,A
1977,1977,3954,3954,-1977,-1977,1,1,0.4336773184060325,0.4336773184060325,A,A
1978,1978,3956,3956,-1978,-1978,1,1,0.24677088837927286,0.24677088837927286,A,A
1979,1979,3958,3958,-1979,-1979,1,1,0.14082815953066186,0.14082815953066186,A,A
1982,1982,3964,3964,-1982,-1982,1,1,0.4742647872190665,0.4742647872190665,A,A
1983,1983,3966,3966,-1983,-1983,1,1,0.24178805678891546,0.24178805678891546,A,A
1985,1985,3970,3970,-1985,-1985,1,1,0.717823108398847,0.717823108398847,A,A
1986,1986,3972,3972,-1986,-1986,1,1,0.7645784264596306,0.7645784264596306,A,A
1987,1987,3974,3974,-1987,-1987,1,1,0.40061408156473155,0.40061408156473155,A,A
1989,1989,3978,3978,-1989,-1989,1,1,0.6263100571659378,0.6263100571659378,A,A
1990,1990,3980,3980,-1990,-1990,1,1,0.9521788291651344,0.9521788291651344,A,A
1992,1992,3984,3984,-1992,-1992,1,1,0.43749042141262795,0.43749042141262795,A,A
1993,1993,3986,3986,-1993,-1993,1,1,0.6414828747626645,0.6414828747626645,A,A
1994,1994,3988,3988,-1994,-1994,1,1,0.8554951897769938,0.8554951897769938,A,A
1995,1995,3990,3990,-1995,-1995,1,1,0.13624386854075943,0.13624386854075943,A,A
1997,1997,3994,3994,-1997,-1997,1,1,0.6223920302930421,0.6223920302930421,A,A
1998,1998,3996,3996,-1998,-1998,1,1,0.4043386999809795,0.4043386999809795,A,A
1999,1999,3998,3998,-1999,-1999,1,1,0.5787181926315422,0.5787181926315422,A,A
2000,2000,4000,4000,-2000,-2000,1,1,0.5728077227349805,0.5728077227349805,A,A
2001,2001,4002,4002,-2001,-2001,1,1,0.8819890575218791,0.8819890575218791,A,A
2002,2002,4004,4004,-2002,-2002,1,1,0.7389929674320989,0.7389929674320989,A,A
2003,2003,4006,4006,-2003,-2003,1,1,0.3015531495242898,0.3015531495242898,A,A
2004,2004,4008,4008,-2004,-2004,1,1,0.19115228979170207,0.19115228979170207,A,A
2007,2007,4014,4014,-2007,-2007,1,1,0.41405679118103156,0.41405679118103156,A,A
2008,2008,4016,4016,-2008,-2008,1,1,0.5356981408650223,0.5356981408650223,A,A
2009,2009,4018,4018,-2009,-2009,1,1,0.92029988554501,0.92029988554501,A,A
2010,2010,4020,4020,-2010,-2010,1,1,0.3282751911740843,0.3282751911740843,A,A
2012,2012,4024,4024,-2012,-2012,1,1,0.31349032654022335,0.31349032654022335,A,A
2013,2013,4026,4026,-2013,-2013,1,1,0.3158429889233081,0.3158429889233081,A,A
2014,2014,4028,4028,-2014,-2014,1,1,0.045804388710563027,0.045804388710563027,A,A
2015,2015,4030,4030,-2015,-2015,1,1,0.8522802635105827,0.8522802635105827,A,A
2016,2016,4032,4032,-2016,-2016,1,1,0.4731455372426384,0.4731455372426384,A,A
2017,2017,4034,4034,-2017,-2017,1,1,0.1005714456541319,0.1005714456541319,A,A
2018,2018,4036,4036,-2018,-2018,1,1,0.5570424207510475,0.5570424207510475,A,A
2019,2019,4038,4038,-2019,-2019,1,1,0.5638095026272318,0.5638095026272318,A,A
2020,2020,4040,4040,-2020,-2020,1,1,0.3057452073554332,0.3057452073554332,A,A
2021,2021,4042,4042,-2021,-2021,1,1,0.006257781920116279,0.006257781920116279,A,A
2022,2022,4044,4044,-2022,-2022,1,1,0.1719983714162986,0.1719983714162986,A,A
2023,2023,4046,4046,-2023,-2023,1,1,0.9795714170314528,0.9795714170314528,A,A
2026,2026,4052,4052,-2026,-2026,1,1,0.48211020930287285,0.48211020930287285,A,A
2027,2027,4054,4054,-2027,-2027,1,1,0.5231982601348077,0.5231982601348077,A,A
2029,2029,4058,4058,-2029,-2029,1,1,0.5398419425000484,0.5398419425000484,A,A
2030,2030,4060,4060,-2030,-2030,1,1,0.1208635782207933,0.1208635782207933,A,A
2031,2031,4062,4062,-2031,-2031,1,1,0.5527004946981785,0.5527004946981785,A,A
2033,2033,4066,4066,-2033,-2033,1,1,0.6225378677030664,0.6225378677030664,A,A
2034,2034,4068,4068,-2034,-2034,1,1,0.4270628827863393,0.4270628827863393,A,A
2035,2035,4070,4070,-2035,-2035,1,1,0.973394461275287,0.973394461275287,A,A
2036,2036,4072,4072,-2036,-2036,1,1,0.22543245256617206,0.22543245256617206,A,A
2038,2038,4076,4076,-2038,-2038,1,1,0.6879083571968845,0.6879083571968845,A,A
2039,2039,4078,4078,-2039,-2039,1,1,0.9262434466344227,0.9262434466344227,A,A
2040,2040,4080,4080,-2040,-2040,1,1,0.8976362201001146,0.8976362201001146,A,A
2042,2042,4084,4084,-2042,-2042,1,1,0.782638891188733,0.782638891188733,A,A
2043,2043,4086,4086,-2043,-2043,1,1,0.5191054753439576,0.5191054753439576,A,A
2044,2044,4088,4088,-2044,-2044,1,1,0.5715412505084699,0.5715412505084699,A,A
2045,2045,4090,4090,-2045,-2045,1,1,0.42887276456757684,0.42887276456757684,A,A
2046,2046,4092,4092,-2046,-2046,1,1,0.11863897093293718,0.11863897093293718,A,A
2048,2048,4096,4096,-2048,-2048,1,1,0.5020934704297343,0.5020934704297343,A,A
2050,2050,4100,4100,-2050,-2050,1,1,0.305625776333339,0.305625776333339,A,A
2051,2051,4102,4102,-2051,-2051,1,1,0.13969855687579047,0.13969855687579047,A,A
2053,2053,4106,4106,-2053,-2053,1,1,0.1699236538500829,0.1699236538500829,A,A
2054,2054,4108,4108,-2054,-2054,1,1,0.9234475837828083,0.9234475837828083,A,A
2055,2055,4110,4110,-2055,-2055,1,1,0.4612111181572651,0.4612111181572651,A,A
2056,2056,4112,4112,-2056,-2056,1,1,0.9428247897809864,0.9428247897809864,A,A
2059,2059,4118,4118,-2059,-2059,1,1,0.4473574787465092,0.4473574787465092,A,A
2063,2063,4126,4126,-2063,-2063,1,1,0.20993686338127604,0.20993686338127604,A,A
2065,2065,4130,4130,-2065,-2065,1,1,0.10032545213940802,0.10032545213940802,A,A
2066,2066,4132,4132,-2066,-2066,1,1,0.16883448874754214,0.16883448874754214,A,A
2067,2067,4134,4134,-2067,-2067,1,1,0.956044196241344,0.956044196241344,A,A
2068,2068,4136,4136,-2068,-2068,1,1,0.03494432943250436,0.03494432943250436,A,A
2069,2069,4138,4138,-2069,-2069,1,1,0.8751854804799363,0.8751854804799363,A,A
2070,2070,4140,4140,-2070,-2070,1,1,0.3364234968463814,0.3364234968463814,A,A
2071,2071,4142,4142,-2071,-2071,1,1,0.9047043192060544,0.9047043192060544,A,A
2072,2072,4144,4144,-2072,-2072,1,1,0.7432775335758003,0.7432775335758003,A,A
2073,2073,4146,4146,-2073,-2073,1,1,0.9374566764918418,0.9374566764918418,A,A
2074,2074,4148,4148,-2074,-2074,1,1,0.8641492116149994,0.8641492116149994,A,A
2076,2076,4152,4152,-2076,-2076,1,1,0.818782515683944,0.818782515683944,A,A
2077,2077,4154,4154,-2077,-2077,1,1,0.7936385689699914,0.7936385689699914,A,A
2078,2078,4156,4156,-2078,-2078,1,1,0.4814542317445052,0.4814542317445052,A,A
2081,2081,4162,4162,-2081,-2081,1,1,0.8539319395586521,0.8539319395586521,A,A
2082,2082,4164,4164,-2082,-2082,1,1,0.12631114401226673,0.12631114401226673,A,A
2084,2084,4168,4168,-2084,-2084,1,1,0.3470118032064018,0.3470118032064018,A,A
2085,2085,4170,4170,-2085,-2085,1,1,0.4207675406350888,0.4207675406350888,A,A
2086,2086,4172,4172,-2086,-2086,1,1,0.70749921805565,0.70749921805565,A,A
2087,2087,4174,4174,-2087,-2087,1,1,0.5904786270665708,0.5904786270665708,A,A
2089,2089,4178,4178,-2089,-2089,1,1,0.49760166679371887,0.49760166679371887,A,A
2091,2091,4182,4182,-2091,-2091,1,1,0.8695657186457492,0.8695657186457492,A,A
2095,2095,4190,4190,-2095,-2095,1,1,0.3009990653551836,0.3009990653551836,A,A
2097,2097,4194,4194,-2097,-2097,1,1,0.5305572597907291,0.5305572597907291,A,A
2098,2098,4196,4196,-2098,-2098,1,1,0.20134271946318005,0.20134271946318005,A,A
2100,2100,4200,4200,-2100,-2100,1,1,0.9363888694834729,0.9363888694834729,A,A
2101,2101,4202,4202,-2101,-2101,1,1,0.2965977370972419,0.2965977370972419,A,A
2102,2102,4204,4204,-2102,-2102,1,1,0.22983442520382258,0.22983442520382258,A,A
2103,2103,4206,4206,-2103,-2103,1,1,0.7091398577756486,0.7091398577756486,A,A
2105,2105,4210,4210,-2105,-2105,1,1,0.22338247985307946,0.22338247985307946,A,A
2106,2106,4212,4212,-2106,-2106,1,1,0.7706761187602751,0.7706761187602751,A,A
2109,2109,4218,4218,-2109,-2109,1,1,0.81132745640577,0.81132745640577,A,A
2110,2110,4220,4220,-2110,-2110,1,1,0.11359694804314546,0.11359694804314546,A,A
2111,2111,4222,4222,-2111,-2111,1,1,0.7797155650353603,0.7797155650353603,A,A
2112,2112,4224,4224,-2112,-2112,1,1,0.3652556261033223,0.3652556261033223,A,A
2114,2114,4228,4228,-2114,-2114,1,1,0.9887306185140223,0.9887306185140223,A,A
2115,2115,4230,4230,-2115,-2115,1,1,0.3093476340083082,0.3093476340083082,A,A
2117,2117,4234,4234,-2117,-2117,1,1,0.42840865428587604,0.42840865428587604,A,A
2119,2119,4238,4238,-2119,-2119,1,1,0.37816485473784966,0.37816485473784966,A,A
2120,2120,4240,4240,-2120,-2120,1,1,0.018088136292188084,0.018088136292188084,A,A
2123,2123,4246,4246,-2123,-2123,1,1,0.7214360788408617,0.7214360788408617,A,A
2124,2124,4248,4248,-2124,-2124,1,1,0.4139888467203876,0.4139888467203876,A,A
2127,2127,4254,4254,-2127,-2127,1,1,0.345579530767282,0.345579530767282,A,A
2128,2128,4256,4256,-2128,-2128,1,1,0.7031583741774322,0.7031583741774322,A,A
2129,2129,4258,4258,-2129,-2129,1,1,0.040185665342929444,0.040185665342929444,A,A
2132,2132,4264,4264,-2132,-2132,1,1,0.3932606601995109,0.3932606601995109,A,A
2134,2134,4268,4268,-2134,-2134,1,1,0.6434076633106106,0.6434076633106106,A,A
2136,2136,4272,4272,-2136,-2136,1,1,0.7502732507651447,0.7502732507651447,A,A
2137,2137,4274,4274,-2137,-2137,1,1,0.45176216062942787,0.45176216062942787,A,A
2138,2138,4276,4276,-2138,-2138,1,1,0.6075948775903306,0.6075948775903306,A,A
2139,2139,4278,4278,-2139,-2139,1,1,0.3059377414839547,0.3059377414839547,A,A
2140,2140,4280,4280,-2140,-2140,1,1,0.7009612502605271,0.7009612502605271,A,A
2142,2142,4284,4284,-2142,-2142,1,1,0.9190162426046317,0.9190162426046317,A,A
2144,2144,4288,4288,-2144,-2144,1,1,0.9637729697421694,0.9637729697421694,A,A
2146,2146,4292,4292,-2146,-2146,1,1,0.8864529307395784,0.8864529307395784,A,A
2147,2147,4294,4294,-2147,-2147,1,1,0.5440529984671562,0.5440529984671562,A,A
2148,2148,4296,4296,-2148,-2148,1,1,0.9947378090780861,0.9947378090780861,A,A
2149,2149,4298,4298,-2149,-2149,1,1,0.07951030168737161,0.07951030168737161,A,A
2150,2150,4300,4300,-2150,-2150,1,1,0.38703361459027685,0.38703361459027685,A,A
2151,2151,4302,4302,-2151,-2151,1,1,0.11418683837055255,0.11418683837055255,A,A
2152,2152,4304,4304,-2152,-2152,1,1,0.32288555195654167,0.32288555195654167,A,A
2154,2154,4308,4308,-2154,-2154,1,1,0.870163159614678,0.870163159614678,A,A
2155,2155,4310,4310,-2155,-2155,1,1,0.5763892532317879,0.5763892532317879,A,A
2156,2156,4312,4312,-2156,-2156,1,1,0.011188295829838046,0.011188295829838046,A,A
2157,2157,4314,4314,-2157,-2157,1,1,0.9477493255911086,0.9477493255911086,A,A
2158,2158,4316,4316,-2158,-2158,1,1,0.033530189855046966,0.033530189855046966,A,A
2159,2159,4318,4318,-2159,-2159,1,1,0.7471895503713167,0.7471895503713167,A,A
2160,2160,4320,4320,-2160,-2160,1,1,0.35995562149557525,0.35995562149557525,A,A
2161,2161,4322,4322,-2161,-2161,1,1,0.04103572216246898,0.04103572216246898,A,A
2163,2163,4326,4326,-2163,-2163,1,1,0.17996743692804207,0.17996743692804207,A,A
2167,2167,4334,4334,-2167,-2167,1,1,0.8181124304325814,0.8181124304325814,A,A
2170,2170,4340,4340,-2170,-2170,1,1,0.38238696536486816,0.38238696536486816,A,A
2172,2172,4344,4344,-2172,-2172,1,1,0.13489517421263364,0.13489517421263364,A,A
2174,2174,4348,4348,-2174,-2174,1,1,0.7849413992085168,0.7849413992085168,A,A
2175,2175,4350,4350,-2175,-2175,1,1,0.38447607953801644,0.38447607953801644,A,A
2176,2176,4352,4352,-2176,-2176,1,1,0.27429875545395477,0.27429875545395477,A,A
2177,2177,4354,4354,-2177,-2177,1,1,0.3707816137437844,0.3707816137437844,A,A
2181,2181,4362,4362,-2181,-2181,1,1,0.6468558729628117,0.6468558729628117,A,A
2182,2182,4364,4364,-2182,-2182,1,1,0.7769206933415482,0.7769206933415482,A,A
2183,2183,4366,4366,-2183,-2183,1,1,0.8894307057729712,0.8894307057729712,A,A
2185,2185,4370,4370,-2185,-2185,1,1,0.2012705147002798,0.2012705147002798,A,A
2186,2186,4372,4372,-2186,-2186,1,1,0.19227972717235753,0.19227972717235753,A,A
2188,2188,4376,4376,-2188,-2188,1,1,0.0647401243888408,0.0647401243888408,A,A
2189,2189,4378,4378,-2189,-2189,1,1,0.16347281771211186,0.16347281771211186,A,A
2190,2190,4380,4380,-2190,-2190,1,1,0.7263286005045445,0.7263286005045445,A,A
2191,2191,4382,4382,-2191,-2191,1,1,0.2930550640886439,0.2930550640886439,A,A
2192,2192,4384,4384,-2192,-2192,1,1,0.7996702222660312,0.7996702222660312,A,A
2193,2193,4386,4386,-2193,-2193,1,1,0.995942423807621,0.995942423807621,A,A
2194,2194,4388,4388,-2194,-2194,1,1,0.01722651193012903,0.01722651193012903,A,A
2195,2195,4390,4390,-2195,-2195,1,1,0.8053228793773056,0.8053228793773056,A,A
2197,2197,4394,4394,-2197,-2197,1,1,0.6186899455378232,0.6186899455378232,A,A
2199,2199,4398,4398,-2199,-2199,1,1,0.638618822201321,0.638618822201321,A,A
2200,2200,4400,4400,-2200,-2200,1,1,0.31412718727628763,0.31412718727628763,A,A
2202,2202,4404,4404,-2202,-2202,1,1,0.5844091250761562,0.5844091250761562,A,A
2203,2203,4406,4406,-2203,-2203,1,1,0.8696691481495522,0.8696691481495522,A,A
2204,2204,4408,4408,-2204,-2204,1,1,0.16257644812596417,0.16257644812596417,A,A
2205,2205,4410,4410,-2205,-2205,1,1,0.13928712106405627,0.13928712106405627,A,A
2206,2206,4412,4412,-2206,-2206,1,1,0.8490112831235251,0.8490112831235251,A,A
2207,2207,4414,4414,-2207,-2207,1,1,0.42234695352754115,0.42234695352754115,A,A
2209,2209,4418,4418,-2209,-2209,1,1,0.8486564454167793,0.8486564454167793,A,A
2210,2210,4420,4420,-2210,-2210,1,1,0.7593728824592398,0.7593728824592398,A,A
2211,2211,4422,4422,-2211,-2211,1,1,0.307582947599913,0.307582947599913,A,A
2212,2212,4424,4424,-2212,-2212,1,1,0.4058773418398083,0.4058773418398083,A,A
2213,2213,4426,4426,-2213,-2213,1,1,0.2051323819461639,0.2051323819461639,A,A
2215,2215,4430,4430,-2215,-2215,1,1,0.6959698335825301,0.6959698335825301,A,A
2217,2217,4434,4434,-2217,-2217,1,1,0.9156176960986981,0.9156176960986981,A,A
2218,2218,4436,4436,-2218,-2218,1,1,0.3314199966425655,0.3314199966425655,A,A
2219,2219,4438,4438,-2219,-2219,1,1,0.7582000886972343,0.7582000886972343,A,A
2220,2220,4440,4440,-2220,-2220,1,1,0.27861325928396363,0.27861325928396363,A,A
2221,2221,4442,4442,-2221,-2221,1,1,0.3847362545009849,0.3847362545009849,A,A
2223,2223,4446,4446,-2223,-2223,1,1,0.1404727829570196,0.1404727829570196,A,A
2224,2224,4448,4448,-2224,-2224,1,1,0.9675566465929445,0.9675566465929445,A,A
2225,2225,4450,4450,-2225,-2225,1,1,0.8771158211098216,0.8771158211098216,A,A
2226,2226,4452,4452,-2226,-2226,1,1,0.3074382037703727,0.3074382037703727,A,A
2227,2227,4454,4454,-2227,-2227,1,1,0.0020932734866337954,0.0020932734866337954,A,A
2228,2228,4456,4456,-2228,-2228,1,1,0.9886739202677735,0.9886739202677735,A,A
2233,2233,4466,4466,-2233,-2233,1,1,0.2117515957691003,0.2117515957691003,A,A
2234,2234,4468,4468,-2234,-2234,1,1,0.5556842484401795,0.5556842484401795,A,A
2236,2236,4472,4472,-2236,-2236,1,1,0.49910847201575925,0.49910847201575925,A,A
2239,2239,4478,4478,-2239,-2239,1,1,0.6723444134343438,0.6723444134343438,A,A
2240,2240,4480,4480,-2240,-2240,1,1,0.012163130621040907,0.012163130621040907,A,A
2241,2241,4482,4482,-2241,-2241,1,1,0.9426535571757829,0.9426535571757829,A,A
2245,2245,4490,4490,-2245,-2245,1,1,0.28267829360271646,0.28267829360271646,A,A
2246,2246,4492,4492,-2246,-2246,1,1,0.7817974875374045,0.7817974875374045,A,A
2247,2247,4494,4494,-2247,-2247,1,1,0.026715387720619654,0.026715387720619654,A,A
2248,2248,4496,4496,-2248,-2248,1,1,0.09609578781168182,0.09609578781168182,A,A
2249,2249,4498,4498,-2249,-2249,1,1,0.8565338469378284,0.8565338469378284,A,A
2250,2250,4500,4500,-2250,-2250,1,1,0.4727396682688918,0.4727396682688918,A,A
2251,2251,4502,4502,-2251,-2251,1,1,0.04156357812837663,0.04156357812837663,A,A
2252,2252,4504,4504,-2252,-2252,1,1,0.8918146853904173,0.8918146853904173,A,A
2253,2253,4506,4506,-2253,-2253,1,1,0.447280463498386,0.447280463498386,A,A
2254,2254,4508,4508,-2254,-2254,1,1,0.8246100779308841,0.8246100779308841,A,A
2255,2255,4510,4510,-2255,-2255,1,1,0.2775505263197001,0.2775505263197001,A,A
2256,2256,4512,4512,-2256,-2256,1,1,0.5148649980542234,0.5148649980542234,A,A
2258,2258,4516,4516,-2258,-2258,1,1,0.8755110275667486,0.8755110275667486,A,A
2260,2260,4520,4520,-2260,-2260,1,1,0.03650177870771498,0.03650177870771498,A,A
2261,2261,4522,4522,-2261,-2261,1,1,0.7484618235135017,0.7484618235135017,A,A
2262,2262,4524,4524,-2262,-2262,1,1,0.3551772280667358,0.3551772280667358,A,A
2263,2263,4526,4526,-2263,-2263,1,1,0.9901966326161595,0.9901966326161595,A,A
2264,2264,4528,4528,-2264,-2264,1,1,0.711062555801509,0.711062555801509,A,A
2265,2265,4530,4530,-2265,-2265,1,1,0.09131672648100964,0.09131672648100964,A,A
2267,2267,4534,4534,-2267,-2267,1,1,0.774263426364748,0.774263426364748,A,A
2268,2268,4536,4536,-2268,-2268,1,1,0.25603718263487085,0.25603718263487085,A,A
2270,2270,4540,4540,-2270,-2270,1,1,0.5462295971738541,0.5462295971738541,A,A
2272,2272,4544,4544,-2272,-2272,1,1,0.7684138547297614,0.7684138547297614,A,A
2273,2273,4546,4546,-2273,-2273,1,1,0.8198572614582165,0.8198572614582165,A,A
2274,2274,4548,4548,-2274,-2274,1,1,0.6464419749576452,0.6464419749576452,A,A
2275,2275,4550,4550,-2275,-2275,1,1,0.6106806964843985,0.6106806964843985,A,A
2276,2276,4552,4552,-2276,-2276,1,1,0.529106812302078,0.529106812302078,A,A
2279,2279,4558,4558,-2279,-2279,1,1,0.006710890298434191,0.006710890298434191,A,A
2280,2280,4560,4560,-2280,-2280,1,1,0.6945155977988335,0.6945155977988335,A,A
2281,2281,4562,4562,-2281,-2281,1,1,0.007796527091305849,0.007796527091305849,A,A
2282,2282,4564,4564,-2282,-2282,1,1,0.33456933310212755,0.33456933310212755,A,A
2283,2283,4566,4566,-2283,-2283,1,1,0.3399670580668346,0.3399670580668346,A,A
2284,2284,4568,4568,-2284,-2284,1,1,0.958348778369241,0.958348778369241,A,A
2285,2285,4570,4570,-2285,-2285,1,1,0.8729655793137914,0.8729655793137914,A,A
2287,2287,4574,4574,-2287,-2287,1,1,0.16224805190426883,0.16224805190426883,A,A
2288,2288,4576,4576,-2288,-2288,1,1,0.08241362266914498,0.08241362266914498,A,A
2290,2290,4580,4580,-2290,-2290,1,1,0.6377577616404507,0.6377577616404507,A,A
2292,2292,4584,4584,-2292,-2292,1,1,0.3473159675906746,0.3473159675906746,A,A
2293,2293,4586,4586,-2293,-2293,1,1,0.9370695366266405,0.9370695366266405,A,A
2294,2294,4588,4588,-2294,-2294,1,1,0.8280406900758914,0.8280406900758914,A,A
2295,2295,4590,4590,-2295,-2295,1,1,0.014820551102579849,0.014820551102579849,A,A
2296,2296,4592,4592,-2296,-2296,1,1,0.8346973926934351,0.8346973926934351,A,A
2297,2297,4594,4594,-2297,-2297,1,1,0.8763670027677628,0.8763670027677628,A,A
2298,2298,4596,4596,-2298,-2298,1,1,0.8904390383458435,0.8904390383458435,A,A
2300,2300,4600,4600,-2300,-2300,1,1,0.8757639484022808,0.8757639484022808,A,A
2302,2302,4604,4604,-2302,-2302,1,1,0.808746598010453,0.808746598010453,A,A
2303,2303,4606,4606,-2303,-2303,1,1,0.2680459477395559,0.2680459477395559,A,A
2304,2304,4608,4608,-2304,-2304,1,1,0.9929236314052187,0.9929236314052187,A,A
2305,2305,4610,4610,-2305,-2305,1,1,0.4531663062812996,0.4531663062812996,A,A
2306,2306,4612,4612,-2306,-2306,1,1,0.11012710193567299,0.11012710193567299,A,A
2307,2307,4614,4614,-2307,-2307,1,1,0.7274907487570267,0.7274907487570267,A,A
2308,2308,4616,4616,-2308,-2308,1,1,0.8991884445021268,0.8991884445021268,A,A
2309,2309,4618,4618,-2309,-2309,1,1,0.9870227422427537,0.9870227422427537,A,A
2310,2310,4620,4620,-2310,-2310,1,1,0.1398136496282425,0.1398136496282425,A,A
2311,2311,4622,4622,-2311,-2311,1,1,0.8736510235311007,0.8736510235311007,A,A
2312,2312,4624,4624,-2312,-2312,1,1,0.11721256118133883,0.11721256118133883,A,A
2313,2313,4626,4626,-2313,-2313,1,1,0.7638152207843341,0.7638152207843341,A,A
2317,2317,4634,4634,-2317,-2317,1,1,0.5994001865348264,0.5994001865348264,A,A
2318,2318,4636,4636,-2318,-2318,1,1,0.12554471923060084,0.12554471923060084,A,A
2319,2319,4638,4638,-2319,-2319,1,1,0.09539481593463717,0.09539481593463717,A,A
2320,2320,4640,4640,-2320,-2320,1,1,0.7875643920035653,0.7875643920035653,A,A
2321,2321,4642,4642,-2321,-2321,1,1,0.5176746534417255,0.5176746534417255,A,A
2322,2322,4644,4644,-2322,-2322,1,1,0.9860781426473221,0.9860781426473221,A,A
2323,2323,4646,4646,-2323,-2323,1,1,0.26141761610951764,0.26141761610951764,A,A
2324,2324,4648,4648,-2324,-2324,1,1,0.7805410023429747,0.7805410023429747,A,A
2325,2325,4650,4650,-2325,-2325,1,1,0.9208448852848049,0.9208448852848049,A,A
2326,2326,4652,4652,-2326,-2326,1,1,0.31039954355697996,0.31039954355697996,A,A
2327,2327,4654,4654,-2327,-2327,1,1,0.43413736442369266,0.43413736442369266,A,A
2330,2330,4660,4660,-2330,-2330,1,1,0.4435605840124516,0.4435605840124516,A,A
2332,2332,4664,4664,-2332,-2332,1,1,0.18150566743264474,0.18150566743264474,A,A
2339,2339,4678,4678,-2339,-2339,1,1,0.6199233032601412,0.6199233032601412,A,A
2340,2340,4680,4680,-2340,-2340,1,1,0.7795113325080822,0.7795113325080822,A,A
2342,2342,4684,4684,-2342,-2342,1,1,0.21535398073265155,0.21535398073265155,A,A
2346,2346,4692,4692,-2346,-2346,1,1,0.6271103176160256,0.6271103176160256,A,A
2347,2347,4694,4694,-2347,-2347,1,1,0.7471017194213485,0.7471017194213485,A,A
2348,2348,4696,4696,-2348,-2348,1,1,0.5525501946520315,0.5525501946520315,A,A
2349,2349,4698,4698,-2349,-2349,1,1,0.5690672967954556,0.5690672967954556,A,A
2350,2350,4700,4700,-2350,-2350,1,1,0.1400213510231063,0.1400213510231063,A,A
2352,2352,4704,4704,-2352,-2352,1,1,0.36335648257788045,0.36335648257788045,A,A
2354,2354,4708,4708,-2354,-2354,1,1,0.5803660351829207,0.5803660351829207,A,A
2355,2355,4710,4710,-2355,-2355,1,1,0.4181973927318404,0.4181973927318404,A,A
2356,2356,4712,4712,-2356,-2356,1,1,0.027259951012425065,0.027259951012425065,A,A
2357,2357,4714,4714,-2357,-2357,1,1,0.6870396704323485,0.6870396704323485,A,A
2358,2358,4716,4716,-2358,-2358,1,1,0.09308509552522026,0.09308509552522026,A,A
2360,2360,4720,4720,-2360,-2360,1,1,0.6905754744564592,0.6905754744564592,A,A
2361,2361,4722,4722,-2361,-2361,1,1,0.5243224658561111,0.5243224658561111,A,A
2364,2364,4728,4728,-2364,-2364,1,1,0.31264272134814175,0.31264272134814175,A,A
2365,2365,4730,4730,-2365,-2365,1,1,0.7576761664837105,0.7576761664837105,A,A
2366,2366,4732,4732,-2366,-2366,1,1,0.07500806672666538,0.07500806672666538,A,A
2367,2367,4734,4734,-2367,-2367,1,1,0.4492330362848268,0.4492330362848268,A,A
2369,2369,4738,4738,-2369,-2369,1,1,0.5452082866258462,0.5452082866258462,A,A
2372,2372,4744,4744,-2372,-2372,1,1,0.9894971349617566,0.9894971349617566,A,A
2374,2374,4748,4748,-2374,-2374,1,1,0.12573777007779408,0.12573777007779408,A,A
2375,2375,4750,4750,-2375,-2375,1,1,0.5021699466660862,0.5021699466660862,A,A
2376,2376,4752,4752,-2376,-2376,1,1,0.9053573340332021,0.9053573340332021,A,A
2379,2379,4758,4758,-2379,-2379,1,1,0.3281298903227311,0.3281298903227311,A,A
2380,2380,4760,4760,-2380,-2380,1,1,0.5300522225750692,0.5300522225750692,A,A
2382,2382,4764,4764,-2382,-2382,1,1,0.6698489290101762,0.6698489290101762,A,A
2383,2383,4766,4766,-2383,-2383,1,1,0.9989631450135645,0.9989631450135645,A,A
2386,2386,4772,4772,-2386,-2386,1,1,0.42688015991773787,0.42688015991773787,A,A
2389,2389,4778,4778,-2389,-2389,1,1,0.4627741520523204,0.4627741520523204,A,A
2390,2390,4780,4780,-2390,-2390,1,1,0.18132245899168042,0.18132245899168042,A,A
2392,2392,4784,4784,-2392,-2392,1,1,0.5467786561476256,0.5467786561476256,A,A
2393,2393,4786,4786,-2393,-2393,1,1,0.603780334896824,0.603780334896824,A,A
2396,2396,4792,4792,-2396,-2396,1,1,0.19793577235533866,0.19793577235533866,A,A
2397,2397,4794,4794,-2397,-2397,1,1,0.17051549911377728,0.17051549911377728,A,A
2398,2398,4796,4796,-2398,-2398,1,1,0.9118337907260308,0.9118337907260308,A,A
2399,2399,4798,4798,-2399,-2399,1,1,0.7227937336665752,0.7227937336665752,A,A
2405,2405,4810,4810,-2405,-2405,1,1,0.7253568190418869,0.7253568190418869,A,A
2406,2406,4812,4812,-2406,-2406,1,1,0.8831114211127793,0.8831114211127793,A,A
2407,2407,4814,4814,-2407,-2407,1,1,0.8936795348799073,0.8936795348799073,A,A
2408,2408,4816,4816,-2408,-2408,1,1,0.6366785721710236,0.6366785721710236,A,A
2409,2409,4818,4818,-2409,-2409,1,1,0.588344560450851,0.588344560450851,A,A
2410,2410,4820,4820,-2410,-2410,1,1,0.03840826002130515,0.03840826002130515,A,A
2411,2411,4822,4822,-2411,-2411,1,1,0.8967868954068735,0.8967868954068735,A,A
2412,2412,4824,4824,-2412,-2412,1,1,0.4528903789780997,0.4528903789780997,A,A
2414,2414,4828,4828,-2414,-2414,1,1,0.7250216762703159,0.7250216762703159,A,A
2415,2415,4830,4830,-2415,-2415,1,1,0.5449318209146482,0.5449318209146482,A,A
2417,2417,4834,4834,-2417,-2417,1,1,0.8419157519136085,0.8419157519136085,A,A
2418,2418,4836,4836,-2418,-2418,1,1,0.056073268373436846,0.056073268373436846,A,A
2419,2419,4838,4838,-2419,-2419,1,1,0.08465249009281983,0.08465249009281983,A,A
2420,2420,4840,4840,-2420,-2420,1,1,0.6714749790382316,0.6714749790382316,A,A
2422,2422,4844,4844,-2422,-2422,1,1,0.3994926474062215,0.3994926474062215,A,A
2424,2424,4848,4848,-2424,-2424,1,1,0.1811277363726661,0.1811277363726661,A,A
2426,2426,4852,4852,-2426,-2426,1,1,0.4404244458630121,0.4404244458630121,A,A
2427,2427,4854,4854,-2427,-2427,1,1,0.20265350932199155,0.20265350932199155,A,A
2429,2429,4858,4858,-2429,-2429,1,1,0.7388978831613703,0.7388978831613703,A,A
2430,2430,4860,4860,-2430,-2430,1,1,0.642768042499676,0.642768042499676,A,A
2433,2433,4866,4866,-2433,-2433,1,1,0.09543259187223307,0.09543259187223307,A,A
2435,2435,4870,4870,-2435,-2435,1,1,0.5826460297479369,0.5826460297479369,A,A
2437,2437,4874,4874,-2437,-2437,1,1,0.4407363732510514,0.4407363732510514,A,A
2438,2438,4876,4876,-2438,-2438,1,1,0.25564432143213345,0.25564432143213345,A,A
2439,2439,4878,4878,-2439,-2439,1,1,0.5246657633203494,0.5246657633203494,A,A
2442,2442,4884,4884,-2442,-2442,1,1,0.5483001628439671,0.5483001628439671,A,A
2443,2443,4886,4886,-2443,-2443,1,1,0.5445439719834113,0.5445439719834113,A,A
2445,2445,4890,4890,-2445,-2445,1,1,0.011624382217633178,0.011624382217633178,A,A
2446,2446,4892,4892,-2446,-2446,1,1,0.9534505321511997,0.9534505321511997,A,A
2450,2450,4900,4900,-2450,-2450,1,1,0.41453193445949166,0.41453193445949166,A,A
2451,2451,4902,4902,-2451,-2451,1,1,0.525147550488367,0.525147550488367,A,A
2452,2452,4904,4904,-2452,-2452,1,1,0.7196454215962097,0.7196454215962097,A,A
2454,2454,4908,4908,-2454,-2454,1,1,0.07930864482355315,0.07930864482355315,A,A
2458,2458,4916,4916,-2458,-2458,1,1,0.2557501915541175,0.2557501915541175,A,A
2459,2459,4918,4918,-2459,-2459,1,1,0.3628908230583594,0.3628908230583594,A,A
2461,2461,4922,4922,-2461,-2461,1,1,0.28440789884931805,0.28440789884931805,A,A
2462,2462,4924,4924,-2462,-2462,1,1,0.7919362519312646,0.7919362519312646,A,A
2463,2463,4926,4926,-2463,-2463,1,1,0.3496784960634861,0.3496784960634861,A,A
2464,2464,4928,4928,-2464,-2464,1,1,0.6801802554606364,0.6801802554606364,A,A
2465,2465,4930,4930,-2465,-2465,1,1,0.38545609673241743,0.38545609673241743,A,A
2467,2467,4934,4934,-2467,-2467,1,1,0.15952158582129583,0.15952158582129583,A,A
2468,2468,4936,4936,-2468,-2468,1,1,0.565565400978618,0.565565400978618,A,A
2469,2469,4938,4938,-2469,-2469,1,1,0.5048719832694265,0.5048719832694265,A,A
2470,2470,4940,4940,-2470,-2470,1,1,0.7278656981602999,0.7278656981602999,A,A
2472,2472,4944,4944,-2472,-2472,1,1,0.1275614682211066,0.1275614682211066,A,A
2473,2473,4946,4946,-2473,-2473,1,1,0.4355015467859884,0.4355015467859884,A,A
2474,2474,4948,4948,-2474,-2474,1,1,0.6398126996551287,0.6398126996551287,A,A
2476,2476,4952,4952,-2476,-2476,1,1,0.3358062807706096,0.3358062807706096,A,A
2478,2478,4956,4956,-2478,-2478,1,1,0.35941346200105495,0.35941346200105495,A,A
2480,2480,4960,4960,-2480,-2480,1,1,0.13746599246964686,0.13746599246964686,A,A
2481,2481,4962,4962,-2481,-2481,1,1,0.057275274191030734,0.057275274191030734,A,A
2485,2485,4970,4970,-2485,-2485,1,1,0.4263832322909594,0.4263832322909594,A,A
2486,2486,4972,4972,-2486,-2486,1,1,0.5275027980734048,0.5275027980734048,A,A
2489,2489,4978,4978,-2489,-2489,1,1,0.9239570230926591,0.9239570230926591,A,A
2490,2490,4980,4980,-2490,-2490,1,1,0.265635346331921,0.265635346331921,A,A
2491,2491,4982,4982,-2491,-2491,1,1,0.895174528343068,0.895174528343068,A,A
2493,2493,4986,4986,-2493,-2493,1,1,0.8046203491726506,0.8046203491726506,A,A
2495,2495,4990,4990,-2495,-2495,1,1,0.43039366843618143,0.43039366843618143,A,A
2497,2497,4994,4994,-2497,-2497,1,1,0.12004972900432254,0.12004972900432254,A,A
2500,2500,5000,5000,-2500,-2500,1,1,0.6124672021154907,0.6124672021154907,A,A
2501,2501,5002,5002,-2501,-2501,1,1,0.37412866315870863,0.37412866315870863,A,A
2502,2502,5004,5004,-2502,-2502,1,1,0.392944114228992,0.392944114228992,A,A
2503,2503,5006,5006,-2503,-2503,1,1,0.780169103970615,0.780169103970615,A,A
2504,2504,5008,5008,-2504,-2504,1,1,0.16510630606638088,0.16510630606638088,A,A
2505,2505,5010,5010,-2505,-2505,1,1,0.8850687498280244,0.8850687498280244,A,A
2506,2506,5012,5012,-2506,-2506,1,1,0.5062594223679413,0.5062594223679413,A,A
2507,2507,5014,5014,-2507,-2507,1,1,0.7592689203035781,0.7592689203035781,A,A
2508,2508,5016,5016,-2508,-2508,1,1,0.35907095746251827,0.35907095746251827,A,A
2509,2509,5018,5018,-2509,-2509,1,1,0.055766886111511815,0.055766886111511815,A,A
2510,2510,5020,5020,-2510,-2510,1,1,0.3623419274007237,0.3623419274007237,A,A
2512,2512,5024,5024,-2512,-2512,1,1,0.8192944296952079,0.8192944296952079,A,A
2513,2513,5026,5026,-2513,-2513,1,1,0.9522825511563824,0.9522825511563824,A,A
2520,2520,5040,5040,-2520,-2520,1,1,0.12283866417478495,0.12283866417478495,A,A
2522,2522,5044,5044,-2522,-2522,1,1,0.5125215918070211,0.5125215918070211,A,A
2523,2523,5046,5046,-2523,-2523,1,1,0.7538152256686244,0.7538152256686244,A,A
2525,2525,5050,5050,-2525,-2525,1,1,0.5240185061879564,0.5240185061879564,A,A
2526,2526,5052,5052,-2526,-2526,1,1,0.6212302131687538,0.6212302131687538,A,A
2531,2531,5062,5062,-2531,-2531,1,1,0.8883745311070296,0.8883745311070296,A,A
2533,2533,5066,5066,-2533,-2533,1,1,0.5638608961205936,0.5638608961205936,A,A
2534,2534,5068,5068,-2534,-2534,1,1,0.6427814393507811,0.6427814393507811,A,A
2535,2535,5070,5070,-2535,-2535,1,1,0.4857520714264847,0.4857520714264847,A,A
2537,2537,5074,5074,-2537,-2537,1,1,0.3418466601938519,0.3418466601938519,A,A
2539,2539,5078,5078,-2539,-2539,1,1,0.29856391324466236,0.29856391324466236,A,A
2540,2540,5080,5080,-2540,-2540,1,1,0.5013247934431976,0.5013247934431976,A,A
2541,2541,5082,5082,-2541,-2541,1,1,0.3985231362801236,0.3985231362801236,A,A
2542,2542,5084,5084,-2542,-2542,1,1,0.4496530588770765,0.4496530588770765,A,A
2543,2543,5086,5086,-2543,-2543,1,1,0.7314275959059792,0.7314275959059792,A,A
2544,2544,5088,5088,-2544,-2544,1,1,0.07107456806599244,0.07107456806599244,A,A
2545,2545,5090,5090,-2545,-2545,1,1,0.9645364742618607,0.9645364742618607,A,A
2547,2547,5094,5094,-2547,-2547,1,1,0.5997819909809575,0.5997819909809575,A,A
2548,2548,5096,5096,-2548,-2548,1,1,0.25135392177803284,0.25135392177803284,A,A
2550,2550,5100,5100,-2550,-2550,1,1,0.17250576268993667,0.17250576268993667,A,A
2551,2551,5102,5102,-2551,-2551,1,1,0.0989094565169103,0.0989094565169103,A,A
2555,2555,5110,5110,-2555,-2555,1,1,0.4880736900947673,0.4880736900947673,A,A
2556,2556,5112,5112,-2556,-2556,1,1,0.024641762328903916,0.024641762328903916,A,A
2559,2559,5118,5118,-2559,-2559,1,1,0.4522688894375022,0.4522688894375022,A,A
2560,2560,5120,5120,-2560,-2560,1,1,0.9498464772421977,0.9498464772421977,A,A
2561,2561,5122,5122,-2561,-2561,1,1,0.5465563330762127,0.5465563330762127,A,A
2562,2562,5124,5124,-2562,-2562,1,1,0.43369657120582783,0.43369657120582783,A,A
2563,2563,5126,5126,-2563,-2563,1,1,0.24275454355383286,0.24275454355383286,A,A
2564,2564,5128,5128,-2564,-2564,1,1,0.47495992157365763,0.47495992157365763,A,A
2565,2565,5130,5130,-2565,-2565,1,1,0.8133616756151754,0.8133616756151754,A,A
2567,2567,5134,5134,-2567,-2567,1,1,0.8647155522072796,0.8647155522072796,A,A
2569,2569,5138,5138,-2569,-2569,1,1,0.23880826561523527,0.23880826561523527,A,A
2570,2570,5140,5140,-2570,-2570,1,1,0.7431671958768432,0.7431671958768432,A,A
2573,2573,5146,5146,-2573,-2573,1,1,0.22820852490295063,0.22820852490295063,A,A
2574,2574,5148,5148,-2574,-2574,1,1,0.8496166215694939,0.8496166215694939,A,A
2576,2576,5152,5152,-2576,-2576,1,1,0.6960780877628314,0.6960780877628314,A,A
2578,2578,5156,5156,-2578,-2578,1,1,0.9103837933422475,0.9103837933422475,A,A
2579,2579,5158,5158,-2579,-2579,1,1,0.7285529783041427,0.7285529783041427,A,A
2580,2580,5160,5160,-2580,-2580,1,1,0.3644063293979065,0.3644063293979065,A,A
2581,2581,5162,5162,-2581,-2581,1,1,0.2789608400292285,0.2789608400292285,A,A
2583,2583,5166,5166,-2583,-2583,1,1,0.39248324911670374,0.39248324911670374,A,A
2584,2584,5168,5168,-2584,-2584,1,1,0.3607311718967465,0.3607311718967465,A,A
2586,2586,5172,5172,-2586,-2586,1,1,0.17647171091949,0.17647171091949,A,A
2587,2587,5174,5174,-2587,-2587,1,1,0.9671543544235205,0.9671543544235205,A,A
2589,2589,5178,5178,-2589,-2589,1,1,0.12307587014743038,0.12307587014743038,A,A
2591,2591,5182,5182,-2591,-2591,1,1,0.03502309874826004,0.03502309874826004,A,A
2592,2592,5184,5184,-2592,-2592,1,1,0.24912587854490154,0.24912587854490154,A,A
2597,2597,5194,5194,-2597,-2597,1,1,0.6376518188746669,0.6376518188746669,A,A
2599,2599,5198,5198,-2599,-2599,1,1,0.7617640550690988,0.7617640550690988,A,A
2600,2600,5200,5200,-2600,-2600,1,1,0.12844247870553505,0.12844247870553505,A,A
2601,2601,5202,5202,-2601,-2601,1,1,0.9110029111239677,0.9110029111239677,A,A
2603,2603,5206,5206,-2603,-2603,1,1,0.4969251162266374,0.4969251162266374,A,A
2606,2606,5212,5212,-2606,-2606,1,1,0.5291453350677515,0.5291453350677515,A,A
2607,2607,5214,5214,-2607,-2607,1,1,0.45162097316133043,0.45162097316133043,A,A
2612,2612,5224,5224,-2612,-2612,1,1,0.910584724294081,0.910584724294081,A,A
2613,2613,5226,5226,-2613,-2613,1,1,0.077242307449507,0.077242307449507,A,A
2614,2614,5228,5228,-2614,-2614,1,1,0.40598227678491206,0.40598227678491206,A,A
2615,2615,5230,5230,-2615,-2615,1,1,0.07675936134596095,0.07675936134596095,A,A
2617,2617,5234,5234,-2617,-2617,1,1,0.2615400558956562,0.2615400558956562,A,A
2618,2618,5236,5236,-2618,-2618,1,1,0.955857026173358,0.955857026173358,A,A
2619,2619,5238,5238,-2619,-2619,1,1,0.3925947165223731,0.3925947165223731,A,A
2621,2621,5242,5242,-2621,-2621,1,1,0.8767697508080937,0.8767697508080937,A,A
2622,2622,5244,5244,-2622,-2622,1,1,0.742685293094413,0.742685293094413,A,A
2623,2623,5246,5246,-2623,-2623,1,1,0.17318401389686366,0.17318401389686366,A,A
2624,2624,5248,5248,-2624,-2624,1,1,0.4763824019729904,0.4763824019729904,A,A
2625,2625,5250,5250,-2625,-2625,1,1,0.9159743490082604,0.9159743490082604,A,A
2626,2626,5252,5252,-2626,-2626,1,1,0.5533856102967813,0.5533856102967813,A,A
2627,2627,5254,5254,-2627,-2627,1,1,0.3032245343878639,0.3032245343878639,A,A
2630,2630,5260,5260,-2630,-2630,1,1,0.030482663418534672,0.030482663418534672,A,A
2631,2631,5262,5262,-2631,-2631,1,1,0.8340106810565157,0.8340106810565157,A,A
2632,2632,5264,5264,-2632,-2632,1,1,0.42093252829723316,0.42093252829723316,A,A
2633,2633,5266,5266,-2633,-2633,1,1,0.6647295682870051,0.6647295682870051,A,A
2634,2634,5268,5268,-2634,-2634,1,1,0.7114589474477031,0.7114589474477031,A,A
2635,2635,5270,5270,-2635,-2635,1,1,0.6512127117597416,0.6512127117597416,A,A
2638,2638,5276,5276,-2638,-2638,1,1,0.017394207714067744,0.017394207714067744,A,A
2640,2640,5280,5280,-2640,-2640,1,1,0.22698789151653154,0.22698789151653154,A,A
2643,2643,5286,5286,-2643,-2643,1,1,0.24903714409874267,0.24903714409874267,A,A
2647,2647,5294,5294,-2647,-2647,1,1,0.31876767378849125,0.31876767378849125,A,A
2649,2649,5298,5298,-2649,-2649,1,1,0.48595592076357497,0.48595592076357497,A,A
2650,2650,5300,5300,-2650,-2650,1,1,0.1713542403068633,0.1713542403068633,A,A
2651,2651,5302,5302,-2651,-2651,1,1,0.537107480152843,0.537107480152843,A,A
2652,2652,5304,5304,-2652,-2652,1,1,0.9012152075196243,0.9012152075196243,A,A
2654,2654,5308,5308,-2654,-2654,1,1,0.11364343611863026,0.11364343611863026,A,A
2655,2655,5310,5310,-2655,-2655,1,1,0.3364836973944034,0.3364836973944034,A,A
2656,2656,5312,5312,-2656,-2656,1,1,0.4022514206572877,0.4022514206572877,A,A
2657,2657,5314,5314,-2657,-2657,1,1,0.3168901983777359,0.3168901983777359,A,A
2658,2658,5316,5316,-2658,-2658,1,1,0.8025404377360004,0.8025404377360004,A,A
2660,2660,5320,5320,-2660,-2660,1,1,0.101522395872084,0.101522395872084,A,A
2661,2661,5322,5322,-2661,-2661,1,1,0.8032613523842304,0.8032613523842304,A,A
2662,2662,5324,5324,-2662,-2662,1,1,0.011091629305972517,0.011091629305972517,A,A
2663,2663,5326,5326,-2663,-2663,1,1,0.5282324855010833,0.5282324855010833,A,A
2665,2665,5330,5330,-2665,-2665,1,1,0.4824357125766089,0.4824357125766089,A,A
2668,2668,5336,5336,-2668,-2668,1,1,0.14216839720584495,0.14216839720584495,A,A
2671,2671,5342,5342,-2671,-2671,1,1,0.2225248327561845,0.2225248327561845,A,A
2674,2674,5348,5348,-2674,-2674,1,1,0.7198474811284855,0.7198474811284855,A,A
2675,2675,5350,5350,-2675,-2675,1,1,0.3113224943240359,0.3113224943240359,A,A
2678,2678,5356,5356,-2678,-2678,1,1,0.3986718494499376,0.3986718494499376,A,A
2679,2679,5358,5358,-2679,-2679,1,1,0.06736335967687879,0.06736335967687879,A,A
2680,2680,5360,5360,-2680,-2680,1,1,0.0931245943949015,0.0931245943949015,A,A
2681,2681,5362,5362,-2681,-2681,1,1,0.6107015427632512,0.6107015427632512,A,A
2682,2682,5364,5364,-2682,-2682,1,1,0.07019586550984602,0.07019586550984602,A,A
2683,2683,5366,5366,-2683,-2683,1,1,0.07716368059756784,0.07716368059756784,A,A
2684,2684,5368,5368,-2684,-2684,1,1,0.5272065486732025,0.5272065486732025,A,A
2685,2685,5370,5370,-2685,-2685,1,1,0.24623785355153194,0.24623785355153194,A,A
2686,2686,5372,5372,-2686,-2686,1,1,0.6572091340364814,0.6572091340364814,A,A
2687,2687,5374,5374,-2687,-2687,1,1,0.14567219550112154,0.14567219550112154,A,A
2690,2690,5380,5380,-2690,-2690,1,1,0.5197178904890102,0.5197178904890102,A,A
2691,2691,5382,5382,-2691,-2691,1,1,0.3702498503914239,0.3702498503914239,A,A
2692,2692,5384,5384,-2692,-2692,1,1,0.3871157614578714,0.3871157614578714,A,A
2693,2693,5386,5386,-2693,-2693,1,1,0.3983774930111198,0.3983774930111198,A,A
2694,2694,5388,5388,-2694,-2694,1,1,0.5873717533345716,0.5873717533345716,A,A
2696,2696,5392,5392,-2696,-2696,1,1,0.03251960831489531,0.03251960831489531,A,A
2697,2697,5394,5394,-2697,-2697,1,1,0.7855504192213278,0.7855504192213278,A,A
2698,2698,5396,5396,-2698,-2698,1,1,0.3094630631534865,0.3094630631534865,A,A
2699,2699,5398,5398,-2699,-2699,1,1,0.4724143838750203,0.4724143838750203,A,A
2701,2701,5402,5402,-2701,-2701,1,1,0.43828725405941493,0.43828725405941493,A,A
2703,2703,5406,5406,-2703,-2703,1,1,0.16945596822731568,0.16945596822731568,A,A
2704,2704,5408,5408,-2704,-2704,1,1,0.09637025062913651,0.09637025062913651,A,A
2705,2705,5410,5410,-2705,-2705,1,1,0.13206410882320774,0.13206410882320774,A,A
2706,2706,5412,5412,-2706,-2706,1,1,0.03160682196297748,0.03160682196297748,A,A
2708,2708,5416,5416,-2708,-2708,1,1,0.5776666646083726,0.5776666646083726,A,A
2709,2709,5418,5418,-2709,-2709,1,1,0.16364818328816988,0.16364818328816988,A,A
2710,2710,5420,5420,-2710,-2710,1,1,0.12817080185100294,0.12817080185100294,A,A
2711,2711,5422,5422,-2711,-2711,1,1,0.028592209190916984,0.028592209190916984,A,A
2712,2712,5424,5424,-2712,-2712,1,1,0.2677935915605415,0.2677935915605415,A,A
2713,2713,5426,5426,-2713,-2713,1,1,0.7744721861580426,0.7744721861580426,A,A
2714,2714,5428,5428,-2714,-2714,1,1,0.8370088043560834,0.8370088043560834,A,A
2715,2715,5430,5430,-2715,-2715,1,1,0.6776299720103195,0.6776299720103195,A,A
2716,2716,5432,5432,-2716,-2716,1,1,0.056028967536260854,0.056028967536260854,A,A
2718,2718,5436,5436,-2718,-2718,1,1,0.5280455605326768,0.5280455605326768,A,A
2720,2720,5440,5440,-2720,-2720,1,1,0.6383432761254608,0.6383432761254608,A,A
2721,2721,5442,5442,-2721,-2721,1,1,0.29502886104392856,0.29502886104392856,A,A
2723,2723,5446,5446,-2723,-2723,1,1,0.4009813421870959,0.4009813421870959,A,A
2724,2724,5448,5448,-2724,-2724,1,1,0.961617227120166,0.961617227120166,A,A
2725,2725,5450,5450,-2725,-2725,1,1,0.5997266778869255,0.5997266778869255,A,A
2728,2728,5456,5456,-2728,-2728,1,1,0.6426070878494621,0.6426070878494621,A,A
2731,2731,5462,5462,-2731,-2731,1,1,0.5135597208910478,0.5135597208910478,A,A
2732,2732,5464,5464,-2732,-2732,1,1,0.40066877741697793,0.40066877741697793,A,A
2733,2733,5466,5466,-2733,-2733,1,1,0.7979136630005254,0.7979136630005254,A,A
2734,2734,5468,5468,-2734,-2734,1,1,0.47327120267450407,0.47327120267450407,A,A
2737,2737,5474,5474,-2737,-2737,1,1,0.5157670448757263,0.5157670448757263,A,A
2738,2738,5476,5476,-2738,-2738,1,1,0.00038717280749589467,0.00038717280749589467,A,A
2739,2739,5478,5478,-2739,-2739,1,1,0.47286651498225873,0.47286651498225873,A,A
2740,2740,5480,5480,-2740,-2740,1,1,0.1059754043864286,0.1059754043864286,A,A
2742,2742,5484,5484,-2742,-2742,1,1,0.8659907298381705,0.8659907298381705,A,A
2743,2743,5486,5486,-2743,-2743,1,1,0.06279811320998374,0.06279811320998374,A,A
2744,2744,5488,5488,-2744,-2744,1,1,0.07884557928458236,0.07884557928458236,A,A
2746,2746,5492,5492,-2746,-2746,1,1,0.9120656728763538,0.9120656728763538,A,A
2749,2749,5498,5498,-2749,-2749,1,1,0.4658840998360677,0.4658840998360677,A,A
2750,2750,5500,5500,-2750,-2750,1,1,0.8221548094154201,0.8221548094154201,A,A
2751,2751,5502,5502,-2751,-2751,1,1,0.4970952509147555,0.4970952509147555,A,A
2752,2752,5504,5504,-2752,-2752,1,1,0.05108725419163118,0.05108725419163118,A,A
2756,2756,5512,5512,-2756,-2756,1,1,0.04090075357285006,0.04090075357285006,A,A
2758,2758,5516,5516,-2758,-2758,1,1,0.9839675212083612,0.9839675212083612,A,A
2759,2759,5518,5518,-2759,-2759,1,1,0.9974133472091609,0.9974133472091609,A,A
2762,2762,5524,5524,-2762,-2762,1,1,0.4212002779754872,0.4212002779754872,A,A
2763,2763,5526,5526,-2763,-2763,1,1,0.2826877545823643,0.2826877545823643,A,A
2764,2764,5528,5528,-2764,-2764,1,1,0.17223767796026412,0.17223767796026412,A,A
2765,2765,5530,5530,-2765,-2765,1,1,0.5446554062480642,0.5446554062480642,A,A
2766,2766,5532,5532,-2766,-2766,1,1,0.868609096032108,0.868609096032108,A,A
2767,2767,5534,5534,-2767,-2767,1,1,0.46831594505771057,0.46831594505771057,A,A
2768,2768,5536,5536,-2768,-2768,1,1,0.3113942544976638,0.3113942544976638,A,A
2770,2770,5540,5540,-2770,-2770,1,1,0.5856408894489175,0.5856408894489175,A,A
2771,2771,5542,5542,-2771,-2771,1,1,0.18239111703771738,0.18239111703771738,A,A
2773,2773,5546,5546,-2773,-2773,1,1,0.32317335701247607,0.32317335701247607,A,A
2775,2775,5550,5550,-2775,-2775,1,1,0.9431720554768193,0.9431720554768193,A,A
2776,2776,5552,5552,-2776,-2776,1,1,0.46696084514493863,0.46696084514493863,A,A
2777,2777,5554,5554,-2777,-2777,1,1,0.9563161729514421,0.9563161729514421,A,A
2778,2778,5556,5556,-2778,-2778,1,1,0.18601979963991333,0.18601979963991333,A,A
2779,2779,5558,5558,-2779,-2779,1,1,0.43909173049499495,0.43909173049499495,A,A
2783,2783,5566,5566,-2783,-2783,1,1,0.6678971769846832,0.6678971769846832,A,A
2785,2785,5570,5570,-2785,-2785,1,1,0.3046631669820117,0.3046631669820117,A,A
2788,2788,5576,5576,-2788,-2788,1,1,0.975418529448688,0.975418529448688,A,A
2790,2790,5580,5580,-2790,-2790,1,1,0.3550616308577721,0.3550616308577721,A,A
2791,2791,5582,5582,-2791,-2791,1,1,0.9896996181307921,0.9896996181307921,A,A
2793,2793,5586,5586,-2793,-2793,1,1,0.8585594379827383,0.8585594379827383,A,A
2797,2797,5594,5594,-2797,-2797,1,1,0.6753017408507906,0.6753017408507906,A,A
2798,2798,5596,5596,-2798,-2798,1,1,0.19143367734597216,0.19143367734597216,A,A
2799,2799,5598,5598,-2799,-2799,1,1,0.41271489372372916,0.41271489372372916,A,A
2800,2800,5600,5600,-2800,-2800,1,1,0.32546129673974933,0.32546129673974933,A,A
2803,2803,5606,5606,-2803,-2803,1,1,0.7041535922840187,0.7041535922840187,A,A
2805,2805,5610,5610,-2805,-2805,1,1,0.2397477426332275,0.2397477426332275,A,A
2807,2807,5614,5614,-2807,-2807,1,1,0.14055520509476638,0.14055520509476638,A,A
2808,2808,5616,5616,-2808,-2808,1,1,0.7477151253708768,0.7477151253708768,A,A
2809,2809,5618,5618,-2809,-2809,1,1,0.5843212019384092,0.5843212019384092,A,A
2810,2810,5620,5620,-2810,-2810,1,1,0.525701681052588,0.525701681052588,A,A
2811,2811,5622,5622,-2811,-2811,1,1,0.6848438336024688,0.6848438336024688,A,A
2812,2812,5624,5624,-2812,-2812,1,1,0.8950199339846432,0.8950199339846432,A,A
2814,2814,5628,5628,-2814,-2814,1,1,0.1351962619442273,0.1351962619442273,A,A
2817,2817,5634,5634,-2817,-2817,1,1,0.5772806059985701,0.5772806059985701,A,A
2819,2819,5638,5638,-2819,-2819,1,1,0.836558371356073,0.836558371356073,A,A
2820,2820,5640,5640,-2820,-2820,1,1,0.19166139023736017,0.19166139023736017,A,A
2821,2821,5642,5642,-2821,-2821,1,1,0.01205544516226853,0.01205544516226853,A,A
2822,2822,5644,5644,-2822,-2822,1,1,0.133701284460101,0.133701284460101,A,A
2823,2823,5646,5646,-2823,-2823,1,1,0.40530270211898967,0.40530270211898967,A,A
2827,2827,5654,5654,-2827,-2827,1,1,0.5731525226375049,0.5731525226375049,A,A
2829,2829,5658,5658,-2829,-2829,1,1,0.08688639997486514,0.08688639997486514,A,A
2830,2830,5660,5660,-2830,-2830,1,1,0.09935517633125135,0.09935517633125135,A,A
2833,2833,5666,5666,-2833,-2833,1,1,0.12629189817843034,0.12629189817843034,A,A
2834,2834,5668,5668,-2834,-2834,1,1,0.4023403884442375,0.4023403884442375,A,A
2835,2835,5670,5670,-2835,-2835,1,1,0.9685631313106551,0.9685631313106551,A,A
2836,2836,5672,5672,-2836,-2836,1,1,0.9083256521470675,0.9083256521470675,A,A
2837,2837,5674,5674,-2837,-2837,1,1,0.5147680101570202,0.5147680101570202,A,A
2839,2839,5678,5678,-2839,-2839,1,1,0.12359978595468157,0.12359978595468157,A,A
2840,2840,5680,5680,-2840,-2840,1,1,0.36831043410786724,0.36831043410786724,A,A
2841,2841,5682,5682,-2841,-2841,1,1,0.0014655598935044978,0.0014655598935044978,A,A
2842,2842,5684,5684,-2842,-2842,1,1,0.6423055988617299,0.6423055988617299,A,A
2843,2843,5686,5686,-2843,-2843,1,1,0.42068946224906467,0.42068946224906467,A,A
2844,2844,5688,5688,-2844,-2844,1,1,0.3030324030705692,0.3030324030705692,A,A
2845,2845,5690,5690,-2845,-2845,1,1,0.8776646380023977,0.8776646380023977,A,A
2848,2848,5696,5696,-2848,-2848,1,1,1.9010455162393747e-05,1.9010455162393747e-05,A,A
2849,2849,5698,5698,-2849,-2849,1,1,0.3264761822977732,0.3264761822977732,A,A
2850,2850,5700,5700,-2850,-2850,1,1,0.8427954933758615,0.8427954933758615,A,A
2851,2851,5702,5702,-2851,-2851,1,1,0.5306469609884048,0.5306469609884048,A,A
2854,2854,5708,5708,-2854,-2854,1,1,0.09309896950611685,0.09309896950611685,A,A
2855,2855,5710,5710,-2855,-2855,1,1,0.16269821457457967,0.16269821457457967,A,A
2856,2856,5712,5712,-2856,-2856,1,1,0.9314575664036614,0.9314575664036614,A,A
2858,2858,5716,5716,-2858,-2858,1,1,0.31955106838573333,0.31955106838573333,A,A
2859,2859,5718,5718,-2859,-2859,1,1,0.40818168248244757,0.40818168248244757,A,A
2862,2862,5724,5724,-2862,-2862,1,1,0.352878542528257,0.352878542528257,A,A
2863,2863,5726,5726,-2863,-2863,1,1,0.2810758418852355,0.2810758418852355,A,A
2864,2864,5728,5728,-2864,-2864,1,1,0.13550590078038238,0.13550590078038238,A,A
2865,2865,5730,5730,-2865,-2865,1,1,0.6846256222635972,0.6846256222635972,A,A
2866,2866,5732,5732,-2866,-2866,1,1,0.7587628797985618,0.7587628797985618,A,A
2867,2867,5734,5734,-2867,-2867,1,1,0.8874119642601359,0.8874119642601359,A,A
2868,2868,5736,5736,-2868,-2868,1,1,0.25592469043455723,0.25592469043455723,A,A
2869,2869,5738,5738,-2869,-2869,1,1,0.9776983292462457,0.9776983292462457,A,A
2871,2871,5742,5742,-2871,-2871,1,1,0.8867641897501576,0.8867641897501576,A,A
2872,2872,5744,5744,-2872,-2872,1,1,0.379795038712867,0.379795038712867,A,A
2873,2873,5746,5746,-2873,-2873,1,1,0.20224454416825832,0.20224454416825832,A,A
2875,2875,5750,5750,-2875,-2875,1,1,0.46671707256314354,0.46671707256314354,A,A
2876,2876,5752,5752,-2876,-2876,1,1,0.132475783056065,0.132475783056065,A,A
2877,2877,5754,5754,-2877,-2877,1,1,0.7894795802009393,0.7894795802009393,A,A
2878,2878,5756,5756,-2878,-2878,1,1,0.37398130467337143,0.37398130467337143,A,A
2882,2882,5764,5764,-2882,-2882,1,1,0.563622480568914,0.563622480568914,A,A
2884,2884,5768,5768,-2884,-2884,1,1,0.5739182005035481,0.5739182005035481,A,A
2887,2887,5774,5774,-2887,-2887,1,1,0.08965441769775007,0.08965441769775007,A,A
2889,2889,5778,5778,-2889,-2889,1,1,0.9003470143527136,0.9003470143527136,A,A
2892,2892,5784,5784,-2892,-2892,1,1,0.18780453440590217,0.18780453440590217,A,A
2893,2893,5786,5786,-2893,-2893,1,1,0.22868919863736092,0.22868919863736092,A,A
2894,2894,5788,5788,-2894,-2894,1,1,0.22879693370769072,0.22879693370769072,A,A
2896,2896,5792,5792,-2896,-2896,1,1,0.8414495935721461,0.8414495935721461,A,A
2898,2898,5796,5796,-2898,-2898,1,1,0.5516964917961691,0.5516964917961691,A,A
2899,2899,5798,5798,-2899,-2899,1,1,0.01607677022742371,0.01607677022742371,A,A
2900,2900,5800,5800,-2900,-2900,1,1,0.2646724481525343,0.2646724481525343,A,A
2901,2901,5802,5802,-2901,-2901,1,1,0.3831385326747353,0.3831385326747353,A,A
2902,2902,5804,5804,-2902,-2902,1,1,0.17865750741076702,0.17865750741076702,A,A
2903,2903,5806,5806,-2903,-2903,1,1,0.2070950695685273,0.2070950695685273,A,A
2905,2905,5810,5810,-2905,-2905,1,1,0.45370634961661305,0.45370634961661305,A,A
2906,2906,5812,5812,-2906,-2906,1,1,0.704552749398611,0.704552749398611,A,A
2907,2907,5814,5814,-2907,-2907,1,1,0.5661122694246317,0.5661122694246317,A,A
2908,2908,5816,5816,-2908,-2908,1,1,0.6735843693198892,0.6735843693198892,A,A
2909,2909,5818,5818,-2909,-2909,1,1,0.9519158406737344,0.9519158406737344,A,A
2910,2910,5820,5820,-2910,-2910,1,1,0.8787402827487075,0.8787402827487075,A,A
2913,2913,5826,5826,-2913,-2913,1,1,0.47615027003297206,0.47615027003297206,A,A
2915,2915,5830,5830,-2915,-2915,1,1,0.023883366698639996,0.023883366698639996,A,A
2918,2918,5836,5836,-2918,-2918,1,1,0.03582978183027086,0.03582978183027086,A,A
2920,2920,5840,5840,-2920,-2920,1,1,0.45764840371466053,0.45764840371466053,A,A
2922,2922,5844,5844,-2922,-2922,1,1,0.19569615450366462,0.19569615450366462,A,A
2923,2923,5846,5846,-2923,-2923,1,1,0.3698417665336493,0.3698417665336493,A,A
2924,2924,5848,5848,-2924,-2924,1,1,0.653906216674255,0.653906216674255,A,A
2928,2928,5856,5856,-2928,-2928,1,1,0.8440635206897619,0.8440635206897619,A,A
2931,2931,5862,5862,-2931,-2931,1,1,0.1586796012433943,0.1586796012433943,A,A
2932,2932,5864,5864,-2932,-2932,1,1,0.586352723155533,0.586352723155533,A,A
2934,2934,5868,5868,-2934,-2934,1,1,0.16670097407621898,0.16670097407621898,A,A
2937,2937,5874,5874,-2937,-2937,1,1,0.2934316876256786,0.2934316876256786,A,A
2938,2938,5876,5876,-2938,-2938,1,1,0.8649873767220018,0.8649873767220018,A,A
2939,2939,5878,5878,-2939,-2939,1,1,0.9766033442795875,0.9766033442795875,A,A
2940,2940,5880,5880,-2940,-2940,1,1,0.43919302385342507,0.43919302385342507,A,A
2941,2941,5882,5882,-2941,-2941,1,1,0.6356281665749709,0.6356281665749709,A,A
2942,2942,5884,5884,-2942,-2942,1,1,0.40202586740020585,0.40202586740020585,A,A
2943,2943,5886,5886,-2943,-2943,1,1,0.8862481670690603,0.8862481670690603,A,A
2944,2944,5888,5888,-2944,-2944,1,1,0.14293014084809263,0.14293014084809263,A,A
2945,2945,5890,5890,-2945,-2945,1,1,0.5902750822269944,0.5902750822269944,A,A
2946,2946,5892,5892,-2946,-2946,1,1,0.7875002166047186,0.7875002166047186,A,A
2948,2948,5896,5896,-2948,-2948,1,1,0.8258998905177661,0.8258998905177661,A,A
2949,2949,5898,5898,-2949,-2949,1,1,0.24984621028470366,0.24984621028470366,A,A
2950,2950,5900,5900,-2950,-2950,1,1,0.44326576646729743,0.44326576646729743,A,A
2951,2951,5902,5902,-2951,-2951,1,1,0.10162047605378688,0.10162047605378688,A,A
2952,2952,5904,5904,-2952,-2952,1,1,0.6893141758956319,0.6893141758956319,A,A
2954,2954,5908,5908,-2954,-2954,1,1,0.7029550303913616,0.7029550303913616,A,A
2955,2955,5910,5910,-2955,-2955,1,1,0.2717370072230618,0.2717370072230618,A,A
2957,2957,5914,5914,-2957,-2957,1,1,0.12913688709209337,0.12913688709209337,A,A
2959,2959,5918,5918,-2959,-2959,1,1,0.38288601289954494,0.38288601289954494,A,A
2960,2960,5920,5920,-2960,-2960,1,1,0.6412618114705261,0.6412618114705261,A,A
2963,2963,5926,5926,-2963,-2963,1,1,0.19140085465166656,0.19140085465166656,A,A
2964,2964,5928,5928,-2964,-2964,1,1,0.957825364522584,0.957825364522584,A,A
2965,2965,5930,5930,-2965,-2965,1,1,0.18197805518559407,0.18197805518559407,A,A
2966,2966,5932,5932,-2966,-2966,1,1,0.2613695873774038,0.2613695873774038,A,A
2967,2967,5934,5934,-2967,-2967,1,1,0.41723866001316656,0.41723866001316656,A,A
2968,2968,5936,5936,-2968,-2968,1,1,0.2776914306602064,0.2776914306602064,A,A
2969,2969,5938,5938,-2969,-2969,1,1,0.193179302748968,0.193179302748968,A,A
2971,2971,5942,5942,-2971,-2971,1,1,0.8820413757183488,0.8820413757183488,A,A
2972,2972,5944,5944,-2972,-2972,1,1,0.2612136226329259,0.2612136226329259,A,A
2974,2974,5948,5948,-2974,-2974,1,1,0.47329739762192136,0.47329739762192136,A,A
2976,2976,5952,5952,-2976,-2976,1,1,0.9334876199769665,0.9334876199769665,A,A
2977,2977,5954,5954,-2977,-2977,1,1,0.2519476832499935,0.2519476832499935,A,A
2982,2982,5964,5964,-2982,-2982,1,1,0.4761305509864038,0.4761305509864038,A,A
2983,2983,5966,5966,-2983,-2983,1,1,0.5905864349429285,0.5905864349429285,A,A
2984,2984,5968,5968,-2984,-2984,1,1,0.31948367269192335,0.31948367269192335,A,A
2985,2985,5970,5970,-2985,-2985,1,1,0.4954150379952784,0.4954150379952784,A,A
2986,2986,5972,5972,-2986,-2986,1,1,0.5202005313370165,0.5202005313370165,A,A
2987,2987,5974,5974,-2987,-2987,1,1,0.6445670655581797,0.6445670655581797,A,A
2988,2988,5976,5976,-2988,-2988,1,1,0.9304938332592705,0.9304938332592705,A,A
2989,2989,5978,5978,-2989,-2989,1,1,0.3847834728281472,0.3847834728281472,A,A
2992,2992,5984,5984,-2992,-2992,1,1,0.46284943279766877,0.46284943279766877,A,A
2993,2993,5986,5986,-2993,-2993,1,1,0.3802680579283342,0.3802680579283342,A,A
2994,2994,5988,5988,-2994,-2994,1,1,0.7425369523454686,0.7425369523454686,A,A
2995,2995,5990,5990,-2995,-2995,1,1,0.21657158071327376,0.21657158071327376,A,A
2997,2997,5994,5994,-2997,-2997,1,1,0.8615207623117506,0.8615207623117506,A,A
2999,2999,5998,5998,-2999,-2999,1,1,0.6283905006426646,0.6283905006426646,A,A
3001,3001,6002,6002,-3001,-3001,1,1,0.8953177124008443,0.8953177124008443,B,B
3002,3002,6004,6004,-3002,-3002,1,1,0.685713314733058,0.685713314733058,B,B
3003,3003,6006,6006,-3003,-3003,1,1,0.12700436657714176,0.12700436657714176,B,B
3007,3007,6014,6014,-3007,-3007,1,1,0.839270909700522,0.839270909700522,B,B
3009,3009,6018,6018,-3009,-3009,1,1,0.7770232984940855,0.7770232984940855,B,B
3010,3010,6020,6020,-3010,-3010,1,1,0.08167820853565122,0.08167820853565122,B,B
3015,3015,6030,6030,-3015,-3015,1,1,0.7480311486060068,0.7480311486060068,B,B
3016,3016,6032,6032,-3016,-3016,1,1,0.5883793857232876,0.5883793857232876,B,B
3017,3017,6034,6034,-3017,-3017,1,1,0.9726113254059179,0.9726113254059179,B,B
3018,3018,6036,6036,-3018,-3018,1,1,0.5862063088213584,0.5862063088213584,B,B
3020,3020,6040,6040,-3020,-3020,1,1,0.2017708333249727,0.2017708333249727,B,B
3021,3021,6042,6042,-3021,-3021,1,1,0.32178551251038945,0.32178551251038945,B,B
3022,3022,6044,6044,-3022,-3022,1,1,0.34156166028683954,0.34156166028683954,B,B
3023,3023,6046,6046,-3023,-3023,1,1,0.706166949226658,0.706166949226658,B,B
3024,3024,6048,6048,-3024,-3024,1,1,0.15633717260319224,0.15633717260319224,B,B
3026,3026,6052,6052,-3026,-3026,1,1,0.10457961896568502,0.10457961896568502,B,B
3027,3027,6054,6054,-3027,-3027,1,1,0.39175039375443366,0.39175039375443366,B,B
3031,3031,6062,6062,-3031,-3031,1,1,0.6883360158579219,0.6883360158579219,B,B
3033,3033,6066,6066,-3033,-3033,1,1,0.22302578830648945,0.22302578830648945,B,B
3034,3034,6068,6068,-3034,-3034,1,1,0.737277053735476,0.737277053735476,B,B
3035,3035,6070,6070,-3035,-3035,1,1,0.5308261311196802,0.5308261311196802,B,B
3036,3036,6072,6072,-3036,-3036,1,1,0.36479610278936525,0.36479610278936525,B,B
3037,3037,6074,6074,-3037,-3037,1,1,0.689505118201118,0.689505118201118,B,B
3038,3038,6076,6076,-3038,-3038,1,1,0.1988523503096249,0.1988523503096249,B,B
3041,3041,6082,6082,-3041,-3041,1,1,0.4284603015766828,0.4284603015766828,B,B
3042,3042,6084,6084,-3042,-3042,1,1,0.7579266572945259,0.7579266572945259,B,B
3043,3043,6086,6086,-3043,-3043,1,1,0.31521651282724905,0.31521651282724905,B,B
3045,3045,6090,6090,-3045,-3045,1,1,0.030749087465406055,0.030749087465406055,B,B
3046,3046,6092,6092,-3046,-3046,1,1,0.8411975790197838,0.8411975790197838,B,B
3047,3047,6094,6094,-3047,-3047,1,1,0.5093919526655715,0.5093919526655715,B,B
3048,3048,6096,6096,-3048,-3048,1,1,0.5098932878273532,0.5098932878273532,B,B
3051,3051,6102,6102,-3051,-3051,1,1,0.633785039648443,0.633785039648443,B,B
3054,3054,6108,6108,-3054,-3054,1,1,0.1743220715339806,0.1743220715339806,B,B
3057,3057,6114,6114,-3057,-3057,1,1,0.2374132169719233,0.2374132169719233,B,B
3059,3059,6118,6118,-3059,-3059,1,1,0.44640995814187967,0.44640995814187967,B,B
3061,3061,6122,6122,-3061,-3061,1,1,0.4366411948202251,0.4366411948202251,B,B
3062,3062,6124,6124,-3062,-3062,1,1,0.05284753685118326,0.05284753685118326,B,B
3064,3064,6128,6128,-3064,-3064,1,1,0.22336674559290948,0.22336674559290948,B,B
3065,3065,6130,6130,-3065,-3065,1,1,0.018468392597047356,0.018468392597047356,B,B
3068,3068,6136,6136,-3068,-3068,1,1,0.4189091909353545,0.4189091909353545,B,B
3071,3071,6142,6142,-3071,-3071,1,1,0.4338846666531868,0.4338846666531868,B,B
3073,3073,6146,6146,-3073,-3073,1,1,0.6101389597318483,0.6101389597318483,B,B
3074,3074,6148,6148,-3074,-3074,1,1,0.15774580440073516,0.15774580440073516,B,B
3075,3075,6150,6150,-3075,-3075,1,1,0.7911792449275524,0.7911792449275524,B,B
3076,3076,6152,6152,-3076,-3076,1,1,0.29616599610821037,0.29616599610821037,B,B
3077,3077,6154,6154,-3077,-3077,1,1,0.35722625467258406,0.35722625467258406,B,B
3078,3078,6156,6156,-3078,-3078,1,1,0.3787865286826545,0.3787865286826545,B,B
3083,3083,6166,6166,-3083,-3083,1,1,0.023276567521322677,0.023276567521322677,B,B
3084,3084,6168,6168,-3084,-3084,1,1,0.8161499138577241,0.8161499138577241,B,B
3087,3087,6174,6174,-3087,-3087,1,1,0.2705693027389765,0.2705693027389765,B,B
3088,3088,6176,6176,-3088,-3088,1,1,0.6635397620827641,0.6635397620827641,B,B
3089,3089,6178,6178,-3089,-3089,1,1,0.14930209655414872,0.14930209655414872,B,B
3090,3090,6180,6180,-3090,-3090,1,1,0.034177002655915945,0.034177002655915945,B,B
3091,3091,6182,6182,-3091,-3091,1,1,0.15267477063286683,0.15267477063286683,B,B
3094,3094,6188,6188,-3094,-3094,1,1,0.33902746265033723,0.33902746265033723,B,B
3095,3095,6190,6190,-3095,-3095,1,1,0.07553408336420075,0.07553408336420075,B,B
3096,3096,6192,6192,-3096,-3096,1,1,0.4585114469559475,0.4585114469559475,B,B
3097,3097,6194,6194,-3097,-3097,1,1,0.868030919152042,0.868030919152042,B,B
3100,3100,6200,6200,-3100,-3100,1,1,0.12780706710488454,0.12780706710488454,B,B
3101,3101,6202,6202,-3101,-3101,1,1,0.5381803948194924,0.5381803948194924,B,B
3102,3102,6204,6204,-3102,-3102,1,1,0.07764543412063474,0.07764543412063474,B,B
3103,3103,6206,6206,-3103,-3103,1,1,0.5037373165942636,0.5037373165942636,B,B
3104,3104,6208,6208,-3104,-3104,1,1,0.3268067582853964,0.3268067582853964,B,B
3105,3105,6210,6210,-3105,-3105,1,1,0.7580385057794692,0.7580385057794692,B,B
3106,3106,6212,6212,-3106,-3106,1,1,0.1602846479867328,0.1602846479867328,B,B
3108,3108,6216,6216,-3108,-3108,1,1,0.16921433050155688,0.16921433050155688,B,B
3110,3110,6220,6220,-3110,-3110,1,1,0.41947294171614913,0.41947294171614913,B,B
3111,3111,6222,6222,-3111,-3111,1,1,0.4022508668458752,0.4022508668458752,B,B
3113,3113,6226,6226,-3113,-3113,1,1,0.6343138874265132,0.6343138874265132,B,B
3114,3114,6228,6228,-3114,-3114,1,1,0.6066924111209372,0.6066924111209372,B,B
3115,3115,6230,6230,-3115,-3115,1,1,0.7580246451902377,0.7580246451902377,B,B
3117,3117,6234,6234,-3117,-3117,1,1,0.6178948331143492,0.6178948331143492,B,B
3119,3119,6238,6238,-3119,-3119,1,1,0.21331640463993728,0.21331640463993728,B,B
3120,3120,6240,6240,-3120,-3120,1,1,0.6134891929199974,0.6134891929199974,B,B
3121,3121,6242,6242,-3121,-3121,1,1,0.7947534119191999,0.7947534119191999,B,B
3122,3122,6244,6244,-3122,-3122,1,1,0.8640687108030856,0.8640687108030856,B,B
3123,3123,6246,6246,-3123,-3123,1,1,0.14211089818132105,0.14211089818132105,B,B
3124,3124,6248,6248,-3124,-3124,1,1,0.8980443546276635,0.8980443546276635,B,B
3125,3125,6250,6250,-3125,-3125,1,1,0.14972166004583287,0.14972166004583287,B,B
3126,3126,6252,6252,-3126,-3126,1,1,0.014131347338847133,0.014131347338847133,B,B
3128,3128,6256,6256,-3128,-3128,1,1,0.5380456665682349,0.5380456665682349,B,B
3129,3129,6258,6258,-3129,-3129,1,1,0.5941329997057194,0.5941329997057194,B,B
3130,3130,6260,6260,-3130,-3130,1,1,0.3098292567853014,0.3098292567853014,B,B
3131,3131,6262,6262,-3131,-3131,1,1,0.9258815285101103,0.9258815285101103,B,B
3132,3132,6264,6264,-3132,-3132,1,1,0.9716303109915062,0.9716303109915062,B,B
3133,3133,6266,6266,-3133,-3133,1,1,0.0272978631212466,0.0272978631212466,B,B
3134,3134,6268,6268,-3134,-3134,1,1,0.8041011862411632,0.8041011862411632,B,B
3138,3138,6276,6276,-3138,-3138,1,1,0.6537739141620987,0.6537739141620987,B,B
3139,3139,6278,6278,-3139,-3139,1,1,0.552894523891626,0.552894523891626,B,B
3141,3141,6282,6282,-3141,-3141,1,1,0.20025673338252492,0.20025673338252492,B,B
3145,3145,6290,6290,-3145,-3145,1,1,0.7655091234969367,0.7655091234969367,B,B
3146,3146,6292,6292,-3146,-3146,1,1,0.3678809614968138,0.3678809614968138,B,B
3147,3147,6294,6294,-3147,-3147,1,1,0.10750907245534236,0.10750907245534236,B,B
3148,3148,6296,6296,-3148,-3148,1,1,0.7167981503895511,0.7167981503895511,B,B
3149,3149,6298,6298,-3149,-3149,1,1,0.2147197481648292,0.2147197481648292,B,B
3150,3150,6300,6300,-3150,-3150,1,1,0.6297594624827286,0.6297594624827286,B,B
3151,3151,6302,6302,-3151,-3151,1,1,0.5061144061967039,0.5061144061967039,B,B
3152,3152,6304,6304,-3152,-3152,1,1,0.8225180649170848,0.8225180649170848,B,B
3153,3153,6306,6306,-3153,-3153,1,1,0.9489375342362062,0.9489375342362062,B,B
3155,3155,6310,6310,-3155,-3155,1,1,0.34469567080643637,0.34469567080643637,B,B
3156,3156,6312,6312,-3156,-3156,1,1,0.24186032811415936,0.24186032811415936,B,B
3158,3158,6316,6316,-3158,-3158,1,1,0.5958461615290144,0.5958461615290144,B,B
3159,3159,6318,6318,-3159,-3159,1,1,0.5768975039661932,0.5768975039661932,B,B
3160,3160,6320,6320,-3160,-3160,1,1,0.18888551743135384,0.18888551743135384,B,B
3161,3161,6322,6322,-3161,-3161,1,1,0.14412445341468916,0.14412445341468916,B,B
3162,3162,6324,6324,-3162,-3162,1,1,0.9468638771207898,0.9468638771207898,B,B
3163,3163,6326,6326,-3163,-3163,1,1,0.8226445489177359,0.8226445489177359,B,B
3164,3164,6328,6328,-3164,-3164,1,1,0.7871361625851694,0.7871361625851694,B,B
3166,3166,6332,6332,-3166,-3166,1,1,0.974477602513045,0.974477602513045,B,B
3167,3167,6334,6334,-3167,-3167,1,1,0.37854534884766244,0.37854534884766244,B,B
3175,3175,6350,6350,-3175,-3175,1,1,0.570871766354719,0.570871766354719,B,B
3177,3177,6354,6354,-3177,-3177,1,1,0.35123836799770214,0.35123836799770214,B,B
3178,3178,6356,6356,-3178,-3178,1,1,0.5379507299752715,0.5379507299752715,B,B
3179,3179,6358,6358,-3179,-3179,1,1,0.4303573696069931,0.4303573696069931,B,B
3180,3180,6360,6360,-3180,-3180,1,1,0.9943525491820965,0.9943525491820965,B,B
3182,3182,6364,6364,-3182,-3182,1,1,0.6891912680346909,0.6891912680346909,B,B
3183,3183,6366,6366,-3183,-3183,1,1,0.17367065293961603,0.17367065293961603,B,B
3186,3186,6372,6372,-3186,-3186,1,1,0.5178486534893434,0.5178486534893434,B,B
3188,3188,6376,6376,-3188,-3188,1,1,0.2234687341981887,0.2234687341981887,B,B
3189,3189,6378,6378,-3189,-3189,1,1,0.6351267934133166,0.6351267934133166,B,B
3190,3190,6380,6380,-3190,-3190,1,1,0.33392851674272206,0.33392851674272206,B,B
3191,3191,6382,6382,-3191,-3191,1,1,0.9720769144153268,0.9720769144153268,B,B
3192,3192,6384,6384,-3192,-3192,1,1,0.2619811644411777,0.2619811644411777,B,B
3194,3194,6388,6388,-3194,-3194,1,1,0.56603695514831,0.56603695514831,B,B
3195,3195,6390,6390,-3195,-3195,1,1,0.5235393201510686,0.5235393201510686,B,B
3197,3197,6394,6394,-3197,-3197,1,1,0.38291931618061725,0.38291931618061725,B,B
3198,3198,6396,6396,-3198,-3198,1,1,0.6757900332140978,0.6757900332140978,B,B
3199,3199,6398,6398,-3199,-3199,1,1,0.4831832365532005,0.4831832365532005,B,B
3201,3201,6402,6402,-3201,-3201,1,1,0.16645667286915877,0.16645667286915877,B,B
3204,3204,6408,6408,-3204,-3204,1,1,0.4558497224408975,0.4558497224408975,B,B
3205,3205,6410,6410,-3205,-3205,1,1,0.999863511381377,0.999863511381377,B,B
3206,3206,6412,6412,-3206,-3206,1,1,0.09072610509395351,0.09072610509395351,B,B
3207,3207,6414,6414,-3207,-3207,1,1,0.5737760486208773,0.5737760486208773,B,B
3209,3209,6418,6418,-3209,-3209,1,1,0.0954999185506974,0.0954999185506974,B,B
3210,3210,6420,6420,-3210,-3210,1,1,0.9057837916274852,0.9057837916274852,B,B
3211,3211,6422,6422,-3211,-3211,1,1,0.8474280093834162,0.8474280093834162,B,B
3213,3213,6426,6426,-3213,-3213,1,1,0.8666530590234105,0.8666530590234105,B,B
3214,3214,6428,6428,-3214,-3214,1,1,0.48826440718917885,0.48826440718917885,B,B
3216,3216,6432,6432,-3216,-3216,1,1,0.20831941590358793,0.20831941590358793,B,B
3217,3217,6434,6434,-3217,-3217,1,1,0.16078642369560736,0.16078642369560736,B,B
3218,3218,6436,6436,-3218,-3218,1,1,0.6593770523815216,0.6593770523815216,B,B
3219,3219,6438,6438,-3219,-3219,1,1,0.06927680747196074,0.06927680747196074,B,B
3223,3223,6446,6446,-3223,-3223,1,1,0.1272370169144107,0.1272370169144107,B,B
3225,3225,6450,6450,-3225,-3225,1,1,0.8263932158397851,0.8263932158397851,B,B
3226,3226,6452,6452,-3226,-3226,1,1,0.7473965627759239,0.7473965627759239,B,B
3227,3227,6454,6454,-3227,-3227,1,1,0.9058676876440147,0.9058676876440147,B,B
3228,3228,6456,6456,-3228,-3228,1,1,0.08781181315154463,0.08781181315154463,B,B
3230,3230,6460,6460,-3230,-3230,1,1,0.0683100692371087,0.0683100692371087,B,B
3231,3231,6462,6462,-3231,-3231,1,1,0.5787248904313319,0.5787248904313319,B,B
3233,3233,6466,6466,-3233,-3233,1,1,0.7690850444290797,0.7690850444290797,B,B
3234,3234,6468,6468,-3234,-3234,1,1,0.027926108384799253,0.027926108384799253,B,B
3235,3235,6470,6470,-3235,-3235,1,1,0.6284306724285827,0.6284306724285827,B,B
3239,3239,6478,6478,-3239,-3239,1,1,0.22005763728982142,0.22005763728982142,B,B
3240,3240,6480,6480,-3240,-3240,1,1,0.30409950022182486,0.30409950022182486,B,B
3241,3241,6482,6482,-3241,-3241,1,1,0.15989721321081807,0.15989721321081807,B,B
3243,3243,6486,6486,-3243,-3243,1,1,0.6391213909227825,0.6391213909227825,B,B
3244,3244,6488,6488,-3244,-3244,1,1,0.6923596584327348,0.6923596584327348,B,B
3245,3245,6490,6490,-3245,-3245,1,1,0.341320815298381,0.341320815298381,B,B
3246,3246,6492,6492,-3246,-3246,1,1,0.9593890202831591,0.9593890202831591,B,B
3247,3247,6494,6494,-3247,-3247,1,1,0.8391943316087501,0.8391943316087501,B,B
3248,3248,6496,6496,-3248,-3248,1,1,0.9681954242596875,0.9681954242596875,B,B
3249,3249,6498,6498,-3249,-3249,1,1,0.2636716935221941,0.2636716935221941,B,B
3250,3250,6500,6500,-3250,-3250,1,1,0.7484743211262558,0.7484743211262558,B,B
3252,3252,6504,6504,-3252,-3252,1,1,0.08596227387983901,0.08596227387983901,B,B
3254,3254,6508,6508,-3254,-3254,1,1,0.7056549273877057,0.7056549273877057,B,B
3256,3256,6512,6512,-3256,-3256,1,1,0.7204875342172912,0.7204875342172912,B,B
3258,3258,6516,6516,-3258,-3258,1,1,0.2754902709543311,0.2754902709543311,B,B
3260,3260,6520,6520,-3260,-3260,1,1,0.39544834905571546,0.39544834905571546,B,B
3262,3262,6524,6524,-3262,-3262,1,1,0.25159061642138425,0.25159061642138425,B,B
3263,3263,6526,6526,-3263,-3263,1,1,0.6266685250693192,0.6266685250693192,B,B
3264,3264,6528,6528,-3264,-3264,1,1,0.05307706327055939,0.05307706327055939,B,B
3265,3265,6530,6530,-3265,-3265,1,1,0.5933377606466024,0.5933377606466024,B,B
3266,3266,6532,6532,-3266,-3266,1,1,0.5188943989507375,0.5188943989507375,B,B
3267,3267,6534,6534,-3267,-3267,1,1,0.17106999010687296,0.17106999010687296,B,B
3268,3268,6536,6536,-3268,-3268,1,1,0.7884851253171361,0.7884851253171361,B,B
3269,3269,6538,6538,-3269,-3269,1,1,0.48586563729608756,0.48586563729608756,B,B
3270,3270,6540,6540,-3270,-3270,1,1,0.10954597096145324,0.10954597096145324,B,B
3271,3271,6542,6542,-3271,-3271,1,1,0.008340006028384694,0.008340006028384694,B,B
3273,3273,6546,6546,-3273,-3273,1,1,0.1648092482975151,0.1648092482975151,B,B
3274,3274,6548,6548,-3274,-3274,1,1,0.6083020434001759,0.6083020434001759,B,B
3279,3279,6558,6558,-3279,-3279,1,1,0.10332125679851589,0.10332125679851589,B,B
3280,3280,6560,6560,-3280,-3280,1,1,0.6098730363287023,0.6098730363287023,B,B
3281,3281,6562,6562,-3281,-3281,1,1,0.2523461316798393,0.2523461316798393,B,B
3282,3282,6564,6564,-3282,-3282,1,1,0.6927742288461433,0.6927742288461433,B,B
3286,3286,6572,6572,-3286,-3286,1,1,0.3921688317981835,0.3921688317981835,B,B
3287,3287,6574,6574,-3287,-3287,1,1,0.004565904953090283,0.004565904953090283,B,B
3288,3288,6576,6576,-3288,-3288,1,1,0.8640426769788171,0.8640426769788171,B,B
3289,3289,6578,6578,-3289,-3289,1,1,0.051086333377212245,0.051086333377212245,B,B
3291,3291,6582,6582,-3291,-3291,1,1,0.4605609677600513,0.4605609677600513,B,B
3292,3292,6584,6584,-3292,-3292,1,1,0.6027028592062148,0.6027028592062148,B,B
3293,3293,6586,6586,-3293,-3293,1,1,0.36132481912701486,0.36132481912701486,B,B
3294,3294,6588,6588,-3294,-3294,1,1,0.5762729908066979,0.5762729908066979,B,B
3296,3296,6592,6592,-3296,-3296,1,1,0.10681514949348259,0.10681514949348259,B,B
3297,3297,6594,6594,-3297,-3297,1,1,0.6597750406584207,0.6597750406584207,B,B
3298,3298,6596,6596,-3298,-3298,1,1,0.044192974641992566,0.044192974641992566,B,B
3299,3299,6598,6598,-3299,-3299,1,1,0.30376155560481943,0.30376155560481943,B,B
3300,3300,6600,6600,-3300,-3300,1,1,0.8620173162329305,0.8620173162329305,B,B
3303,3303,6606,6606,-3303,-3303,1,1,0.2395338341888842,0.2395338341888842,B,B
3304,3304,6608,6608,-3304,-3304,1,1,0.42087669444844167,0.42087669444844167,B,B
3306,3306,6612,6612,-3306,-3306,1,1,0.599776239611761,0.599776239611761,B,B
3307,3307,6614,6614,-3307,-3307,1,1,0.7683507022191779,0.7683507022191779,B,B
3308,3308,6616,6616,-3308,-3308,1,1,0.7140202930922839,0.7140202930922839,B,B
3309,3309,6618,6618,-3309,-3309,1,1,0.17186297738255008,0.17186297738255008,B,B
3311,3311,6622,6622,-3311,-3311,1,1,0.4090723004231903,0.4090723004231903,B,B
3312,3312,6624,6624,-3312,-3312,1,1,0.04852163040416935,0.04852163040416935,B,B
3313,3313,6626,6626,-3313,-3313,1,1,0.7603465987500985,0.7603465987500985,B,B
3314,3314,6628,6628,-3314,-3314,1,1,0.7464262404287192,0.7464262404287192,B,B
3318,3318,6636,6636,-3318,-3318,1,1,0.85712882459322,0.85712882459322,B,B
3319,3319,6638,6638,-3319,-3319,1,1,0.6071133902487345,0.6071133902487345,B,B
3320,3320,6640,6640,-3320,-3320,1,1,0.8971122927360496,0.8971122927360496,B,B
3322,3322,6644,6644,-3322,-3322,1,1,0.7855114177297841,0.7855114177297841,B,B
3323,3323,6646,6646,-3323,-3323,1,1,0.017057308265334803,0.017057308265334803,B,B
3324,3324,6648,6648,-3324,-3324,1,1,0.5740224522143414,0.5740224522143414,B,B
3327,3327,6654,6654,-3327,-3327,1,1,0.2946663252477434,0.2946663252477434,B,B
3332,3332,6664,6664,-3332,-3332,1,1,0.21469613829070222,0.21469613829070222,B,B
3335,3335,6670,6670,-3335,-3335,1,1,0.2880089652863539,0.2880089652863539,B,B
3340,3340,6680,6680,-3340,-3340,1,1,0.8785907853916027,0.8785907853916027,B,B
3341,3341,6682,6682,-3341,-3341,1,1,0.46729127991572716,0.46729127991572716,B,B
3343,3343,6686,6686,-3343,-3343,1,1,0.634972227200766,0.634972227200766,B,B
3344,3344,6688,6688,-3344,-3344,1,1,0.6521533359581325,0.6521533359581325,B,B
3348,3348,6696,6696,-3348,-3348,1,1,0.2831947142179495,0.2831947142179495,B,B
3349,3349,6698,6698,-3349,-3349,1,1,0.22337959219635395,0.22337959219635395,B,B
3352,3352,6704,6704,-3352,-3352,1,1,0.4092969986299688,0.4092969986299688,B,B
3353,3353,6706,6706,-3353,-3353,1,1,0.6095469701888614,0.6095469701888614,B,B
3355,3355,6710,6710,-3355,-3355,1,1,0.16373323367234238,0.16373323367234238,B,B
3357,3357,6714,6714,-3357,-3357,1,1,0.6212170787433495,0.6212170787433495,B,B
3358,3358,6716,6716,-3358,-3358,1,1,0.34563546046931193,0.34563546046931193,B,B
3360,3360,6720,6720,-3360,-3360,1,1,0.8649349181126861,0.8649349181126861,B,B
3361,3361,6722,6722,-3361,-3361,1,1,0.9270836022302812,0.9270836022302812,B,B
3362,3362,6724,6724,-3362,-3362,1,1,0.23395965741098845,0.23395965741098845,B,B
3363,3363,6726,6726,-3363,-3363,1,1,0.3790557914378955,0.3790557914378955,B,B
3366,3366,6732,6732,-3366,-3366,1,1,0.27417311119336807,0.27417311119336807,B,B
3368,3368,6736,6736,-3368,-3368,1,1,0.652304572415332,0.652304572415332,B,B
3369,3369,6738,6738,-3369,-3369,1,1,0.15727825919724114,0.15727825919724114,B,B
3370,3370,6740,6740,-3370,-3370,1,1,0.3103893312798959,0.3103893312798959,B,B
3371,3371,6742,6742,-3371,-3371,1,1,0.4873406715829163,0.4873406715829163,B,B
3372,3372,6744,6744,-3372,-3372,1,1,0.5827284557881642,0.5827284557881642,B,B
3373,3373,6746,6746,-3373,-3373,1,1,0.9436054510686056,0.9436054510686056,B,B
3377,3377,6754,6754,-3377,-3377,1,1,0.22685613910116298,0.22685613910116298,B,B
3378,3378,6756,6756,-3378,-3378,1,1,0.8919612615307886,0.8919612615307886,B,B
3382,3382,6764,6764,-3382,-3382,1,1,0.6046461867574996,0.6046461867574996,B,B
3383,3383,6766,6766,-3383,-3383,1,1,0.9547391151111049,0.9547391151111049,B,B
3384,3384,6768,6768,-3384,-3384,1,1,0.27373237551986207,0.27373237551986207,B,B
3386,3386,6772,6772,-3386,-3386,1,1,0.340949350907506,0.340949350907506,B,B
3387,3387,6774,6774,-3387,-3387,1,1,0.08449074322522654,0.08449074322522654,B,B
3388,3388,6776,6776,-3388,-3388,1,1,0.5284361326591914,0.5284361326591914,B,B
3391,3391,6782,6782,-3391,-3391,1,1,0.6792105193504102,0.6792105193504102,B,B
3392,3392,6784,6784,-3392,-3392,1,1,0.24672019031479586,0.24672019031479586,B,B
3393,3393,6786,6786,-3393,-3393,1,1,0.7225455709303213,0.7225455709303213,B,B
3394,3394,6788,6788,-3394,-3394,1,1,0.08480526601193994,0.08480526601193994,B,B
3395,3395,6790,6790,-3395,-3395,1,1,0.3885440667941955,0.3885440667941955,B,B
3396,3396,6792,6792,-3396,-3396,1,1,0.6917047830737384,0.6917047830737384,B,B
3397,3397,6794,6794,-3397,-3397,1,1,0.12849240779257054,0.12849240779257054,B,B
3399,3399,6798,6798,-3399,-3399,1,1,0.8765809250276536,0.8765809250276536,B,B
3400,3400,6800,6800,-3400,-3400,1,1,0.6755842443993141,0.6755842443993141,B,B
3401,3401,6802,6802,-3401,-3401,1,1,0.8589080931482268,0.8589080931482268,B,B
3407,3407,6814,6814,-3407,-3407,1,1,0.5468714672783619,0.5468714672783619,B,B
3408,3408,6816,6816,-3408,-3408,1,1,0.029446496303444647,0.029446496303444647,B,B
3410,3410,6820,6820,-3410,-3410,1,1,0.8716968912324021,0.8716968912324021,B,B
3411,3411,6822,6822,-3411,-3411,1,1,0.1762935677400007,0.1762935677400007,B,B
3412,3412,6824,6824,-3412,-3412,1,1,0.683314993994542,0.683314993994542,B,B
3413,3413,6826,6826,-3413,-3413,1,1,0.26989869291042423,0.26989869291042423,B,B
3414,3414,6828,6828,-3414,-3414,1,1,0.9886306929434113,0.9886306929434113,B,B
3416,3416,6832,6832,-3416,-3416,1,1,0.6031497746209963,0.6031497746209963,B,B
3417,3417,6834,6834,-3417,-3417,1,1,0.997089476059083,0.997089476059083,B,B
3419,3419,6838,6838,-3419,-3419,1,1,0.842350493276655,0.842350493276655,B,B
3420,3420,6840,6840,-3420,-3420,1,1,0.799165360023791,0.799165360023791,B,B
3421,3421,6842,6842,-3421,-3421,1,1,0.9103184468766172,0.9103184468766172,B,B
3422,3422,6844,6844,-3422,-3422,1,1,0.5678028189844261,0.5678028189844261,B,B
3423,3423,6846,6846,-3423,-3423,1,1,0.47946956123527296,0.47946956123527296,B,B
3424,3424,6848,6848,-3424,-3424,1,1,0.9922149009563939,0.9922149009563939,B,B
3427,3427,6854,6854,-3427,-3427,1,1,0.9768924614945508,0.9768924614945508,B,B
3429,3429,6858,6858,-3429,-3429,1,1,0.9602480503044919,0.9602480503044919,B,B
3430,3430,6860,6860,-3430,-3430,1,1,0.8468929546000591,0.8468929546000591,B,B
3431,3431,6862,6862,-3431,-3431,1,1,0.1717303457018755,0.1717303457018755,B,B
3432,3432,6864,6864,-3432,-3432,1,1,0.08754667023300289,0.08754667023300289,B,B
3434,3434,6868,6868,-3434,-3434,1,1,0.2887562962391964,0.2887562962391964,B,B
3440,3440,6880,6880,-3440,-3440,1,1,0.9130029137911103,0.9130029137911103,B,B
3441,3441,6882,6882,-3441,-3441,1,1,0.6309498004688745,0.6309498004688745,B,B
3443,3443,6886,6886,-3443,-3443,1,1,0.11230100591848902,0.11230100591848902,B,B
3446,3446,6892,6892,-3446,-3446,1,1,0.43387096658175106,0.43387096658175106,B,B
3447,3447,6894,6894,-3447,-3447,1,1,0.23328608174486276,0.23328608174486276,B,B
3448,3448,6896,6896,-3448,-3448,1,1,0.17619367765625804,0.17619367765625804,B,B
3449,3449,6898,6898,-3449,-3449,1,1,0.9532836771228452,0.9532836771228452,B,B
3451,3451,6902,6902,-3451,-3451,1,1,0.5310642706249497,0.5310642706249497,B,B
3452,3452,6904,6904,-3452,-3452,1,1,0.3079486980841407,0.3079486980841407,B,B
3455,3455,6910,6910,-3455,-3455,1,1,0.4801228264404711,0.4801228264404711,B,B
3456,3456,6912,6912,-3456,-3456,1,1,0.4614622175137081,0.4614622175137081,B,B
3458,3458,6916,6916,-3458,-3458,1,1,0.9657582748153548,0.9657582748153548,B,B
3459,3459,6918,6918,-3459,-3459,1,1,0.040649829323262665,0.040649829323262665,B,B
3460,3460,6920,6920,-3460,-3460,1,1,0.1260240492140433,0.1260240492140433,B,B
3462,3462,6924,6924,-3462,-3462,1,1,0.30694547942106964,0.30694547942106964,B,B
3463,3463,6926,6926,-3463,-3463,1,1,0.9600678821561606,0.9600678821561606,B,B
3465,3465,6930,6930,-3465,-3465,1,1,0.4718477937896328,0.4718477937896328,B,B
3467,3467,6934,6934,-3467,-3467,1,1,0.5339374954242522,0.5339374954242522,B,B
3468,3468,6936,6936,-3468,-3468,1,1,0.4809299737060424,0.4809299737060424,B,B
3470,3470,6940,6940,-3470,-3470,1,1,0.0019659752873639746,0.0019659752873639746,B,B
3471,3471,6942,6942,-3471,-3471,1,1,0.11145570031570773,0.11145570031570773,B,B
3472,3472,6944,6944,-3472,-3472,1,1,0.15156545966589607,0.15156545966589607,B,B
3473,3473,6946,6946,-3473,-3473,1,1,0.018828493743517583,0.018828493743517583,B,B
3475,3475,6950,6950,-3475,-3475,1,1,0.712034485261449,0.712034485261449,B,B
3477,3477,6954,6954,-3477,-3477,1,1,0.6215406093417128,0.6215406093417128,B,B
3478,3478,6956,6956,-3478,-3478,1,1,0.7024310485158437,0.7024310485158437,B,B
3479,3479,6958,6958,-3479,-3479,1,1,0.7995482451062171,0.7995482451062171,B,B
3480,3480,6960,6960,-3480,-3480,1,1,0.5212436206335592,0.5212436206335592,B,B
3481,3481,6962,6962,-3481,-3481,1,1,0.9459616268878812,0.9459616268878812,B,B
3483,3483,6966,6966,-3483,-3483,1,1,0.0005075270431896817,0.0005075270431896817,B,B
3484,3484,6968,6968,-3484,-3484,1,1,0.4758497753251484,0.4758497753251484,B,B
3486,3486,6972,6972,-3486,-3486,1,1,0.12409434121645646,0.12409434121645646,B,B
3487,3487,6974,6974,-3487,-3487,1,1,0.855370837435498,0.855370837435498,B,B
3488,3488,6976,6976,-3488,-3488,1,1,0.023270915181421326,0.023270915181421326,B,B
3489,3489,6978,6978,-3489,-3489,1,1,0.8022431075776492,0.8022431075776492,B,B
3490,3490,6980,6980,-3490,-3490,1,1,0.31820549040782853,0.31820549040782853,B,B
3492,3492,6984,6984,-3492,-3492,1,1,0.5775817516074838,0.5775817516074838,B,B
3494,3494,6988,6988,-3494,-3494,1,1,0.5453209683719277,0.5453209683719277,B,B
3496,3496,6992,6992,-3496,-3496,1,1,0.5217111660973238,0.5217111660973238,B,B
3497,3497,6994,6994,-3497,-3497,1,1,0.642072702162642,0.642072702162642,B,B
3498,3498,6996,6996,-3498,-3498,1,1,0.30336331950493134,0.30336331950493134,B,B
3499,3499,6998,6998,-3499,-3499,1,1,0.7876284767652983,0.7876284767652983,B,B
3500,3500,7000,7000,-3500,-3500,1,1,0.11609567128911003,0.11609567128911003,B,B
3501,3501,7002,7002,-3501,-3501,1,1,0.5535692359869752,0.5535692359869752,B,B
3503,3503,7006,7006,-3503,-3503,1,1,0.22343215926441562,0.22343215926441562,B,B
3506,3506,7012,7012,-3506,-3506,1,1,0.3432154729865047,0.3432154729865047,B,B
3507,3507,7014,7014,-3507,-3507,1,1,0.3354196738334697,0.3354196738334697,B,B
3508,3508,7016,7016,-3508,-3508,1,1,0.9147551844229224,0.9147551844229224,B,B
3514,3514,7028,7028,-3514,-3514,1,1,0.07958521031903643,0.07958521031903643,B,B
3515,3515,7030,7030,-3515,-3515,1,1,0.5479814494619952,0.5479814494619952,B,B
3516,3516,7032,7032,-3516,-3516,1,1,0.12364153055501403,0.12364153055501403,B,B
3517,3517,7034,7034,-3517,-3517,1,1,0.8933924058252142,0.8933924058252142,B,B
3518,3518,7036,7036,-3518,-3518,1,1,0.67018526532022,0.67018526532022,B,B
3520,3520,7040,7040,-3520,-3520,1,1,0.536029251438858,0.536029251438858,B,B
3523,3523,7046,7046,-3523,-3523,1,1,0.40294430571884754,0.40294430571884754,B,B
3525,3525,7050,7050,-3525,-3525,1,1,0.12317621658248779,0.12317621658248779,B,B
3528,3528,7056,7056,-3528,-3528,1,1,0.913612201909357,0.913612201909357,B,B
3530,3530,7060,7060,-3530,-3530,1,1,0.4110258744885972,0.4110258744885972,B,B
3531,3531,7062,7062,-3531,-3531,1,1,0.7703893993393346,0.7703893993393346,B,B
3533,3533,7066,7066,-3533,-3533,1,1,0.5147929882518844,0.5147929882518844,B,B
3535,3535,7070,7070,-3535,-3535,1,1,0.6820814319107834,0.6820814319107834,B,B
3536,3536,7072,7072,-3536,-3536,1,1,0.24327497678196797,0.24327497678196797,B,B
3537,3537,7074,7074,-3537,-3537,1,1,0.6993300238665905,0.6993300238665905,B,B
3540,3540,7080,7080,-3540,-3540,1,1,0.4034765958867824,0.4034765958867824,B,B
3541,3541,7082,7082,-3541,-3541,1,1,0.5070432068775794,0.5070432068775794,B,B
3542,3542,7084,7084,-3542,-3542,1,1,0.78281150914324,0.78281150914324,B,B
3543,3543,7086,7086,-3543,-3543,1,1,0.8212753072304442,0.8212753072304442,B,B
3544,3544,7088,7088,-3544,-3544,1,1,0.18327623516973357,0.18327623516973357,B,B
3545,3545,7090,7090,-3545,-3545,1,1,0.710046465152902,0.710046465152902,B,B
3546,3546,7092,7092,-3546,-3546,1,1,0.7709958679703123,0.7709958679703123,B,B
3548,3548,7096,7096,-3548,-3548,1,1,0.9870460073419941,0.9870460073419941,B,B
3549,3549,7098,7098,-3549,-3549,1,1,0.2174680438570078,0.2174680438570078,B,B
3550,3550,7100,7100,-3550,-3550,1,1,0.9830046572911753,0.9830046572911753,B,B
3551,3551,7102,7102,-3551,-3551,1,1,0.4662198803390789,0.4662198803390789,B,B
3552,3552,7104,7104,-3552,-3552,1,1,0.18924644668693769,0.18924644668693769,B,B
3553,3553,7106,7106,-3553,-3553,1,1,0.5498109789315482,0.5498109789315482,B,B
3555,3555,7110,7110,-3555,-3555,1,1,0.19586405403048068,0.19586405403048068,B,B
3556,3556,7112,7112,-3556,-3556,1,1,0.002529165267275202,0.002529165267275202,B,B
3557,3557,7114,7114,-3557,-3557,1,1,0.2100992401900732,0.2100992401900732,B,B
3558,3558,7116,7116,-3558,-3558,1,1,0.3716868139088606,0.3716868139088606,B,B
3559,3559,7118,7118,-3559,-3559,1,1,0.3220221118775788,0.3220221118775788,B,B
3560,3560,7120,7120,-3560,-3560,1,1,0.07331151951728454,0.07331151951728454,B,B
3561,3561,7122,7122,-3561,-3561,1,1,0.8063307602899517,0.8063307602899517,B,B
3562,3562,7124,7124,-3562,-3562,1,1,0.6463417342976022,0.6463417342976022,B,B
3563,3563,7126,7126,-3563,-3563,1,1,0.78339873874617,0.78339873874617,B,B
3564,3564,7128,7128,-3564,-3564,1,1,0.35284794485475224,0.35284794485475224,B,B
3565,3565,7130,7130,-3565,-3565,1,1,0.9002549867505638,0.9002549867505638,B,B
3566,3566,7132,7132,-3566,-3566,1,1,0.5964592609976335,0.5964592609976335,B,B
3568,3568,7136,7136,-3568,-3568,1,1,0.35431249336881143,0.35431249336881143,B,B
3569,3569,7138,7138,-3569,-3569,1,1,0.4251703909835546,0.4251703909835546,B,B
3570,3570,7140,7140,-3570,-3570,1,1,0.02044152599560156,0.02044152599560156,B,B
3571,3571,7142,7142,-3571,-3571,1,1,0.9797103805659112,0.9797103805659112,B,B
3572,3572,7144,7144,-3572,-3572,1,1,0.690413904251382,0.690413904251382,B,B
3573,3573,7146,7146,-3573,-3573,1,1,0.39501047763692343,0.39501047763692343,B,B
3576,3576,7152,7152,-3576,-3576,1,1,0.554910214778003,0.554910214778003,B,B
3577,3577,7154,7154,-3577,-3577,1,1,0.845680030200106,0.845680030200106,B,B
3578,3578,7156,7156,-3578,-3578,1,1,0.2413684899831099,0.2413684899831099,B,B
3579,3579,7158,7158,-3579,-3579,1,1,0.8045176628306352,0.8045176628306352,B,B
3580,3580,7160,7160,-3580,-3580,1,1,0.10835546896892856,0.10835546896892856,B,B
3581,3581,7162,7162,-3581,-3581,1,1,0.3888128431017386,0.3888128431017386,B,B
3582,3582,7164,7164,-3582,-3582,1,1,0.9034537280202495,0.9034537280202495,B,B
3583,3583,7166,7166,-3583,-3583,1,1,0.1435174881307153,0.1435174881307153,B,B
3584,3584,7168,7168,-3584,-3584,1,1,0.7710036453666146,0.7710036453666146,B,B
3585,3585,7170,7170,-3585,-3585,1,1,0.31426310034680593,0.31426310034680593,B,B
3586,3586,7172,7172,-3586,-3586,1,1,0.9855323818227383,0.9855323818227383,B,B
3588,3588,7176,7176,-3588,-3588,1,1,0.2403099320328519,0.2403099320328519,B,B
3589,3589,7178,7178,-3589,-3589,1,1,0.9830353978730527,0.9830353978730527,B,B
3590,3590,7180,7180,-3590,-3590,1,1,0.26160459694136984,0.26160459694136984,B,B
3591,3591,7182,7182,-3591,-3591,1,1,0.24464336477117488,0.24464336477117488,B,B
3592,3592,7184,7184,-3592,-3592,1,1,0.0599231994853513,0.0599231994853513,B,B
3593,3593,7186,7186,-3593,-3593,1,1,0.7991685988981809,0.7991685988981809,B,B
3594,3594,7188,7188,-3594,-3594,1,1,0.49578492904074867,0.49578492904074867,B,B
3596,3596,7192,7192,-3596,-3596,1,1,0.014389640179060526,0.014389640179060526,B,B
3597,3597,7194,7194,-3597,-3597,1,1,0.2644269478978587,0.2644269478978587,B,B
3598,3598,7196,7196,-3598,-3598,1,1,0.03181528154603985,0.03181528154603985,B,B
3599,3599,7198,7198,-3599,-3599,1,1,0.2650379680144196,0.2650379680144196,B,B
3600,3600,7200,7200,-3600,-3600,1,1,0.173373066896513,0.173373066896513,B,B
3601,3601,7202,7202,-3601,-3601,1,1,0.9175049151452057,0.9175049151452057,B,B
3602,3602,7204,7204,-3602,-3602,1,1,0.3241267018923065,0.3241267018923065,B,B
3603,3603,7206,7206,-3603,-3603,1,1,0.8289277991233923,0.8289277991233923,B,B
3604,3604,7208,7208,-3604,-3604,1,1,0.8375546863873622,0.8375546863873622,B,B
3605,3605,7210,7210,-3605,-3605,1,1,0.363530679135487,0.363530679135487,B,B
3607,3607,7214,7214,-3607,-3607,1,1,0.5858549336183946,0.5858549336183946,B,B
3609,3609,7218,7218,-3609,-3609,1,1,0.9293742485904523,0.9293742485904523,B,B
3611,3611,7222,7222,-3611,-3611,1,1,0.19886712796196748,0.19886712796196748,B,B
3612,3612,7224,7224,-3612,-3612,1,1,0.06213117677458502,0.06213117677458502,B,B
3613,3613,7226,7226,-3613,-3613,1,1,0.21641186185909667,0.21641186185909667,B,B
3615,3615,7230,7230,-3615,-3615,1,1,0.25238339218616856,0.25238339218616856,B,B
3617,3617,7234,7234,-3617,-3617,1,1,0.29642720933149347,0.29642720933149347,B,B
3620,3620,7240,7240,-3620,-3620,1,1,0.15039734140742644,0.15039734140742644,B,B
3621,3621,7242,7242,-3621,-3621,1,1,0.528157293110892,0.528157293110892,B,B
3622,3622,7244,7244,-3622,-3622,1,1,0.8912579224013062,0.8912579224013062,B,B
3624,3624,7248,7248,-3624,-3624,1,1,0.5778866371972962,0.5778866371972962,B,B
3625,3625,7250,7250,-3625,-3625,1,1,0.9765629045336427,0.9765629045336427,B,B
3626,3626,7252,7252,-3626,-3626,1,1,0.14199819244215162,0.14199819244215162,B,B
3627,3627,7254,7254,-3627,-3627,1,1,0.4388111247751102,0.4388111247751102,B,B
3628,3628,7256,7256,-3628,-3628,1,1,0.1644124653637875,0.1644124653637875,B,B
3630,3630,7260,7260,-3630,-3630,1,1,0.4114506993519633,0.4114506993519633,B,B
3632,3632,7264,7264,-3632,-3632,1,1,0.043219422676595176,0.043219422676595176,B,B
3635,3635,7270,7270,-3635,-3635,1,1,0.47872556462737825,0.47872556462737825,B,B
3636,3636,7272,7272,-3636,-3636,1,1,0.148714992154112,0.148714992154112,B,B
3639,3639,7278,7278,-3639,-3639,1,1,0.3654442074053824,0.3654442074053824,B,B
3641,3641,7282,7282,-3641,-3641,1,1,0.7105949455883345,0.7105949455883345,B,B
3642,3642,7284,7284,-3642,-3642,1,1,0.2105552866437279,0.2105552866437279,B,B
3644,3644,7288,7288,-3644,-3644,1,1,0.16614964134389243,0.16614964134389243,B,B
3645,3645,7290,7290,-3645,-3645,1,1,0.9597604489375107,0.9597604489375107,B,B
3647,3647,7294,7294,-3647,-3647,1,1,0.26689292790800856,0.26689292790800856,B,B
3648,3648,7296,7296,-3648,-3648,1,1,0.16184846533629693,0.16184846533629693,B,B
3650,3650,7300,7300,-3650,-3650,1,1,0.029628079132582807,0.029628079132582807,B,B
3651,3651,7302,7302,-3651,-3651,1,1,0.4932096523923839,0.4932096523923839,B,B
3653,3653,7306,7306,-3653,-3653,1,1,0.7270798710457567,0.7270798710457567,B,B
3654,3654,7308,7308,-3654,-3654,1,1,0.37986536736005505,0.37986536736005505,B,B
3655,3655,7310,7310,-3655,-3655,1,1,0.7873141104677603,0.7873141104677603,B,B
3661,3661,7322,7322,-3661,-3661,1,1,0.34237290625322214,0.34237290625322214,B,B
3662,3662,7324,7324,-3662,-3662,1,1,0.26757714541388344,0.26757714541388344,B,B
3663,3663,7326,7326,-3663,-3663,1,1,0.8838608308923307,0.8838608308923307,B,B
3664,3664,7328,7328,-3664,-3664,1,1,0.3646300201159304,0.3646300201159304,B,B
3665,3665,7330,7330,-3665,-3665,1,1,0.6540776237746807,0.6540776237746807,B,B
3666,3666,7332,7332,-3666,-3666,1,1,0.6168289435759042,0.6168289435759042,B,B
3667,3667,7334,7334,-3667,-3667,1,1,0.7464202462177183,0.7464202462177183,B,B
3668,3668,7336,7336,-3668,-3668,1,1,0.6147064552945826,0.6147064552945826,B,B
3670,3670,7340,7340,-3670,-3670,1,1,0.4843748722958582,0.4843748722958582,B,B
3671,3671,7342,7342,-3671,-3671,1,1,0.3198016459114216,0.3198016459114216,B,B
3672,3672,7344,7344,-3672,-3672,1,1,0.5886311623601728,0.5886311623601728,B,B
3673,3673,7346,7346,-3673,-3673,1,1,0.9933929227339927,0.9933929227339927,B,B
3676,3676,7352,7352,-3676,-3676,1,1,0.1927299408347518,0.1927299408347518,B,B
3677,3677,7354,7354,-3677,-3677,1,1,0.026409511957023457,0.026409511957023457,B,B
3678,3678,7356,7356,-3678,-3678,1,1,0.6812664578072203,0.6812664578072203,B,B
3679,3679,7358,7358,-3679,-3679,1,1,0.3384861717499166,0.3384861717499166,B,B
3680,3680,7360,7360,-3680,-3680,1,1,0.16906069487739128,0.16906069487739128,B,B
3681,3681,7362,7362,-3681,-3681,1,1,0.5871584135432267,0.5871584135432267,B,B
3682,3682,7364,7364,-3682,-3682,1,1,0.28254226388085146,0.28254226388085146,B,B
3683,3683,7366,7366,-3683,-3683,1,1,0.30928488247474883,0.30928488247474883,B,B
3685,3685,7370,7370,-3685,-3685,1,1,0.5101164264819962,0.5101164264819962,B,B
3688,3688,7376,7376,-3688,-3688,1,1,0.08710816860726467,0.08710816860726467,B,B
3690,3690,7380,7380,-3690,-3690,1,1,0.4367578904582118,0.4367578904582118,B,B
3691,3691,7382,7382,-3691,-3691,1,1,0.15159852976163268,0.15159852976163268,B,B
3692,3692,7384,7384,-3692,-3692,1,1,0.4152513364662992,0.4152513364662992,B,B
3693,3693,7386,7386,-3693,-3693,1,1,0.3545395104610527,0.3545395104610527,B,B
3694,3694,7388,7388,-3694,-3694,1,1,0.37966300190140545,0.37966300190140545,B,B
3696,3696,7392,7392,-3696,-3696,1,1,0.3187878826014281,0.3187878826014281,B,B
3697,3697,7394,7394,-3697,-3697,1,1,0.44723948483501963,0.44723948483501963,B,B
3698,3698,7396,7396,-3698,-3698,1,1,0.03633770971465733,0.03633770971465733,B,B
3700,3700,7400,7400,-3700,-3700,1,1,0.4436907897199708,0.4436907897199708,B,B
3701,3701,7402,7402,-3701,-3701,1,1,0.4420136144789045,0.4420136144789045,B,B
3702,3702,7404,7404,-3702,-3702,1,1,0.8307258460560354,0.8307258460560354,B,B
3705,3705,7410,7410,-3705,-3705,1,1,0.3182569726600858,0.3182569726600858,B,B
3706,3706,7412,7412,-3706,-3706,1,1,0.27388842414414327,0.27388842414414327,B,B
3707,3707,7414,7414,-3707,-3707,1,1,0.8483271575734215,0.8483271575734215,B,B
3708,3708,7416,7416,-3708,-3708,1,1,0.8691944500859892,0.8691944500859892,B,B
3709,3709,7418,7418,-3709,-3709,1,1,0.20313539261204439,0.20313539261204439,B,B
3710,3710,7420,7420,-3710,-3710,1,1,0.3297434028099594,0.3297434028099594,B,B
3714,3714,7428,7428,-3714,-3714,1,1,0.6076086986195662,0.6076086986195662,B,B
3715,3715,7430,7430,-3715,-3715,1,1,0.24708864855406032,0.24708864855406032,B,B
3716,3716,7432,7432,-3716,-3716,1,1,0.9981803302722804,0.9981803302722804,B,B
3718,3718,7436,7436,-3718,-3718,1,1,0.6859033789224257,0.6859033789224257,B,B
3723,3723,7446,7446,-3723,-3723,1,1,0.6143446079514645,0.6143446079514645,B,B
3724,3724,7448,7448,-3724,-3724,1,1,0.825072949142003,0.825072949142003,B,B
3725,3725,7450,7450,-3725,-3725,1,1,0.3029567796729815,0.3029567796729815,B,B
3726,3726,7452,7452,-3726,-3726,1,1,0.48109602603263313,0.48109602603263313,B,B
3727,3727,7454,7454,-3727,-3727,1,1,0.4691092178346842,0.4691092178346842,B,B
3728,3728,7456,7456,-3728,-3728,1,1,0.7190326565739001,0.7190326565739001,B,B
3729,3729,7458,7458,-3729,-3729,1,1,0.12894094743878937,0.12894094743878937,B,B
3730,3730,7460,7460,-3730,-3730,1,1,0.21133473346933396,0.21133473346933396,B,B
3731,3731,7462,7462,-3731,-3731,1,1,0.38423899166971687,0.38423899166971687,B,B
3732,3732,7464,7464,-3732,-3732,1,1,0.9650562602343074,0.9650562602343074,B,B
3734,3734,7468,7468,-3734,-3734,1,1,0.4865944059050499,0.4865944059050499,B,B
3735,3735,7470,7470,-3735,-3735,1,1,0.6886710932833886,0.6886710932833886,B,B
3736,3736,7472,7472,-3736,-3736,1,1,0.7026679659180171,0.7026679659180171,B,B
3737,3737,7474,7474,-3737,-3737,1,1,0.203107459564982,0.203107459564982,B,B
3738,3738,7476,7476,-3738,-3738,1,1,0.11387128113478506,0.11387128113478506,B,B
3739,3739,7478,7478,-3739,-3739,1,1,0.09297082436439374,0.09297082436439374,B,B
3741,3741,7482,7482,-3741,-3741,1,1,0.48306410023395085,0.48306410023395085,B,B
3743,3743,7486,7486,-3743,-3743,1,1,0.5785276465398597,0.5785276465398597,B,B
3744,3744,7488,7488,-3744,-3744,1,1,0.7350866396196238,0.7350866396196238,B,B
3746,3746,7492,7492,-3746,-3746,1,1,0.5307651004379886,0.5307651004379886,B,B
3747,3747,7494,7494,-3747,-3747,1,1,0.22369385977670575,0.22369385977670575,B,B
3748,3748,7496,7496,-3748,-3748,1,1,0.8305252151103915,0.8305252151103915,B,B
3749,3749,7498,7498,-3749,-3749,1,1,0.9063134015384822,0.9063134015384822,B,B
3750,3750,7500,7500,-3750,-3750,1,1,0.6954847772123367,0.6954847772123367,B,B
3751,3751,7502,7502,-3751,-3751,1,1,0.9235887401456415,0.9235887401456415,B,B
3753,3753,7506,7506,-3753,-3753,1,1,0.0320421166575946,0.0320421166575946,B,B
3754,3754,7508,7508,-3754,-3754,1,1,0.31920509262443697,0.31920509262443697,B,B
3755,3755,7510,7510,-3755,-3755,1,1,0.6977578817003239,0.6977578817003239,B,B
3756,3756,7512,7512,-3756,-3756,1,1,0.9252289669370682,0.9252289669370682,B,B
3757,3757,7514,7514,-3757,-3757,1,1,0.829723033778185,0.829723033778185,B,B
3758,3758,7516,7516,-3758,-3758,1,1,0.8093904472803707,0.8093904472803707,B,B
3759,3759,7518,7518,-3759,-3759,1,1,0.9291642462454254,0.9291642462454254,B,B
3760,3760,7520,7520,-3760,-3760,1,1,0.6178053706352892,0.6178053706352892,B,B
3761,3761,7522,7522,-3761,-3761,1,1,0.9581547723162103,0.9581547723162103,B,B
3762,3762,7524,7524,-3762,-3762,1,1,0.5059127297797698,0.5059127297797698,B,B
3763,3763,7526,7526,-3763,-3763,1,1,0.6969505377234473,0.6969505377234473,B,B
3764,3764,7528,7528,-3764,-3764,1,1,0.36771642223008905,0.36771642223008905,B,B
3765,3765,7530,7530,-3765,-3765,1,1,0.22747560555781032,0.22747560555781032,B,B
3766,3766,7532,7532,-3766,-3766,1,1,0.27360283669025554,0.27360283669025554,B,B
3767,3767,7534,7534,-3767,-3767,1,1,0.3045094002088693,0.3045094002088693,B,B
3770,3770,7540,7540,-3770,-3770,1,1,0.7107304794006406,0.7107304794006406,B,B
3772,3772,7544,7544,-3772,-3772,1,1,0.6966695591012948,0.6966695591012948,B,B
3773,3773,7546,7546,-3773,-3773,1,1,0.6584945532470077,0.6584945532470077,B,B
3774,3774,7548,7548,-3774,-3774,1,1,0.7927019103388995,0.7927019103388995,B,B
3775,3775,7550,7550,-3775,-3775,1,1,0.07455467081615108,0.07455467081615108,B,B
3776,3776,7552,7552,-3776,-3776,1,1,0.17643905981467245,0.17643905981467245,B,B
3777,3777,7554,7554,-3777,-3777,1,1,0.1836618488347247,0.1836618488347247,B,B
3778,3778,7556,7556,-3778,-3778,1,1,0.3120614714295731,0.3120614714295731,B,B
3779,3779,7558,7558,-3779,-3779,1,1,0.41870130456077315,0.41870130456077315,B,B
3780,3780,7560,7560,-3780,-3780,1,1,0.4687935563587192,0.4687935563587192,B,B
3781,3781,7562,7562,-3781,-3781,1,1,0.4939199182628511,0.4939199182628511,B,B
3783,3783,7566,7566,-3783,-3783,1,1,0.4919109912618972,0.4919109912618972,B,B
3784,3784,7568,7568,-3784,-3784,1,1,0.2722702041265499,0.2722702041265499,B,B
3786,3786,7572,7572,-3786,-3786,1,1,0.1517125618104731,0.1517125618104731,B,B
3787,3787,7574,7574,-3787,-3787,1,1,0.694519337422521,0.694519337422521,B,B
3788,3788,7576,7576,-3788,-3788,1,1,0.09429178958206585,0.09429178958206585,B,B
3789,3789,7578,7578,-3789,-3789,1,1,0.8689264429483963,0.8689264429483963,B,B
3790,3790,7580,7580,-3790,-3790,1,1,0.654358634418288,0.654358634418288,B,B
3792,3792,7584,7584,-3792,-3792,1,1,0.3110091361775621,0.3110091361775621,B,B
3793,3793,7586,7586,-3793,-3793,1,1,0.6841463077519667,0.6841463077519667,B,B
3795,3795,7590,7590,-3795,-3795,1,1,0.4196775664674083,0.4196775664674083,B,B
3797,3797,7594,7594,-3797,-3797,1,1,0.33654840356990656,0.33654840356990656,B,B
3798,3798,7596,7596,-3798,-3798,1,1,0.29557196564538524,0.29557196564538524,B,B
3799,3799,7598,7598,-3799,-3799,1,1,0.8229290918977107,0.8229290918977107,B,B
3800,3800,7600,7600,-3800,-3800,1,1,0.6162218163281957,0.6162218163281957,B,B
3801,3801,7602,7602,-3801,-3801,1,1,0.3118520080388839,0.3118520080388839,B,B
3802,3802,7604,7604,-3802,-3802,1,1,0.9655306980907661,0.9655306980907661,B,B
3804,3804,7608,7608,-3804,-3804,1,1,0.3703822770352694,0.3703822770352694,B,B
3805,3805,7610,7610,-3805,-3805,1,1,0.8552682157688388,0.8552682157688388,B,B
3806,3806,7612,7612,-3806,-3806,1,1,0.9524111687418049,0.9524111687418049,B,B
3807,3807,7614,7614,-3807,-3807,1,1,0.20259610046793464,0.20259610046793464,B,B
3808,3808,7616,7616,-3808,-3808,1,1,0.6745398194685476,0.6745398194685476,B,B
3809,3809,7618,7618,-3809,-3809,1,1,0.6339266555189099,0.6339266555189099,B,B
3810,3810,7620,7620,-3810,-3810,1,1,0.6883943084082934,0.6883943084082934,B,B
3811,3811,7622,7622,-3811,-3811,1,1,0.8866603538858787,0.8866603538858787,B,B
3812,3812,7624,7624,-3812,-3812,1,1,0.09814346934328244,0.09814346934328244,B,B
3813,3813,7626,7626,-3813,-3813,1,1,0.7688871559802997,0.7688871559802997,B,B
3814,3814,7628,7628,-3814,-3814,1,1,0.3653703163328359,0.3653703163328359,B,B
3815,3815,7630,7630,-3815,-3815,1,1,0.9327939297572986,0.9327939297572986,B,B
3816,3816,7632,7632,-3816,-3816,1,1,0.7365426775834076,0.7365426775834076,B,B
3817,3817,7634,7634,-3817,-3817,1,1,0.5563285940720809,0.5563285940720809,B,B
3818,3818,7636,7636,-3818,-3818,1,1,0.051484139390230554,0.051484139390230554,B,B
3820,3820,7640,7640,-3820,-3820,1,1,0.10027124023588485,0.10027124023588485,B,B
3824,3824,7648,7648,-3824,-3824,1,1,0.4837771459746215,0.4837771459746215,B,B
3826,3826,7652,7652,-3826,-3826,1,1,0.532576554908105,0.532576554908105,B,B
3828,3828,7656,7656,-3828,-3828,1,1,0.9459655068429339,0.9459655068429339,B,B
3830,3830,7660,7660,-3830,-3830,1,1,0.7344199228898266,0.7344199228898266,B,B
3831,3831,7662,7662,-3831,-3831,1,1,0.05566904734372491,0.05566904734372491,B,B
3833,3833,7666,7666,-3833,-3833,1,1,0.40858140916877705,0.40858140916877705,B,B
3834,3834,7668,7668,-3834,-3834,1,1,0.5692611218696864,0.5692611218696864,B,B
3836,3836,7672,7672,-3836,-3836,1,1,0.6547212511800049,0.6547212511800049,B,B
3837,3837,7674,7674,-3837,-3837,1,1,0.43145134018019315,0.43145134018019315,B,B
3838,3838,7676,7676,-3838,-3838,1,1,0.7568568660615376,0.7568568660615376,B,B
3839,3839,7678,7678,-3839,-3839,1,1,0.6451056147367854,0.6451056147367854,B,B
3840,3840,7680,7680,-3840,-3840,1,1,0.07014873367706453,0.07014873367706453,B,B
3842,3842,7684,7684,-3842,-3842,1,1,0.6855858302751044,0.6855858302751044,B,B
3843,3843,7686,7686,-3843,-3843,1,1,0.3170730019472603,0.3170730019472603,B,B
3844,3844,7688,7688,-3844,-3844,1,1,0.3307789925256275,0.3307789925256275,B,B
3845,3845,7690,7690,-3845,-3845,1,1,0.027056821222207317,0.027056821222207317,B,B
3846,3846,7692,7692,-3846,-3846,1,1,0.8571825073387184,0.8571825073387184,B,B
3848,3848,7696,7696,-3848,-3848,1,1,0.6647332892408597,0.6647332892408597,B,B
3850,3850,7700,7700,-3850,-3850,1,1,0.5755219730240855,0.5755219730240855,B,B
3851,3851,7702,7702,-3851,-3851,1,1,0.03568938035367786,0.03568938035367786,B,B
3852,3852,7704,7704,-3852,-3852,1,1,0.7051441457914932,0.7051441457914932,B,B
3855,3855,7710,7710,-3855,-3855,1,1,0.033468118473602315,0.033468118473602315,B,B
3856,3856,7712,7712,-3856,-3856,1,1,0.39119184280276853,0.39119184280276853,B,B
3857,3857,7714,7714,-3857,-3857,1,1,0.9424345125354137,0.9424345125354137,B,B
3858,3858,7716,7716,-3858,-3858,1,1,0.46405435470206613,0.46405435470206613,B,B
3860,3860,7720,7720,-3860,-3860,1,1,0.9408204875077965,0.9408204875077965,B,B
3863,3863,7726,7726,-3863,-3863,1,1,0.31541667109620275,0.31541667109620275,B,B
3864,3864,7728,7728,-3864,-3864,1,1,0.054847622272896634,0.054847622272896634,B,B
3866,3866,7732,7732,-3866,-3866,1,1,0.5370401423626131,0.5370401423626131,B,B
3867,3867,7734,7734,-3867,-3867,1,1,0.46716077401906275,0.46716077401906275,B,B
3868,3868,7736,7736,-3868,-3868,1,1,0.6644926379822587,0.6644926379822587,B,B
3870,3870,7740,7740,-3870,-3870,1,1,0.9043969201407271,0.9043969201407271,B,B
3871,3871,7742,7742,-3871,-3871,1,1,0.21956167102509716,0.21956167102509716,B,B
3876,3876,7752,7752,-3876,-3876,1,1,0.7061832148726502,0.7061832148726502,B,B
3877,3877,7754,7754,-3877,-3877,1,1,0.6657943173963492,0.6657943173963492,B,B
3878,3878,7756,7756,-3878,-3878,1,1,0.4942228808965555,0.4942228808965555,B,B
3879,3879,7758,7758,-3879,-3879,1,1,0.10712992839803437,0.10712992839803437,B,B
3880,3880,7760,7760,-3880,-3880,1,1,0.30123691636009076,0.30123691636009076,B,B
3881,3881,7762,7762,-3881,-3881,1,1,0.43331436538880375,0.43331436538880375,B,B
3882,3882,7764,7764,-3882,-3882,1,1,0.1532354872758227,0.1532354872758227,B,B
3883,3883,7766,7766,-3883,-3883,1,1,0.19137778993191445,0.19137778993191445,B,B
3884,3884,7768,7768,-3884,-3884,1,1,0.8104572548720709,0.8104572548720709,B,B
3885,3885,7770,7770,-3885,-3885,1,1,0.4813517910542915,0.4813517910542915,B,B
3886,3886,7772,7772,-3886,-3886,1,1,0.6115587119023523,0.6115587119023523,B,B
3888,3888,7776,7776,-3888,-3888,1,1,0.3718747080590947,0.3718747080590947,B,B
3889,3889,7778,7778,-3889,-3889,1,1,0.11823867100974284,0.11823867100974284,B,B
3891,3891,7782,7782,-3891,-3891,1,1,0.3699786742159076,0.3699786742159076,B,B
3892,3892,7784,7784,-3892,-3892,1,1,0.3622964410416061,0.3622964410416061,B,B
3893,3893,7786,7786,-3893,-3893,1,1,0.055903469677535456,0.055903469677535456,B,B
3895,3895,7790,7790,-3895,-3895,1,1,0.4235509971583189,0.4235509971583189,B,B
3896,3896,7792,7792,-3896,-3896,1,1,0.049644261616389906,0.049644261616389906,B,B
3897,3897,7794,7794,-3897,-3897,1,1,0.2548959713051634,0.2548959713051634,B,B
3899,3899,7798,7798,-3899,-3899,1,1,0.8569977693496402,0.8569977693496402,B,B
3900,3900,7800,7800,-3900,-3900,1,1,0.20811007515774838,0.20811007515774838,B,B
3901,3901,7802,7802,-3901,-3901,1,1,0.36499873467741806,0.36499873467741806,B,B
3902,3902,7804,7804,-3902,-3902,1,1,0.9703794530076717,0.9703794530076717,B,B
3903,3903,7806,7806,-3903,-3903,1,1,0.4539605439303993,0.4539605439303993,B,B
3904,3904,7808,7808,-3904,-3904,1,1,0.5928970321457244,0.5928970321457244,B,B
3905,3905,7810,7810,-3905,-3905,1,1,0.9344296313744197,0.9344296313744197,B,B
3906,3906,7812,7812,-3906,-3906,1,1,0.26325173949178515,0.26325173949178515,B,B
3907,3907,7814,7814,-3907,-3907,1,1,0.4849000721819954,0.4849000721819954,B,B
3908,3908,7816,7816,-3908,-3908,1,1,0.5749881505434568,0.5749881505434568,B,B
3909,3909,7818,7818,-3909,-3909,1,1,0.11348636249702926,0.11348636249702926,B,B
3911,3911,7822,7822,-3911,-3911,1,1,0.8249632637826414,0.8249632637826414,B,B
3912,3912,7824,7824,-3912,-3912,1,1,0.5246696551336424,0.5246696551336424,B,B
3913,3913,7826,7826,-3913,-3913,1,1,0.06465017876644474,0.06465017876644474,B,B
3915,3915,7830,7830,-3915,-3915,1,1,0.997443380449434,0.997443380449434,B,B
3916,3916,7832,7832,-3916,-3916,1,1,0.9427043039035111,0.9427043039035111,B,B
3918,3918,7836,7836,-3918,-3918,1,1,0.06361025743169912,0.06361025743169912,B,B
3919,3919,7838,7838,-3919,-3919,1,1,0.264632610594577,0.264632610594577,B,B
3920,3920,7840,7840,-3920,-3920,1,1,0.8021614904224251,0.8021614904224251,B,B
3921,3921,7842,7842,-3921,-3921,1,1,0.8121366704534366,0.8121366704534366,B,B
3923,3923,7846,7846,-3923,-3923,1,1,0.20700641306891354,0.20700641306891354,B,B
3925,3925,7850,7850,-3925,-3925,1,1,0.6849476005901419,0.6849476005901419,B,B
3926,3926,7852,7852,-3926,-3926,1,1,0.8852113150698214,0.8852113150698214,B,B
3930,3930,7860,7860,-3930,-3930,1,1,0.04740810718234467,0.04740810718234467,B,B
3931,3931,7862,7862,-3931,-3931,1,1,0.0845312967620202,0.0845312967620202,B,B
3932,3932,7864,7864,-3932,-3932,1,1,0.6605548997841323,0.6605548997841323,B,B
3933,3933,7866,7866,-3933,-3933,1,1,0.6283351372265624,0.6283351372265624,B,B
3936,3936,7872,7872,-3936,-3936,1,1,0.5708620273454394,0.5708620273454394,B,B
3937,3937,7874,7874,-3937,-3937,1,1,0.691742452177246,0.691742452177246,B,B
3938,3938,7876,7876,-3938,-3938,1,1,0.4917984239779162,0.4917984239779162,B,B
3940,3940,7880,7880,-3940,-3940,1,1,0.5068548926198719,0.5068548926198719,B,B
3941,3941,7882,7882,-3941,-3941,1,1,0.21754833973635768,0.21754833973635768,B,B
3942,3942,7884,7884,-3942,-3942,1,1,0.42890580195160877,0.42890580195160877,B,B
3944,3944,7888,7888,-3944,-3944,1,1,0.6166974510929415,0.6166974510929415,B,B
3946,3946,7892,7892,-3946,-3946,1,1,0.7470519183647047,0.7470519183647047,B,B
3950,3950,7900,7900,-3950,-3950,1,1,0.8604389612096618,0.8604389612096618,B,B
3951,3951,7902,7902,-3951,-3951,1,1,0.33036214500719263,0.33036214500719263,B,B
3952,3952,7904,7904,-3952,-3952,1,1,0.03885171693432066,0.03885171693432066,B,B
3954,3954,7908,7908,-3954,-3954,1,1,0.4755623493645722,0.4755623493645722,B,B
3955,3955,7910,7910,-3955,-3955,1,1,0.014955913293760448,0.014955913293760448,B,B
3956,3956,7912,7912,-3956,-3956,1,1,0.5420095280507508,0.5420095280507508,B,B
3958,3958,7916,7916,-3958,-3958,1,1,0.12578593854415998,0.12578593854415998,B,B
3959,3959,7918,7918,-3959,-3959,1,1,0.7164370612319053,0.7164370612319053,B,B
3961,3961,7922,7922,-3961,-3961,1,1,0.6802577921116923,0.6802577921116923,B,B
3962,3962,7924,7924,-3962,-3962,1,1,0.10555682403508482,0.10555682403508482,B,B
3963,3963,7926,7926,-3963,-3963,1,1,0.9032723319409046,0.9032723319409046,B,B
3965,3965,7930,7930,-3965,-3965,1,1,0.6220816557373905,0.6220816557373905,B,B
3967,3967,7934,7934,-3967,-3967,1,1,0.024694977964729414,0.024694977964729414,B,B
3968,3968,7936,7936,-3968,-3968,1,1,0.564551766253523,0.564551766253523,B,B
3972,3972,7944,7944,-3972,-3972,1,1,0.24183011873762206,0.24183011873762206,B,B
3976,3976,7952,7952,-3976,-3976,1,1,0.04395855890188316,0.04395855890188316,B,B
3977,3977,7954,7954,-3977,-3977,1,1,0.7693834863256728,0.7693834863256728,B,B
3978,3978,7956,7956,-3978,-3978,1,1,0.7786640359509235,0.7786640359509235,B,B
3979,3979,7958,7958,-3979,-3979,1,1,0.28603205111658303,0.28603205111658303,B,B
3980,3980,7960,7960,-3980,-3980,1,1,0.27854812580178145,0.27854812580178145,B,B
3981,3981,7962,7962,-3981,-3981,1,1,0.8310465740442452,0.8310465740442452,B,B
3982,3982,7964,7964,-3982,-3982,1,1,0.07910549211029061,0.07910549211029061,B,B
3983,3983,7966,7966,-3983,-3983,1,1,0.22742815627173396,0.22742815627173396,B,B
3984,3984,7968,7968,-3984,-3984,1,1,0.7853034397481469,0.7853034397481469,B,B
3985,3985,7970,7970,-3985,-3985,1,1,0.718986697059036,0.718986697059036,B,B
3986,3986,7972,7972,-3986,-3986,1,1,0.05388459768148823,0.05388459768148823,B,B
3988,3988,7976,7976,-3988,-3988,1,1,0.38023007907356887,0.38023007907356887,B,B
3989,3989,7978,7978,-3989,-3989,1,1,0.3370897640268833,0.3370897640268833,B,B
3990,3990,7980,7980,-3990,-3990,1,1,0.42325164194095244,0.42325164194095244,B,B
3991,3991,7982,7982,-3991,-3991,1,1,0.13300230825871118,0.13300230825871118,B,B
3993,3993,7986,7986,-3993,-3993,1,1,0.3533883085156603,0.3533883085156603,B,B
3996,3996,7992,7992,-3996,-3996,1,1,0.9672933698153479,0.9672933698153479,B,B
3997,3997,7994,7994,-3997,-3997,1,1,0.3589071131704258,0.3589071131704258,B,B
3999,3999,7998,7998,-3999,-3999,1,1,0.43284814561855445,0.43284814561855445,B,B
4002,4002,8004,8004,-4002,-4002,1,1,0.6285388802168251,0.6285388802168251,B,B
4003,4003,8006,8006,-4003,-4003,1,1,0.1559227790087948,0.1559227790087948,B,B
4004,4004,8008,8008,-4004,-4004,1,1,0.20428323521263558,0.20428323521263558,B,B
4005,4005,8010,8010,-4005,-4005,1,1,0.3684008837022277,0.3684008837022277,B,B
4007,4007,8014,8014,-4007,-4007,1,1,0.9854415526578081,0.9854415526578081,B,B
4010,4010,8020,8020,-4010,-4010,1,1,0.5897639276087959,0.5897639276087959,B,B
4011,4011,8022,8022,-4011,-4011,1,1,0.04368123591578155,0.04368123591578155,B,B
4013,4013,8026,8026,-4013,-4013,1,1,0.3083161509458914,0.3083161509458914,B,B
4016,4016,8032,8032,-4016,-4016,1,1,0.31428749554412694,0.31428749554412694,B,B
4017,4017,8034,8034,-4017,-4017,1,1,0.789385420730574,0.789385420730574,B,B
4022,4022,8044,8044,-4022,-4022,1,1,0.7988039409808276,0.7988039409808276,B,B
4023,4023,8046,8046,-4023,-4023,1,1,0.7176499687550515,0.7176499687550515,B,B
4024,4024,8048,8048,-4024,-4024,1,1,0.01434888286527003,0.01434888286527003,B,B
4025,4025,8050,8050,-4025,-4025,1,1,0.8193931681354194,0.8193931681354194,B,B
4026,4026,8052,8052,-4026,-4026,1,1,0.29258348149375735,0.29258348149375735,B,B
4031,4031,8062,8062,-4031,-4031,1,1,0.34893994927466854,0.34893994927466854,B,B
4033,4033,8066,8066,-4033,-4033,1,1,0.6364914720802689,0.6364914720802689,B,B
4034,4034,8068,8068,-4034,-4034,1,1,0.15848443841954718,0.15848443841954718,B,B
4036,4036,8072,8072,-4036,-4036,1,1,0.07083126205772106,0.07083126205772106,B,B
4038,4038,8076,8076,-4038,-4038,1,1,0.8800819126940245,0.8800819126940245,B,B
4039,4039,8078,8078,-4039,-4039,1,1,0.8965309501261899,0.8965309501261899,B,B
4042,4042,8084,8084,-4042,-4042,1,1,0.9131869545806368,0.9131869545806368,B,B
4043,4043,8086,8086,-4043,-4043,1,1,0.9342615917263499,0.9342615917263499,B,B
4044,4044,8088,8088,-4044,-4044,1,1,0.18051239965326915,0.18051239965326915,B,B
4045,4045,8090,8090,-4045,-4045,1,1,0.25332236659078133,0.25332236659078133,B,B
4053,4053,8106,8106,-4053,-4053,1,1,0.29731331264945304,0.29731331264945304,B,B
4054,4054,8108,8108,-4054,-4054,1,1,0.06487589587537612,0.06487589587537612,B,B
4055,4055,8110,8110,-4055,-4055,1,1,0.427551075900665,0.427551075900665,B,B
4056,4056,8112,8112,-4056,-4056,1,1,0.6253511065114753,0.6253511065114753,B,B
4057,4057,8114,8114,-4057,-4057,1,1,0.18413458656622805,0.18413458656622805,B,B
4058,4058,8116,8116,-4058,-4058,1,1,0.4933309300991584,0.4933309300991584,B,B
4059,4059,8118,8118,-4059,-4059,1,1,0.1499975346325515,0.1499975346325515,B,B
4062,4062,8124,8124,-4062,-4062,1,1,0.39955623116078376,0.39955623116078376,B,B
4063,4063,8126,8126,-4063,-4063,1,1,0.20510197411074116,0.20510197411074116,B,B
4064,4064,8128,8128,-4064,-4064,1,1,0.82756074686814,0.82756074686814,B,B
4066,4066,8132,8132,-4066,-4066,1,1,0.5412795450978762,0.5412795450978762,B,B
4067,4067,8134,8134,-4067,-4067,1,1,0.8703832060050346,0.8703832060050346,B,B
4069,4069,8138,8138,-4069,-4069,1,1,0.47361577381414643,0.47361577381414643,B,B
4071,4071,8142,8142,-4071,-4071,1,1,0.9746097870530386,0.9746097870530386,B,B
4076,4076,8152,8152,-4076,-4076,1,1,0.21982599669528446,0.21982599669528446,B,B
4078,4078,8156,8156,-4078,-4078,1,1,0.8833138483783323,0.8833138483783323,B,B
4079,4079,8158,8158,-4079,-4079,1,1,0.5051804477813903,0.5051804477813903,B,B
4080,4080,8160,8160,-4080,-4080,1,1,0.8977368565815669,0.8977368565815669,B,B
4081,4081,8162,8162,-4081,-4081,1,1,0.48718760546998907,0.48718760546998907,B,B
4082,4082,8164,8164,-4082,-4082,1,1,0.2594885566925319,0.2594885566925319,B,B
4083,4083,8166,8166,-4083,-4083,1,1,0.465300657548809,0.465300657548809,B,B
4085,4085,8170,8170,-4085,-4085,1,1,0.3364517982416396,0.3364517982416396,B,B
4087,4087,8174,8174,-4087,-4087,1,1,0.46217833718641743,0.46217833718641743,B,B
4092,4092,8184,8184,-4092,-4092,1,1,0.5702305694314346,0.5702305694314346,B,B
4093,4093,8186,8186,-4093,-4093,1,1,0.8066370595597006,0.8066370595597006,B,B
4094,4094,8188,8188,-4094,-4094,1,1,0.5407712576296559,0.5407712576296559,B,B
4095,4095,8190,8190,-4095,-4095,1,1,0.843716371011194,0.843716371011194,B,B
4098,4098,8196,8196,-4098,-4098,1,1,0.18233967877388846,0.18233967877388846,B,B
4100,4100,8200,8200,-4100,-4100,1,1,0.1461209606386793,0.1461209606386793,B,B
4103,4103,8206,8206,-4103,-4103,1,1,0.2618722429021725,0.2618722429021725,B,B
4104,4104,8208,8208,-4104,-4104,1,1,0.3481517488657767,0.3481517488657767,B,B
4105,4105,8210,8210,-4105,-4105,1,1,0.06665690974901606,0.06665690974901606,B,B
4107,4107,8214,8214,-4107,-4107,1,1,0.6603308278068867,0.6603308278068867,B,B
4109,4109,8218,8218,-4109,-4109,1,1,0.6750065450255474,0.6750065450255474,B,B
4111,4111,8222,8222,-4111,-4111,1,1,0.687445291003393,0.687445291003393,B,B
4112,4112,8224,8224,-4112,-4112,1,1,0.4993993831646294,0.4993993831646294,B,B
4114,4114,8228,8228,-4114,-4114,1,1,0.6085463119649772,0.6085463119649772,B,B
4115,4115,8230,8230,-4115,-4115,1,1,0.9319819069930259,0.9319819069930259,B,B
4116,4116,8232,8232,-4116,-4116,1,1,0.9506546491794198,0.9506546491794198,B,B
4119,4119,8238,8238,-4119,-4119,1,1,0.23316998871984473,0.23316998871984473,B,B
4121,4121,8242,8242,-4121,-4121,1,1,0.9104441847376508,0.9104441847376508,B,B
4124,4124,8248,8248,-4124,-4124,1,1,0.9900673254182263,0.9900673254182263,B,B
4125,4125,8250,8250,-4125,-4125,1,1,0.3834295744045636,0.3834295744045636,B,B
4126,4126,8252,8252,-4126,-4126,1,1,0.5026183727543381,0.5026183727543381,B,B
4127,4127,8254,8254,-4127,-4127,1,1,0.3384285951035997,0.3384285951035997,B,B
4128,4128,8256,8256,-4128,-4128,1,1,0.11536177914489831,0.11536177914489831,B,B
4129,4129,8258,8258,-4129,-4129,1,1,0.14104148424720753,0.14104148424720753,B,B
4132,4132,8264,8264,-4132,-4132,1,1,0.15355445385024802,0.15355445385024802,B,B
4133,4133,8266,8266,-4133,-4133,1,1,0.5704900080845977,0.5704900080845977,B,B
4134,4134,8268,8268,-4134,-4134,1,1,0.1355829378689647,0.1355829378689647,B,B
4135,4135,8270,8270,-4135,-4135,1,1,0.8521578826297007,0.8521578826297007,B,B
4136,4136,8272,8272,-4136,-4136,1,1,0.2375947901907376,0.2375947901907376,B,B
4137,4137,8274,8274,-4137,-4137,1,1,0.9196714831146406,0.9196714831146406,B,B
4140,4140,8280,8280,-4140,-4140,1,1,0.2670699027196817,0.2670699027196817,B,B
4141,4141,8282,8282,-4141,-4141,1,1,0.23211605160161974,0.23211605160161974,B,B
4143,4143,8286,8286,-4143,-4143,1,1,0.5238918648427338,0.5238918648427338,B,B
4146,4146,8292,8292,-4146,-4146,1,1,0.2530891555309577,0.2530891555309577,B,B
4147,4147,8294,8294,-4147,-4147,1,1,0.7248738174504713,0.7248738174504713,B,B
4148,4148,8296,8296,-4148,-4148,1,1,0.8614565281222033,0.8614565281222033,B,B
4149,4149,8298,8298,-4149,-4149,1,1,0.9339371236523141,0.9339371236523141,B,B
4150,4150,8300,8300,-4150,-4150,1,1,0.5540057968911405,0.5540057968911405,B,B
4151,4151,8302,8302,-4151,-4151,1,1,0.9406661062732151,0.9406661062732151,B,B
4152,4152,8304,8304,-4152,-4152,1,1,0.05069001638835835,0.05069001638835835,B,B
4153,4153,8306,8306,-4153,-4153,1,1,0.21543471623534693,0.21543471623534693,B,B
4154,4154,8308,8308,-4154,-4154,1,1,0.51125320757109,0.51125320757109,B,B
4155,4155,8310,8310,-4155,-4155,1,1,0.4487190761376548,0.4487190761376548,B,B
4156,4156,8312,8312,-4156,-4156,1,1,0.7938238921019529,0.7938238921019529,B,B
4157,4157,8314,8314,-4157,-4157,1,1,0.8815382099462414,0.8815382099462414,B,B
4160,4160,8320,8320,-4160,-4160,1,1,0.19927028872036434,0.19927028872036434,B,B
4162,4162,8324,8324,-4162,-4162,1,1,0.05466576943818713,0.05466576943818713,B,B
4164,4164,8328,8328,-4164,-4164,1,1,0.19609566891071384,0.19609566891071384,B,B
4167,4167,8334,8334,-4167,-4167,1,1,0.7649418446922764,0.7649418446922764,B,B
4168,4168,8336,8336,-4168,-4168,1,1,0.6873235297325481,0.6873235297325481,B,B
4170,4170,8340,8340,-4170,-4170,1,1,0.9606414501877174,0.9606414501877174,B,B
4171,4171,8342,8342,-4171,-4171,1,1,0.2379504812413149,0.2379504812413149,B,B
4174,4174,8348,8348,-4174,-4174,1,1,0.6300015312383511,0.6300015312383511,B,B
4175,4175,8350,8350,-4175,-4175,1,1,0.6238191145650891,0.6238191145650891,B,B
4176,4176,8352,8352,-4176,-4176,1,1,0.3802250581994,0.3802250581994,B,B
4177,4177,8354,8354,-4177,-4177,1,1,0.44626976793775075,0.44626976793775075,B,B
4179,4179,8358,8358,-4179,-4179,1,1,0.2875646585249867,0.2875646585249867,B,B
4182,4182,8364,8364,-4182,-4182,1,1,0.23797917823982584,0.23797917823982584,B,B
4184,4184,8368,8368,-4184,-4184,1,1,0.763566356772788,0.763566356772788,B,B
4185,4185,8370,8370,-4185,-4185,1,1,0.1904974867303617,0.1904974867303617,B,B
4186,4186,8372,8372,-4186,-4186,1,1,0.9755364202788497,0.9755364202788497,B,B
4188,4188,8376,8376,-4188,-4188,1,1,0.22738103975266122,0.22738103975266122,B,B
4189,4189,8378,8378,-4189,-4189,1,1,0.1164189832678938,0.1164189832678938,B,B
4190,4190,8380,8380,-4190,-4190,1,1,0.6704630765929552,0.6704630765929552,B,B
4191,4191,8382,8382,-4191,-4191,1,1,0.0748715112827566,0.0748715112827566,B,B
4192,4192,8384,8384,-4192,-4192,1,1,0.19496347787244261,0.19496347787244261,B,B
4193,4193,8386,8386,-4193,-4193,1,1,0.2133203947177752,0.2133203947177752,B,B
4196,4196,8392,8392,-4196,-4196,1,1,0.8461288930253834,0.8461288930253834,B,B
4199,4199,8398,8398,-4199,-4199,1,1,0.8983918631415843,0.8983918631415843,B,B
4200,4200,8400,8400,-4200,-4200,1,1,0.0712516106316291,0.0712516106316291,B,B
4201,4201,8402,8402,-4201,-4201,1,1,0.052140765941680156,0.052140765941680156,B,B
4203,4203,8406,8406,-4203,-4203,1,1,0.47375132363185446,0.47375132363185446,B,B
4204,4204,8408,8408,-4204,-4204,1,1,0.5588815819913688,0.5588815819913688,B,B
4206,4206,8412,8412,-4206,-4206,1,1,0.2954907264161869,0.2954907264161869,B,B
4207,4207,8414,8414,-4207,-4207,1,1,0.09453572440804692,0.09453572440804692,B,B
4208,4208,8416,8416,-4208,-4208,1,1,0.987370946598683,0.987370946598683,B,B
4209,4209,8418,8418,-4209,-4209,1,1,0.127763876624867,0.127763876624867,B,B
4210,4210,8420,8420,-4210,-4210,1,1,0.923942455231039,0.923942455231039,B,B
4212,4212,8424,8424,-4212,-4212,1,1,0.6809962630027915,0.6809962630027915,B,B
4213,4213,8426,8426,-4213,-4213,1,1,0.33866223427504505,0.33866223427504505,B,B
4214,4214,8428,8428,-4214,-4214,1,1,0.07204704515941707,0.07204704515941707,B,B
4216,4216,8432,8432,-4216,-4216,1,1,0.2234619476429882,0.2234619476429882,B,B
4217,4217,8434,8434,-4217,-4217,1,1,0.41752701230711287,0.41752701230711287,B,B
4218,4218,8436,8436,-4218,-4218,1,1,0.16014081842451977,0.16014081842451977,B,B
4219,4219,8438,8438,-4219,-4219,1,1,0.5449664804695449,0.5449664804695449,B,B
4220,4220,8440,8440,-4220,-4220,1,1,0.18752661752230104,0.18752661752230104,B,B
4221,4221,8442,8442,-4221,-4221,1,1,0.653773147159185,0.653773147159185,B,B
4222,4222,8444,8444,-4222,-4222,1,1,0.20280286007554194,0.20280286007554194,B,B
4223,4223,8446,8446,-4223,-4223,1,1,0.05482783945916592,0.05482783945916592,B,B
4224,4224,8448,8448,-4224,-4224,1,1,0.870370017520029,0.870370017520029,B,B
4225,4225,8450,8450,-4225,-4225,1,1,0.8834276568953568,0.8834276568953568,B,B
4227,4227,8454,8454,-4227,-4227,1,1,0.4956415163046186,0.4956415163046186,B,B
4228,4228,8456,8456,-4228,-4228,1,1,0.474999717354075,0.474999717354075,B,B
4229,4229,8458,8458,-4229,-4229,1,1,0.021317534857432485,0.021317534857432485,B,B
4231,4231,8462,8462,-4231,-4231,1,1,0.2056242569530745,0.2056242569530745,B,B
4234,4234,8468,8468,-4234,-4234,1,1,0.6524584032647613,0.6524584032647613,B,B
4235,4235,8470,8470,-4235,-4235,1,1,0.7837654346871293,0.7837654346871293,B,B
4236,4236,8472,8472,-4236,-4236,1,1,0.6730889143118528,0.6730889143118528,B,B
4237,4237,8474,8474,-4237,-4237,1,1,0.46212997625262486,0.46212997625262486,B,B
4238,4238,8476,8476,-4238,-4238,1,1,0.254725594505655,0.254725594505655,B,B
4239,4239,8478,8478,-4239,-4239,1,1,0.332228034346968,0.332228034346968,B,B
4242,4242,8484,8484,-4242,-4242,1,1,0.5615097141377788,0.5615097141377788,B,B
4244,4244,8488,8488,-4244,-4244,1,1,0.7220217765402844,0.7220217765402844,B,B
4245,4245,8490,8490,-4245,-4245,1,1,0.6373622107997243,0.6373622107997243,B,B
4246,4246,8492,8492,-4246,-4246,1,1,0.6153528393778008,0.6153528393778008,B,B
4248,4248,8496,8496,-4248,-4248,1,1,0.8352187597485146,0.8352187597485146,B,B
4250,4250,8500,8500,-4250,-4250,1,1,0.13008365514508757,0.13008365514508757,B,B
4251,4251,8502,8502,-4251,-4251,1,1,0.27880800576522646,0.27880800576522646,B,B
4253,4253,8506,8506,-4253,-4253,1,1,0.628061132259951,0.628061132259951,B,B
4255,4255,8510,8510,-4255,-4255,1,1,0.8672799219775769,0.8672799219775769,B,B
4258,4258,8516,8516,-4258,-4258,1,1,0.06429738080803082,0.06429738080803082,B,B
4259,4259,8518,8518,-4259,-4259,1,1,0.5035855829192974,0.5035855829192974,B,B
4260,4260,8520,8520,-4260,-4260,1,1,0.3490971415527059,0.3490971415527059,B,B
4261,4261,8522,8522,-4261,-4261,1,1,0.8251989665520951,0.8251989665520951,B,B
4262,4262,8524,8524,-4262,-4262,1,1,0.6471470093426631,0.6471470093426631,B,B
4265,4265,8530,8530,-4265,-4265,1,1,0.1987044648319478,0.1987044648319478,B,B
4266,4266,8532,8532,-4266,-4266,1,1,0.4945222481946183,0.4945222481946183,B,B
4267,4267,8534,8534,-4267,-4267,1,1,0.9539785448174449,0.9539785448174449,B,B
4268,4268,8536,8536,-4268,-4268,1,1,0.052393108697326496,0.052393108697326496,B,B
4270,4270,8540,8540,-4270,-4270,1,1,0.2551950545600159,0.2551950545600159,B,B
4272,4272,8544,8544,-4272,-4272,1,1,0.07637586916719341,0.07637586916719341,B,B
4273,4273,8546,8546,-4273,-4273,1,1,0.9820972047589576,0.9820972047589576,B,B
4275,4275,8550,8550,-4275,-4275,1,1,0.15731713944262582,0.15731713944262582,B,B
4276,4276,8552,8552,-4276,-4276,1,1,0.8422446728554922,0.8422446728554922,B,B
4277,4277,8554,8554,-4277,-4277,1,1,0.05740447695013606,0.05740447695013606,B,B
4280,4280,8560,8560,-4280,-4280,1,1,0.39259152111401785,0.39259152111401785,B,B
4282,4282,8564,8564,-4282,-4282,1,1,0.6382267752201675,0.6382267752201675,B,B
4284,4284,8568,8568,-4284,-4284,1,1,0.849612178983325,0.849612178983325,B,B
4285,4285,8570,8570,-4285,-4285,1,1,0.9909583328213837,0.9909583328213837,B,B
4286,4286,8572,8572,-4286,-4286,1,1,0.31380552483879676,0.31380552483879676,B,B
4287,4287,8574,8574,-4287,-4287,1,1,0.7072067986516358,0.7072067986516358,B,B
4288,4288,8576,8576,-4288,-4288,1,1,0.33071904410214237,0.33071904410214237,B,B
4289,4289,8578,8578,-4289,-4289,1,1,0.11456144374977606,0.11456144374977606,B,B
4290,4290,8580,8580,-4290,-4290,1,1,0.8997074070823283,0.8997074070823283,B,B
4291,4291,8582,8582,-4291,-4291,1,1,0.6562015915459207,0.6562015915459207,B,B
4292,4292,8584,8584,-4292,-4292,1,1,0.43816007536869295,0.43816007536869295,B,B
4293,4293,8586,8586,-4293,-4293,1,1,0.30573057061807996,0.30573057061807996,B,B
4294,4294,8588,8588,-4294,-4294,1,1,0.5654731322219093,0.5654731322219093,B,B
4297,4297,8594,8594,-4297,-4297,1,1,0.2961213155056547,0.2961213155056547,B,B
4298,4298,8596,8596,-4298,-4298,1,1,0.9170781529760295,0.9170781529760295,B,B
4299,4299,8598,8598,-4299,-4299,1,1,0.10378269684232977,0.10378269684232977,B,B
4301,4301,8602,8602,-4301,-4301,1,1,0.9865169956845062,0.9865169956845062,B,B
4304,4304,8608,8608,-4304,-4304,1,1,0.7256381415407683,0.7256381415407683,B,B
4305,4305,8610,8610,-4305,-4305,1,1,0.6553073059532458,0.6553073059532458,B,B
4306,4306,8612,8612,-4306,-4306,1,1,0.6081211517812999,0.6081211517812999,B,B
4308,4308,8616,8616,-4308,-4308,1,1,0.359628762160754,0.359628762160754,B,B
4310,4310,8620,8620,-4310,-4310,1,1,0.8730635978561303,0.8730635978561303,B,B
4311,4311,8622,8622,-4311,-4311,1,1,0.20132326713816084,0.20132326713816084,B,B
4312,4312,8624,8624,-4312,-4312,1,1,0.2891972748411791,0.2891972748411791,B,B
4313,4313,8626,8626,-4313,-4313,1,1,0.35544006016497376,0.35544006016497376,B,B
4314,4314,8628,8628,-4314,-4314,1,1,0.539855727641353,0.539855727641353,B,B
4315,4315,8630,8630,-4315,-4315,1,1,0.9649010135380057,0.9649010135380057,B,B
4317,4317,8634,8634,-4317,-4317,1,1,0.599875971850345,0.599875971850345,B,B
4318,4318,8636,8636,-4318,-4318,1,1,0.9589602117647306,0.9589602117647306,B,B
4320,4320,8640,8640,-4320,-4320,1,1,0.021422940973780613,0.021422940973780613,B,B
4324,4324,8648,8648,-4324,-4324,1,1,0.26834553818022056,0.26834553818022056,B,B
4325,4325,8650,8650,-4325,-4325,1,1,0.2882321882071027,0.2882321882071027,B,B
4326,4326,8652,8652,-4326,-4326,1,1,0.013690337258782548,0.013690337258782548,B,B
4327,4327,8654,8654,-4327,-4327,1,1,0.7512004824551867,0.7512004824551867,B,B
4328,4328,8656,8656,-4328,-4328,1,1,0.35075824005154743,0.35075824005154743,B,B
4331,4331,8662,8662,-4331,-4331,1,1,0.9878907303228164,0.9878907303228164,B,B
4332,4332,8664,8664,-4332,-4332,1,1,0.6494506471142274,0.6494506471142274,B,B
4333,4333,8666,8666,-4333,-4333,1,1,0.3590030204191952,0.3590030204191952,B,B
4335,4335,8670,8670,-4335,-4335,1,1,0.23162940858672165,0.23162940858672165,B,B
4337,4337,8674,8674,-4337,-4337,1,1,0.5421559260768307,0.5421559260768307,B,B
4338,4338,8676,8676,-4338,-4338,1,1,0.9086978583307607,0.9086978583307607,B,B
4342,4342,8684,8684,-4342,-4342,1,1,0.9372884250091283,0.9372884250091283,B,B
4343,4343,8686,8686,-4343,-4343,1,1,0.038045642483434894,0.038045642483434894,B,B
4344,4344,8688,8688,-4344,-4344,1,1,0.2688097138103098,0.2688097138103098,B,B
4345,4345,8690,8690,-4345,-4345,1,1,0.6779950735760142,0.6779950735760142,B,B
4347,4347,8694,8694,-4347,-4347,1,1,0.46501110449240746,0.46501110449240746,B,B
4348,4348,8696,8696,-4348,-4348,1,1,0.359139506883303,0.359139506883303,B,B
4351,4351,8702,8702,-4351,-4351,1,1,0.7486783582237262,0.7486783582237262,B,B
4353,4353,8706,8706,-4353,-4353,1,1,0.08687819098904226,0.08687819098904226,B,B
4356,4356,8712,8712,-4356,-4356,1,1,0.046146782844452394,0.046146782844452394,B,B
4357,4357,8714,8714,-4357,-4357,1,1,0.4011095688191546,0.4011095688191546,B,B
4358,4358,8716,8716,-4358,-4358,1,1,0.8627339961690035,0.8627339961690035,B,B
4359,4359,8718,8718,-4359,-4359,1,1,0.7507781147678871,0.7507781147678871,B,B
4362,4362,8724,8724,-4362,-4362,1,1,0.05176727935944725,0.05176727935944725,B,B
4363,4363,8726,8726,-4363,-4363,1,1,0.04994408672191453,0.04994408672191453,B,B
4364,4364,8728,8728,-4364,-4364,1,1,0.7326672842834223,0.7326672842834223,B,B
4365,4365,8730,8730,-4365,-4365,1,1,0.1079461102000735,0.1079461102000735,B,B
4366,4366,8732,8732,-4366,-4366,1,1,0.21466611275458436,0.21466611275458436,B,B
4367,4367,8734,8734,-4367,-4367,1,1,0.0026482301653117934,0.0026482301653117934,B,B
4368,4368,8736,8736,-4368,-4368,1,1,0.2905137751101323,0.2905137751101323,B,B
4369,4369,8738,8738,-4369,-4369,1,1,0.9446526319111879,0.9446526319111879,B,B
4370,4370,8740,8740,-4370,-4370,1,1,0.6068012957118415,0.6068012957118415,B,B
4371,4371,8742,8742,-4371,-4371,1,1,0.1415183367658963,0.1415183367658963,B,B
4377,4377,8754,8754,-4377,-4377,1,1,0.014765699682506073,0.014765699682506073,B,B
4378,4378,8756,8756,-4378,-4378,1,1,0.5915972241066311,0.5915972241066311,B,B
4379,4379,8758,8758,-4379,-4379,1,1,0.05084188649950461,0.05084188649950461,B,B
4381,4381,8762,8762,-4381,-4381,1,1,0.18291593530404826,0.18291593530404826,B,B
4382,4382,8764,8764,-4382,-4382,1,1,0.8484004286438989,0.8484004286438989,B,B
4383,4383,8766,8766,-4383,-4383,1,1,0.18503110152466584,0.18503110152466584,B,B
4384,4384,8768,8768,-4384,-4384,1,1,0.5361634952425426,0.5361634952425426,B,B
4385,4385,8770,8770,-4385,-4385,1,1,0.7743312563451686,0.7743312563451686,B,B
4388,4388,8776,8776,-4388,-4388,1,1,0.8401173516658378,0.8401173516658378,B,B
4389,4389,8778,8778,-4389,-4389,1,1,0.16237554913337549,0.16237554913337549,B,B
4390,4390,8780,8780,-4390,-4390,1,1,0.10257915194774947,0.10257915194774947,B,B
4392,4392,8784,8784,-4392,-4392,1,1,0.34816717507924044,0.34816717507924044,B,B
4394,4394,8788,8788,-4394,-4394,1,1,0.6214573503640831,0.6214573503640831,B,B
4398,4398,8796,8796,-4398,-4398,1,1,0.8091004188267092,0.8091004188267092,B,B
4400,4400,8800,8800,-4400,-4400,1,1,0.2835578489767827,0.2835578489767827,B,B
4401,4401,8802,8802,-4401,-4401,1,1,0.3674424104764915,0.3674424104764915,B,B
4402,4402,8804,8804,-4402,-4402,1,1,0.06540958417396314,0.06540958417396314,B,B
4404,4404,8808,8808,-4404,-4404,1,1,0.3713924677876306,0.3713924677876306,B,B
4406,4406,8812,8812,-4406,-4406,1,1,0.6374826473778986,0.6374826473778986,B,B
4408,4408,8816,8816,-4408,-4408,1,1,0.21267438539459338,0.21267438539459338,B,B
4409,4409,8818,8818,-4409,-4409,1,1,0.134431566506521,0.134431566506521,B,B
4410,4410,8820,8820,-4410,-4410,1,1,0.2750201279270601,0.2750201279270601,B,B
4413,4413,8826,8826,-4413,-4413,1,1,0.15455159376135164,0.15455159376135164,B,B
4414,4414,8828,8828,-4414,-4414,1,1,0.7875579472590506,0.7875579472590506,B,B
4415,4415,8830,8830,-4415,-4415,1,1,0.9497123059687593,0.9497123059687593,B,B
4416,4416,8832,8832,-4416,-4416,1,1,0.3331599632068122,0.3331599632068122,B,B
4419,4419,8838,8838,-4419,-4419,1,1,0.1486945395163497,0.1486945395163497,B,B
4420,4420,8840,8840,-4420,-4420,1,1,0.9534575708068073,0.9534575708068073,B,B
4422,4422,8844,8844,-4422,-4422,1,1,0.2843385607986687,0.2843385607986687,B,B
4423,4423,8846,8846,-4423,-4423,1,1,0.33504034699336227,0.33504034699336227,B,B
4426,4426,8852,8852,-4426,-4426,1,1,0.471093963610681,0.471093963610681,B,B
4427,4427,8854,8854,-4427,-4427,1,1,0.09072649089432405,0.09072649089432405,B,B
4428,4428,8856,8856,-4428,-4428,1,1,0.8587113791237031,0.8587113791237031,B,B
4431,4431,8862,8862,-4431,-4431,1,1,0.17156370300266477,0.17156370300266477,B,B
4432,4432,8864,8864,-4432,-4432,1,1,0.1637702857451816,0.1637702857451816,B,B
4433,4433,8866,8866,-4433,-4433,1,1,0.8132027604490207,0.8132027604490207,B,B
4434,4434,8868,8868,-4434,-4434,1,1,0.5318577251519034,0.5318577251519034,B,B
4435,4435,8870,8870,-4435,-4435,1,1,0.5484266709702377,0.5484266709702377,B,B
4436,4436,8872,8872,-4436,-4436,1,1,0.5347805309283593,0.5347805309283593,B,B
4437,4437,8874,8874,-4437,-4437,1,1,0.8644080752016896,0.8644080752016896,B,B
4438,4438,8876,8876,-4438,-4438,1,1,0.8062309794640662,0.8062309794640662,B,B
4439,4439,8878,8878,-4439,-4439,1,1,0.5120055459567792,0.5120055459567792,B,B
4440,4440,8880,8880,-4440,-4440,1,1,0.6138272437850849,0.6138272437850849,B,B
4441,4441,8882,8882,-4441,-4441,1,1,0.21284381263516916,0.21284381263516916,B,B
4442,4442,8884,8884,-4442,-4442,1,1,0.1515786773771065,0.1515786773771065,B,B
4444,4444,8888,8888,-4444,-4444,1,1,0.7388058908656359,0.7388058908656359,B,B
4445,4445,8890,8890,-4445,-4445,1,1,0.5221473790970333,0.5221473790970333,B,B
4446,4446,8892,8892,-4446,-4446,1,1,0.9789510160985687,0.9789510160985687,B,B
4448,4448,8896,8896,-4448,-4448,1,1,0.47641502630682775,0.47641502630682775,B,B
4451,4451,8902,8902,-4451,-4451,1,1,0.6361071963325342,0.6361071963325342,B,B
4452,4452,8904,8904,-4452,-4452,1,1,0.8844317254737817,0.8844317254737817,B,B
4453,4453,8906,8906,-4453,-4453,1,1,0.6534933877850726,0.6534933877850726,B,B
4455,4455,8910,8910,-4455,-4455,1,1,0.9679210756524147,0.9679210756524147,B,B
4456,4456,8912,8912,-4456,-4456,1,1,0.06858639799547228,0.06858639799547228,B,B
4457,4457,8914,8914,-4457,-4457,1,1,0.5413684530428602,0.5413684530428602,B,B
4458,4458,8916,8916,-4458,-4458,1,1,0.8351948536141655,0.8351948536141655,B,B
4459,4459,8918,8918,-4459,-4459,1,1,0.31587424565697875,0.31587424565697875,B,B
4461,4461,8922,8922,-4461,-4461,1,1,0.2710335600920014,0.2710335600920014,B,B
4465,4465,8930,8930,-4465,-4465,1,1,0.5639669314789668,0.5639669314789668,B,B
4466,4466,8932,8932,-4466,-4466,1,1,0.5462527152649229,0.5462527152649229,B,B
4469,4469,8938,8938,-4469,-4469,1,1,0.8946699708548159,0.8946699708548159,B,B
4470,4470,8940,8940,-4470,-4470,1,1,0.9274840503716663,0.9274840503716663,B,B
4471,4471,8942,8942,-4471,-4471,1,1,0.9481291124493009,0.9481291124493009,B,B
4473,4473,8946,8946,-4473,-4473,1,1,0.12879041252923085,0.12879041252923085,B,B
4475,4475,8950,8950,-4475,-4475,1,1,0.5195496549195772,0.5195496549195772,B,B
4476,4476,8952,8952,-4476,-4476,1,1,0.6738410169063033,0.6738410169063033,B,B
4477,4477,8954,8954,-4477,-4477,1,1,0.8414358169795587,0.8414358169795587,B,B
4479,4479,8958,8958,-4479,-4479,1,1,0.8690200694514655,0.8690200694514655,B,B
4480,4480,8960,8960,-4480,-4480,1,1,0.7567067748547494,0.7567067748547494,B,B
4482,4482,8964,8964,-4482,-4482,1,1,0.2934906342450856,0.2934906342450856,B,B
4483,4483,8966,8966,-4483,-4483,1,1,0.2918980005673507,0.2918980005673507,B,B
4484,4484,8968,8968,-4484,-4484,1,1,0.28332752491816193,0.28332752491816193,B,B
4485,4485,8970,8970,-4485,-4485,1,1,0.8051295595703915,0.8051295595703915,B,B
4488,4488,8976,8976,-4488,-4488,1,1,0.9653314682608136,0.9653314682608136,B,B
4489,4489,8978,8978,-4489,-4489,1,1,0.2845955644616083,0.2845955644616083,B,B
4490,4490,8980,8980,-4490,-4490,1,1,0.3161133617532248,0.3161133617532248,B,B
4491,4491,8982,8982,-4491,-4491,1,1,0.20951698976331057,0.20951698976331057,B,B
4492,4492,8984,8984,-4492,-4492,1,1,0.8960814830779544,0.8960814830779544,B,B
4494,4494,8988,8988,-4494,-4494,1,1,0.10827752095585508,0.10827752095585508,B,B
4495,4495,8990,8990,-4495,-4495,1,1,0.7854119946236942,0.7854119946236942,B,B
4496,4496,8992,8992,-4496,-4496,1,1,0.12072745761353432,0.12072745761353432,B,B
4497,4497,8994,8994,-4497,-4497,1,1,0.20596500130239503,0.20596500130239503,B,B
4498,4498,8996,8996,-4498,-4498,1,1,0.15958566562122223,0.15958566562122223,B,B
4499,4499,8998,8998,-4499,-4499,1,1,0.1762818783030381,0.1762818783030381,B,B
4500,4500,9000,9000,-4500,-4500,1,1,0.9029719541958754,0.9029719541958754,B,B
4501,4501,9002,9002,-4501,-4501,1,1,0.1954833068749613,0.1954833068749613,B,B
4502,4502,9004,9004,-4502,-4502,1,1,0.11528179152795648,0.11528179152795648,B,B
4503,4503,9006,9006,-4503,-4503,1,1,0.3078506859445621,0.3078506859445621,B,B
4504,4504,9008,9008,-4504,-4504,1,1,0.1583737767249067,0.1583737767249067,B,B
4505,4505,9010,9010,-4505,-4505,1,1,0.4641578706648075,0.4641578706648075,B,B
4507,4507,9014,9014,-4507,-4507,1,1,0.12184041172220361,0.12184041172220361,B,B
4510,4510,9020,9020,-4510,-4510,1,1,0.7413398957229606,0.7413398957229606,B,B
4511,4511,9022,9022,-4511,-4511,1,1,0.20688265100133196,0.20688265100133196,B,B
4512,4512,9024,9024,-4512,-4512,1,1,0.8613860671170811,0.8613860671170811,B,B
4514,4514,9028,9028,-4514,-4514,1,1,0.7750692116684814,0.7750692116684814,B,B
4516,4516,9032,9032,-4516,-4516,1,1,0.9660293692145575,0.9660293692145575,B,B
4517,4517,9034,9034,-4517,-4517,1,1,0.10212370394132997,0.10212370394132997,B,B
4519,4519,9038,9038,-4519,-4519,1,1,0.6000122277742745,0.6000122277742745,B,B
4520,4520,9040,9040,-4520,-4520,1,1,0.6701404239752787,0.6701404239752787,B,B
4521,4521,9042,9042,-4521,-4521,1,1,0.4136416088921363,0.4136416088921363,B,B
4522,4522,9044,9044,-4522,-4522,1,1,0.7640681458731812,0.7640681458731812,B,B
4523,4523,9046,9046,-4523,-4523,1,1,0.3626591806627546,0.3626591806627546,B,B
4524,4524,9048,9048,-4524,-4524,1,1,0.622654627027911,0.622654627027911,B,B
4525,4525,9050,9050,-4525,-4525,1,1,0.29668245975057617,0.29668245975057617,B,B
4529,4529,9058,9058,-4529,-4529,1,1,0.08777939409870072,0.08777939409870072,B,B
4530,4530,9060,9060,-4530,-4530,1,1,0.8565152490494631,0.8565152490494631,B,B
4531,4531,9062,9062,-4531,-4531,1,1,0.20051355975493723,0.20051355975493723,B,B
4533,4533,9066,9066,-4533,-4533,1,1,0.36262064194137433,0.36262064194137433,B,B
4534,4534,9068,9068,-4534,-4534,1,1,0.40967649422439123,0.40967649422439123,B,B
4536,4536,9072,9072,-4536,-4536,1,1,0.7174327112041039,0.7174327112041039,B,B
4537,4537,9074,9074,-4537,-4537,1,1,0.03933969911983459,0.03933969911983459,B,B
4538,4538,9076,9076,-4538,-4538,1,1,0.3143375863567962,0.3143375863567962,B,B
4539,4539,9078,9078,-4539,-4539,1,1,0.017194045176973205,0.017194045176973205,B,B
4541,4541,9082,9082,-4541,-4541,1,1,0.23485493900939103,0.23485493900939103,B,B
4542,4542,9084,9084,-4542,-4542,1,1,0.572829604573242,0.572829604573242,B,B
4543,4543,9086,9086,-4543,-4543,1,1,0.18314180320524764,0.18314180320524764,B,B
4544,4544,9088,9088,-4544,-4544,1,1,0.4188785176264692,0.4188785176264692,B,B
4546,4546,9092,9092,-4546,-4546,1,1,0.6688722161327122,0.6688722161327122,B,B
4549,4549,9098,9098,-4549,-4549,1,1,0.6759456258469778,0.6759456258469778,B,B
4550,4550,9100,9100,-4550,-4550,1,1,0.6222290309225823,0.6222290309225823,B,B
4552,4552,9104,9104,-4552,-4552,1,1,0.23160209193530557,0.23160209193530557,B,B
4554,4554,9108,9108,-4554,-4554,1,1,0.5340814979647035,0.5340814979647035,B,B
4557,4557,9114,9114,-4557,-4557,1,1,0.9400765266604427,0.9400765266604427,B,B
4559,4559,9118,9118,-4559,-4559,1,1,0.7870922401188074,0.7870922401188074,B,B
4562,4562,9124,9124,-4562,-4562,1,1,0.11891919635636605,0.11891919635636605,B,B
4563,4563,9126,9126,-4563,-4563,1,1,0.5439870546020723,0.5439870546020723,B,B
4566,4566,9132,9132,-4566,-4566,1,1,0.19907631654066715,0.19907631654066715,B,B
4568,4568,9136,9136,-4568,-4568,1,1,0.6619648486283068,0.6619648486283068,B,B
4569,4569,9138,9138,-4569,-4569,1,1,0.7477043531411425,0.7477043531411425,B,B
4571,4571,9142,9142,-4571,-4571,1,1,0.6893944180917934,0.6893944180917934,B,B
4573,4573,9146,9146,-4573,-4573,1,1,0.1711442559339148,0.1711442559339148,B,B
4576,4576,9152,9152,-4576,-4576,1,1,0.48870547171283196,0.48870547171283196,B,B
4577,4577,9154,9154,-4577,-4577,1,1,0.752974908662493,0.752974908662493,B,B
4578,4578,9156,9156,-4578,-4578,1,1,0.3817675347402736,0.3817675347402736,B,B
4579,4579,9158,9158,-4579,-4579,1,1,0.8159078502939726,0.8159078502939726,B,B
4580,4580,9160,9160,-4580,-4580,1,1,0.3107882074180526,0.3107882074180526,B,B
4581,4581,9162,9162,-4581,-4581,1,1,0.11028514989544236,0.11028514989544236,B,B
4583,4583,9166,9166,-4583,-4583,1,1,0.14814389600441424,0.14814389600441424,B,B
4585,4585,9170,9170,-4585,-4585,1,1,0.23426349935878388,0.23426349935878388,B,B
4586,4586,9172,9172,-4586,-4586,1,1,0.26418155394187703,0.26418155394187703,B,B
4587,4587,9174,9174,-4587,-4587,1,1,0.935691420814625,0.935691420814625,B,B
4588,4588,9176,9176,-4588,-4588,1,1,0.03684378685764356,0.03684378685764356,B,B
4591,4591,9182,9182,-4591,-4591,1,1,0.14892802708118558,0.14892802708118558,B,B
4592,4592,9184,9184,-4592,-4592,1,1,0.5034838922086698,0.5034838922086698,B,B
4593,4593,9186,9186,-4593,-4593,1,1,0.9928011376356151,0.9928011376356151,B,B
4595,4595,9190,9190,-4595,-4595,1,1,0.264914375051995,0.264914375051995,B,B
4596,4596,9192,9192,-4596,-4596,1,1,0.6102664381696192,0.6102664381696192,B,B
4597,4597,9194,9194,-4597,-4597,1,1,0.5966000749192057,0.5966000749192057,B,B
4598,4598,9196,9196,-4598,-4598,1,1,0.9454563645100339,0.9454563645100339,B,B
4600,4600,9200,9200,-4600,-4600,1,1,0.6616762119533904,0.6616762119533904,B,B
4602,4602,9204,9204,-4602,-4602,1,1,0.6657170722489725,0.6657170722489725,B,B
4603,4603,9206,9206,-4603,-4603,1,1,0.16208095117936605,0.16208095117936605,B,B
4604,4604,9208,9208,-4604,-4604,1,1,0.15706526788758468,0.15706526788758468,B,B
4606,4606,9212,9212,-4606,-4606,1,1,0.6723121726838278,0.6723121726838278,B,B
4607,4607,9214,9214,-4607,-4607,1,1,0.7937553146013223,0.7937553146013223,B,B
4608,4608,9216,9216,-4608,-4608,1,1,0.8909347595092658,0.8909347595092658,B,B
4609,4609,9218,9218,-4609,-4609,1,1,0.5569010220209593,0.5569010220209593,B,B
4611,4611,9222,9222,-4611,-4611,1,1,0.5412783430517899,0.5412783430517899,B,B
4613,4613,9226,9226,-4613,-4613,1,1,0.8328044501812587,0.8328044501812587,B,B
4615,4615,9230,9230,-4615,-4615,1,1,0.7576289496214702,0.7576289496214702,B,B
4616,4616,9232,9232,-4616,-4616,1,1,0.06517084164269749,0.06517084164269749,B,B
4617,4617,9234,9234,-4617,-4617,1,1,0.7643606766559357,0.7643606766559357,B,B
4618,4618,9236,9236,-4618,-4618,1,1,0.8096159738405615,0.8096159738405615,B,B
4619,4619,9238,9238,-4619,-4619,1,1,0.7574946338732725,0.7574946338732725,B,B
4622,4622,9244,9244,-4622,-4622,1,1,0.7662524140463154,0.7662524140463154,B,B
4625,4625,9250,9250,-4625,-4625,1,1,0.3901967656079456,0.3901967656079456,B,B
4627,4627,9254,9254,-4627,-4627,1,1,0.8314357400674992,0.8314357400674992,B,B
4628,4628,9256,9256,-4628,-4628,1,1,0.27832953850130593,0.27832953850130593,B,B
4629,4629,9258,9258,-4629,-4629,1,1,0.649750495041174,0.649750495041174,B,B
4631,4631,9262,9262,-4631,-4631,1,1,0.09524470066742008,0.09524470066742008,B,B
4633,4633,9266,9266,-4633,-4633,1,1,0.9033154355581683,0.9033154355581683,B,B
4635,4635,9270,9270,-4635,-4635,1,1,0.14645832369601675,0.14645832369601675,B,B
4636,4636,9272,9272,-4636,-4636,1,1,0.7860077698758936,0.7860077698758936,B,B
4641,4641,9282,9282,-4641,-4641,1,1,0.4957679775933139,0.4957679775933139,B,B
4642,4642,9284,9284,-4642,-4642,1,1,0.5670297943666057,0.5670297943666057,B,B
4643,4643,9286,9286,-4643,-4643,1,1,0.8509645777368672,0.8509645777368672,B,B
4644,4644,9288,9288,-4644,-4644,1,1,0.3900239136322151,0.3900239136322151,B,B
4645,4645,9290,9290,-4645,-4645,1,1,0.8692292643323468,0.8692292643323468,B,B
4646,4646,9292,9292,-4646,-4646,1,1,0.012701808460128028,0.012701808460128028,B,B
4647,4647,9294,9294,-4647,-4647,1,1,0.2817756079869431,0.2817756079869431,B,B
4648,4648,9296,9296,-4648,-4648,1,1,0.16680483334818463,0.16680483334818463,B,B
4649,4649,9298,9298,-4649,-4649,1,1,0.10355863110263763,0.10355863110263763,B,B
4650,4650,9300,9300,-4650,-4650,1,1,0.3995919917472024,0.3995919917472024,B,B
4651,4651,9302,9302,-4651,-4651,1,1,0.5045450074994218,0.5045450074994218,B,B
4652,4652,9304,9304,-4652,-4652,1,1,0.4404428097936104,0.4404428097936104,B,B
4655,4655,9310,9310,-4655,-4655,1,1,0.45638365392711633,0.45638365392711633,B,B
4657,4657,9314,9314,-4657,-4657,1,1,0.3116649521391296,0.3116649521391296,B,B
4658,4658,9316,9316,-4658,-4658,1,1,0.006067789415711844,0.006067789415711844,B,B
4659,4659,9318,9318,-4659,-4659,1,1,0.016044092105171326,0.016044092105171326,B,B
4660,4660,9320,9320,-4660,-4660,1,1,0.8320237885278572,0.8320237885278572,B,B
4663,4663,9326,9326,-4663,-4663,1,1,0.7177550148778825,0.7177550148778825,B,B
4666,4666,9332,9332,-4666,-4666,1,1,0.40490358698099305,0.40490358698099305,B,B
4668,4668,9336,9336,-4668,-4668,1,1,0.5387979425344783,0.5387979425344783,B,B
4669,4669,9338,9338,-4669,-4669,1,1,0.4669185405559685,0.4669185405559685,B,B
4670,4670,9340,9340,-4670,-4670,1,1,0.6535922842358896,0.6535922842358896,B,B
4671,4671,9342,9342,-4671,-4671,1,1,0.485067625334039,0.485067625334039,B,B
4672,4672,9344,9344,-4672,-4672,1,1,0.6361502311570301,0.6361502311570301,B,B
4673,4673,9346,9346,-4673,-4673,1,1,0.42103120947591244,0.42103120947591244,B,B
4674,4674,9348,9348,-4674,-4674,1,1,0.05287311396585659,0.05287311396585659,B,B
4675,4675,9350,9350,-4675,-4675,1,1,0.17676693591896175,0.17676693591896175,B,B
4676,4676,9352,9352,-4676,-4676,1,1,0.1480169619238887,0.1480169619238887,B,B
4678,4678,9356,9356,-4678,-4678,1,1,0.4995025033067043,0.4995025033067043,B,B
4679,4679,9358,9358,-4679,-4679,1,1,0.005194568240856956,0.005194568240856956,B,B
4680,4680,9360,9360,-4680,-4680,1,1,0.7828342817242142,0.7828342817242142,B,B
4682,4682,9364,9364,-4682,-4682,1,1,0.7491751201522705,0.7491751201522705,B,B
4683,4683,9366,9366,-4683,-4683,1,1,0.7483922203228653,0.7483922203228653,B,B
4687,4687,9374,9374,-4687,-4687,1,1,0.5908407117344041,0.5908407117344041,B,B
4688,4688,9376,9376,-4688,-4688,1,1,0.3894171487669179,0.3894171487669179,B,B
4689,4689,9378,9378,-4689,-4689,1,1,0.9974246809284575,0.9974246809284575,B,B
4690,4690,9380,9380,-4690,-4690,1,1,0.929349291346621,0.929349291346621,B,B
4691,4691,9382,9382,-4691,-4691,1,1,0.949542503007189,0.949542503007189,B,B
4692,4692,9384,9384,-4692,-4692,1,1,0.9698924991668911,0.9698924991668911,B,B
4693,4693,9386,9386,-4693,-4693,1,1,0.7317517095334752,0.7317517095334752,B,B
4694,4694,9388,9388,-4694,-4694,1,1,0.7254597895175537,0.7254597895175537,B,B
4695,4695,9390,9390,-4695,-4695,1,1,0.7201299780861882,0.7201299780861882,B,B
4696,4696,9392,9392,-4696,-4696,1,1,0.07162425360297975,0.07162425360297975,B,B
4697,4697,9394,9394,-4697,-4697,1,1,0.4639797908581308,0.4639797908581308,B,B
4698,4698,9396,9396,-4698,-4698,1,1,0.26864166451531724,0.26864166451531724,B,B
4699,4699,9398,9398,-4699,-4699,1,1,0.6509082154120485,0.6509082154120485,B,B
4700,4700,9400,9400,-4700,-4700,1,1,0.09886980325638861,0.09886980325638861,B,B
4701,4701,9402,9402,-4701,-4701,1,1,0.4956354917075947,0.4956354917075947,B,B
4703,4703,9406,9406,-4703,-4703,1,1,0.5589601680918171,0.5589601680918171,B,B
4704,4704,9408,9408,-4704,-4704,1,1,0.5711639986921097,0.5711639986921097,B,B
4706,4706,9412,9412,-4706,-4706,1,1,0.18833941513345231,0.18833941513345231,B,B
4707,4707,9414,9414,-4707,-4707,1,1,0.4638687759239314,0.4638687759239314,B,B
4710,4710,9420,9420,-4710,-4710,1,1,0.8600920880051327,0.8600920880051327,B,B
4714,4714,9428,9428,-4714,-4714,1,1,0.8563352130127686,0.8563352130127686,B,B
4716,4716,9432,9432,-4716,-4716,1,1,0.9691592757723164,0.9691592757723164,B,B
4717,4717,9434,9434,-4717,-4717,1,1,0.2735974849376295,0.2735974849376295,B,B
4718,4718,9436,9436,-4718,-4718,1,1,0.5393132237836804,0.5393132237836804,B,B
4721,4721,9442,9442,-4721,-4721,1,1,0.4467494232284491,0.4467494232284491,B,B
4723,4723,9446,9446,-4723,-4723,1,1,0.6132178507159153,0.6132178507159153,B,B
4725,4725,9450,9450,-4725,-4725,1,1,0.8352007840775202,0.8352007840775202,B,B
4728,4728,9456,9456,-4728,-4728,1,1,0.3916992910212811,0.3916992910212811,B,B
4729,4729,9458,9458,-4729,-4729,1,1,0.7108216952789029,0.7108216952789029,B,B
4730,4730,9460,9460,-4730,-4730,1,1,0.03551202439043444,0.03551202439043444,B,B
4731,4731,9462,9462,-4731,-4731,1,1,0.6485239957567999,0.6485239957567999,B,B
4734,4734,9468,9468,-4734,-4734,1,1,0.842728536346872,0.842728536346872,B,B
4735,4735,9470,9470,-4735,-4735,1,1,0.5120556892238546,0.5120556892238546,B,B
4736,4736,9472,9472,-4736,-4736,1,1,0.7021984196833633,0.7021984196833633,B,B
4737,4737,9474,9474,-4737,-4737,1,1,0.413622835139111,0.413622835139111,B,B
4738,4738,9476,9476,-4738,-4738,1,1,0.27643684840087623,0.27643684840087623,B,B
4739,4739,9478,9478,-4739,-4739,1,1,0.971036549439414,0.971036549439414,B,B
4740,4740,9480,9480,-4740,-4740,1,1,0.3209203679887668,0.3209203679887668,B,B
4741,4741,9482,9482,-4741,-4741,1,1,0.8612306504508395,0.8612306504508395,B,B
4742,4742,9484,9484,-4742,-4742,1,1,0.2777105930572029,0.2777105930572029,B,B
4743,4743,9486,9486,-4743,-4743,1,1,0.22205934488613155,0.22205934488613155,B,B
4744,4744,9488,9488,-4744,-4744,1,1,0.358855535913443,0.358855535913443,B,B
4745,4745,9490,9490,-4745,-4745,1,1,0.9500004327109393,0.9500004327109393,B,B
4750,4750,9500,9500,-4750,-4750,1,1,0.025050600422351077,0.025050600422351077,B,B
4752,4752,9504,9504,-4752,-4752,1,1,0.2660972938452647,0.2660972938452647,B,B
4754,4754,9508,9508,-4754,-4754,1,1,0.6746102211078552,0.6746102211078552,B,B
4755,4755,9510,9510,-4755,-4755,1,1,0.4462683689186484,0.4462683689186484,B,B
4757,4757,9514,9514,-4757,-4757,1,1,0.39867850705879826,0.39867850705879826,B,B
4758,4758,9516,9516,-4758,-4758,1,1,0.6453010658064474,0.6453010658064474,B,B
4759,4759,9518,9518,-4759,-4759,1,1,0.8138066284236458,0.8138066284236458,B,B
4760,4760,9520,9520,-4760,-4760,1,1,0.7404089292886767,0.7404089292886767,B,B
4761,4761,9522,9522,-4761,-4761,1,1,0.08223791637431688,0.08223791637431688,B,B
4762,4762,9524,9524,-4762,-4762,1,1,0.2982486888442215,0.2982486888442215,B,B
4763,4763,9526,9526,-4763,-4763,1,1,0.509861194711618,0.509861194711618,B,B
4765,4765,9530,9530,-4765,-4765,1,1,0.9845528247473155,0.9845528247473155,B,B
4766,4766,9532,9532,-4766,-4766,1,1,0.5995502461120219,0.5995502461120219,B,B
4767,4767,9534,9534,-4767,-4767,1,1,0.377988729667996,0.377988729667996,B,B
4771,4771,9542,9542,-4771,-4771,1,1,0.0964902564727903,0.0964902564727903,B,B
4772,4772,9544,9544,-4772,-4772,1,1,0.11176667684877362,0.11176667684877362,B,B
4773,4773,9546,9546,-4773,-4773,1,1,0.19354392097786377,0.19354392097786377,B,B
4774,4774,9548,9548,-4774,-4774,1,1,0.48844035897340177,0.48844035897340177,B,B
4776,4776,9552,9552,-4776,-4776,1,1,0.3781358436571862,0.3781358436571862,B,B
4777,4777,9554,9554,-4777,-4777,1,1,0.8672902049307813,0.8672902049307813,B,B
4778,4778,9556,9556,-4778,-4778,1,1,0.647231071206305,0.647231071206305,B,B
4779,4779,9558,9558,-4779,-4779,1,1,0.5465391602994024,0.5465391602994024,B,B
4781,4781,9562,9562,-4781,-4781,1,1,0.7803108024205748,0.7803108024205748,B,B
4782,4782,9564,9564,-4782,-4782,1,1,0.9041882731302575,0.9041882731302575,B,B
4783,4783,9566,9566,-4783,-4783,1,1,0.16039065097463012,0.16039065097463012,B,B
4785,4785,9570,9570,-4785,-4785,1,1,0.9527316851347949,0.9527316851347949,B,B
4786,4786,9572,9572,-4786,-4786,1,1,0.9579087279395683,0.9579087279395683,B,B
4787,4787,9574,9574,-4787,-4787,1,1,0.18985113631665962,0.18985113631665962,B,B
4788,4788,9576,9576,-4788,-4788,1,1,0.9848420806108419,0.9848420806108419,B,B
4793,4793,9586,9586,-4793,-4793,1,1,0.7778763083404672,0.7778763083404672,B,B
4794,4794,9588,9588,-4794,-4794,1,1,0.684020476740114,0.684020476740114,B,B
4796,4796,9592,9592,-4796,-4796,1,1,0.19053644362308575,0.19053644362308575,B,B
4797,4797,9594,9594,-4797,-4797,1,1,0.6269276218345885,0.6269276218345885,B,B
4798,4798,9596,9596,-4798,-4798,1,1,0.41366574545685786,0.41366574545685786,B,B
4799,4799,9598,9598,-4799,-4799,1,1,0.28347003151379047,0.28347003151379047,B,B
4801,4801,9602,9602,-4801,-4801,1,1,0.47853787834055417,0.47853787834055417,B,B
4802,4802,9604,9604,-4802,-4802,1,1,0.5675214198640265,0.5675214198640265,B,B
4804,4804,9608,9608,-4804,-4804,1,1,0.9546176393347221,0.9546176393347221,B,B
4807,4807,9614,9614,-4807,-4807,1,1,0.6277499544872785,0.6277499544872785,B,B
4808,4808,9616,9616,-4808,-4808,1,1,0.2202369912711929,0.2202369912711929,B,B
4809,4809,9618,9618,-4809,-4809,1,1,0.21955545275831778,0.21955545275831778,B,B
4811,4811,9622,9622,-4811,-4811,1,1,0.4182418397781623,0.4182418397781623,B,B
4812,4812,9624,9624,-4812,-4812,1,1,0.7459977200621998,0.7459977200621998,B,B
4813,4813,9626,9626,-4813,-4813,1,1,0.8032500070694315,0.8032500070694315,B,B
4814,4814,9628,9628,-4814,-4814,1,1,0.959228741135721,0.959228741135721,B,B
4815,4815,9630,9630,-4815,-4815,1,1,0.9023955560117985,0.9023955560117985,B,B
4816,4816,9632,9632,-4816,-4816,1,1,0.6336483391981166,0.6336483391981166,B,B
4819,4819,9638,9638,-4819,-4819,1,1,0.2700775812694265,0.2700775812694265,B,B
4820,4820,9640,9640,-4820,-4820,1,1,0.7825274309181992,0.7825274309181992,B,B
4821,4821,9642,9642,-4821,-4821,1,1,0.11848205148890889,0.11848205148890889,B,B
4822,4822,9644,9644,-4822,-4822,1,1,0.7101100192452433,0.7101100192452433,B,B
4823,4823,9646,9646,-4823,-4823,1,1,0.38254362384047425,0.38254362384047425,B,B
4825,4825,9650,9650,-4825,-4825,1,1,0.5637391382397015,0.5637391382397015,B,B
4826,4826,9652,9652,-4826,-4826,1,1,0.7281093609893933,0.7281093609893933,B,B
4827,4827,9654,9654,-4827,-4827,1,1,0.05534932670935122,0.05534932670935122,B,B
4828,4828,9656,9656,-4828,-4828,1,1,0.05117566101205506,0.05117566101205506,B,B
4831,4831,9662,9662,-4831,-4831,1,1,0.5105290118472425,0.5105290118472425,B,B
4834,4834,9668,9668,-4834,-4834,1,1,0.7338855717389035,0.7338855717389035,B,B
4835,4835,9670,9670,-4835,-4835,1,1,0.3854751906279309,0.3854751906279309,B,B
4837,4837,9674,9674,-4837,-4837,1,1,0.42448085266597657,0.42448085266597657,B,B
4840,4840,9680,9680,-4840,-4840,1,1,0.5894810826959147,0.5894810826959147,B,B
4841,4841,9682,9682,-4841,-4841,1,1,0.36804163532948875,0.36804163532948875,B,B
4842,4842,9684,9684,-4842,-4842,1,1,0.16950084934393406,0.16950084934393406,B,B
4843,4843,9686,9686,-4843,-4843,1,1,0.6074496105961067,0.6074496105961067,B,B
4844,4844,9688,9688,-4844,-4844,1,1,0.27429449246045345,0.27429449246045345,B,B
4846,4846,9692,9692,-4846,-4846,1,1,0.05162443160031993,0.05162443160031993,B,B
4852,4852,9704,9704,-4852,-4852,1,1,0.19064557625418044,0.19064557625418044,B,B
4853,4853,9706,9706,-4853,-4853,1,1,0.9667428573126903,0.9667428573126903,B,B
4855,4855,9710,9710,-4855,-4855,1,1,0.9667200427799869,0.9667200427799869,B,B
4856,4856,9712,9712,-4856,-4856,1,1,0.3961513776630604,0.3961513776630604,B,B
4857,4857,9714,9714,-4857,-4857,1,1,0.9177883649775949,0.9177883649775949,B,B
4859,4859,9718,9718,-4859,-4859,1,1,0.9299224973405796,0.9299224973405796,B,B
4863,4863,9726,9726,-4863,-4863,1,1,0.28790728162043944,0.28790728162043944,B,B
4865,4865,9730,9730,-4865,-4865,1,1,0.3023844575657161,0.3023844575657161,B,B
4866,4866,9732,9732,-4866,-4866,1,1,0.04299035137096496,0.04299035137096496,B,B
4867,4867,9734,9734,-4867,-4867,1,1,0.27946472159261815,0.27946472159261815,B,B
4868,4868,9736,9736,-4868,-4868,1,1,0.1875057998323898,0.1875057998323898,B,B
4869,4869,9738,9738,-4869,-4869,1,1,0.8769638926540771,0.8769638926540771,B,B
4870,4870,9740,9740,-4870,-4870,1,1,0.1041508139524776,0.1041508139524776,B,B
4872,4872,9744,9744,-4872,-4872,1,1,0.8082879548262514,0.8082879548262514,B,B
4873,4873,9746,9746,-4873,-4873,1,1,0.6326332514450771,0.6326332514450771,B,B
4874,4874,9748,9748,-4874,-4874,1,1,0.6267532476599675,0.6267532476599675,B,B
4876,4876,9752,9752,-4876,-4876,1,1,0.5694089197548955,0.5694089197548955,B,B
4877,4877,9754,9754,-4877,-4877,1,1,0.9603115656115958,0.9603115656115958,B,B
4878,4878,9756,9756,-4878,-4878,1,1,0.3470106578702915,0.3470106578702915,B,B
4879,4879,9758,9758,-4879,-4879,1,1,0.557826017877359,0.557826017877359,B,B
4882,4882,9764,9764,-4882,-4882,1,1,0.7255945633734863,0.7255945633734863,B,B
4883,4883,9766,9766,-4883,-4883,1,1,0.2691459126746667,0.2691459126746667,B,B
4884,4884,9768,9768,-4884,-4884,1,1,0.9609298539706528,0.9609298539706528,B,B
4886,4886,9772,9772,-4886,-4886,1,1,0.2632788080539281,0.2632788080539281,B,B
4887,4887,9774,9774,-4887,-4887,1,1,0.7650668886548977,0.7650668886548977,B,B
4889,4889,9778,9778,-4889,-4889,1,1,0.889410894943391,0.889410894943391,B,B
4892,4892,9784,9784,-4892,-4892,1,1,0.6528348022547829,0.6528348022547829,B,B
4893,4893,9786,9786,-4893,-4893,1,1,0.3322610345942889,0.3322610345942889,B,B
4894,4894,9788,9788,-4894,-4894,1,1,0.4267400875834839,0.4267400875834839,B,B
4895,4895,9790,9790,-4895,-4895,1,1,0.8152109725941351,0.8152109725941351,B,B
4896,4896,9792,9792,-4896,-4896,1,1,0.43893214584992657,0.43893214584992657,B,B
4897,4897,9794,9794,-4897,-4897,1,1,0.31581250837759134,0.31581250837759134,B,B
4901,4901,9802,9802,-4901,-4901,1,1,0.7141228320720916,0.7141228320720916,B,B
4902,4902,9804,9804,-4902,-4902,1,1,0.42378439102837806,0.42378439102837806,B,B
4903,4903,9806,9806,-4903,-4903,1,1,0.018064467661419115,0.018064467661419115,B,B
4906,4906,9812,9812,-4906,-4906,1,1,0.22160178808736575,0.22160178808736575,B,B
4907,4907,9814,9814,-4907,-4907,1,1,0.38268903142706756,0.38268903142706756,B,B
4908,4908,9816,9816,-4908,-4908,1,1,0.566385207147499,0.566385207147499,B,B
4910,4910,9820,9820,-4910,-4910,1,1,0.8487261501021438,0.8487261501021438,B,B
4912,4912,9824,9824,-4912,-4912,1,1,0.9922902264314737,0.9922902264314737,B,B
4913,4913,9826,9826,-4913,-4913,1,1,0.10654198243472235,0.10654198243472235,B,B
4914,4914,9828,9828,-4914,-4914,1,1,0.6879039825576002,0.6879039825576002,B,B
4915,4915,9830,9830,-4915,-4915,1,1,0.2516902845640999,0.2516902845640999,B,B
4917,4917,9834,9834,-4917,-4917,1,1,0.29993442191949615,0.29993442191949615,B,B
4919,4919,9838,9838,-4919,-4919,1,1,0.2900456393982729,0.2900456393982729,B,B
4920,4920,9840,9840,-4920,-4920,1,1,0.7740158981970207,0.7740158981970207,B,B
4924,4924,9848,9848,-4924,-4924,1,1,0.977703255222435,0.977703255222435,B,B
4925,4925,9850,9850,-4925,-4925,1,1,0.9097617321283945,0.9097617321283945,B,B
4926,4926,9852,9852,-4926,-4926,1,1,0.008835697162116407,0.008835697162116407,B,B
4927,4927,9854,9854,-4927,-4927,1,1,0.7981855677451409,0.7981855677451409,B,B
4928,4928,9856,9856,-4928,-4928,1,1,0.44648999818153157,0.44648999818153157,B,B
4932,4932,9864,9864,-4932,-4932,1,1,0.920228229317012,0.920228229317012,B,B
4933,4933,9866,9866,-4933,-4933,1,1,0.26053712117158556,0.26053712117158556,B,B
4934,4934,9868,9868,-4934,-4934,1,1,0.7088931693387862,0.7088931693387862,B,B
4935,4935,9870,9870,-4935,-4935,1,1,0.7503824132400129,0.7503824132400129,B,B
4937,4937,9874,9874,-4937,-4937,1,1,0.3565482811089846,0.3565482811089846,B,B
4938,4938,9876,9876,-4938,-4938,1,1,0.04645375142016128,0.04645375142016128,B,B
4940,4940,9880,9880,-4940,-4940,1,1,0.004569400225465148,0.004569400225465148,B,B
4941,4941,9882,9882,-4941,-4941,1,1,0.04590215021005972,0.04590215021005972,B,B
4942,4942,9884,9884,-4942,-4942,1,1,0.3883940980074446,0.3883940980074446,B,B
4943,4943,9886,9886,-4943,-4943,1,1,0.7808667647765588,0.7808667647765588,B,B
4945,4945,9890,9890,-4945,-4945,1,1,0.2047285274114814,0.2047285274114814,B,B
4946,4946,9892,9892,-4946,-4946,1,1,0.11763016944096738,0.11763016944096738,B,B
4947,4947,9894,9894,-4947,-4947,1,1,0.6960135433221157,0.6960135433221157,B,B
4950,4950,9900,9900,-4950,-4950,1,1,0.7734511748480817,0.7734511748480817,B,B
4952,4952,9904,9904,-4952,-4952,1,1,0.5662346268547047,0.5662346268547047,B,B
4953,4953,9906,9906,-4953,-4953,1,1,0.7954739880394636,0.7954739880394636,B,B
4954,4954,9908,9908,-4954,-4954,1,1,0.5935690096193416,0.5935690096193416,B,B
4957,4957,9914,9914,-4957,-4957,1,1,0.6999459214432685,0.6999459214432685,B,B
4958,4958,9916,9916,-4958,-4958,1,1,0.6211694278524226,0.6211694278524226,B,B
4960,4960,9920,9920,-4960,-4960,1,1,0.7915327308367974,0.7915327308367974,B,B
4962,4962,9924,9924,-4962,-4962,1,1,0.5501808590757283,0.5501808590757283,B,B
4965,4965,9930,9930,-4965,-4965,1,1,0.5043212992200686,0.5043212992200686,B,B
4966,4966,9932,9932,-4966,-4966,1,1,0.43212745268606423,0.43212745268606423,B,B
4967,4967,9934,9934,-4967,-4967,1,1,0.80903753586634,0.80903753586634,B,B
4969,4969,9938,9938,-4969,-4969,1,1,0.7496839839864344,0.7496839839864344,B,B
4970,4970,9940,9940,-4970,-4970,1,1,0.21069721651764817,0.21069721651764817,B,B
4971,4971,9942,9942,-4971,-4971,1,1,0.2682206889996407,0.2682206889996407,B,B
4972,4972,9944,9944,-4972,-4972,1,1,0.28864649103636,0.28864649103636,B,B
4974,4974,9948,9948,-4974,-4974,1,1,0.8062188385032844,0.8062188385032844,B,B
4975,4975,9950,9950,-4975,-4975,1,1,0.20486684591924476,0.20486684591924476,B,B
4977,4977,9954,9954,-4977,-4977,1,1,0.24499494484638373,0.24499494484638373,B,B
4979,4979,9958,9958,-4979,-4979,1,1,0.23900220918116455,0.23900220918116455,B,B
4980,4980,9960,9960,-4980,-4980,1,1,0.8903318551046802,0.8903318551046802,B,B
4982,4982,9964,9964,-4982,-4982,1,1,0.25825637152881553,0.25825637152881553,B,B
4983,4983,9966,9966,-4983,-4983,1,1,0.2339502836319155,0.2339502836319155,B,B
4984,4984,9968,9968,-4984,-4984,1,1,0.5135040931735438,0.5135040931735438,B,B
4985,4985,9970,9970,-4985,-4985,1,1,0.8486574465650034,0.8486574465650034,B,B
4986,4986,9972,9972,-4986,-4986,1,1,0.9063668537322446,0.9063668537322446,B,B
4987,4987,9974,9974,-4987,-4987,1,1,0.1171158926658411,0.1171158926658411,B,B
4988,4988,9976,9976,-4988,-4988,1,1,0.4812526340430213,0.4812526340430213,B,B
4989,4989,9978,9978,-4989,-4989,1,1,0.9834160335478249,0.9834160335478249,B,B
4991,4991,9982,9982,-4991,-4991,1,1,0.3077475015568085,0.3077475015568085,B,B
4992,4992,9984,9984,-4992,-4992,1,1,0.8771444753811269,0.8771444753811269,B,B
4993,4993,9986,9986,-4993,-4993,1,1,0.1559315553671502,0.1559315553671502,B,B
4994,4994,9988,9988,-4994,-4994,1,1,0.05237447689738717,0.05237447689738717,B,B
4995,4995,9990,9990,-4995,-4995,1,1,0.09397544543929737,0.09397544543929737,B,B
4996,4996,9992,9992,-4996,-4996,1,1,0.18861688084989925,0.18861688084989925,B,B
4997,4997,9994,9994,-4997,-4997,1,1,0.26653031879608546,0.26653031879608546,B,B
4998,4998,9996,9996,-4998,-4998,1,1,0.650663776323376,0.650663776323376,B,B
5000,5000,10000,10000,-5000,-5000,1,1,0.25491655238157307,0.25491655238157307,B,B
5001,5001,10002,10002,-5001,-5001,1,1,0.0067343578594538656,0.0067343578594538656,B,B
5003,5003,10006,10006,-5003,-5003,1,1,0.06701224652002746,0.06701224652002746,B,B
5005,5005,10010,10010,-5005,-5005,1,1,0.807140763847256,0.807140763847256,B,B
5006,5006,10012,10012,-5006,-5006,1,1,0.5195526029697178,0.5195526029697178,B,B
5007,5007,10014,10014,-5007,-5007,1,1,0.6498675454640447,0.6498675454640447,B,B
5012,5012,10024,10024,-5012,-5012,1,1,0.7862279565871403,0.7862279565871403,B,B
5015,5015,10030,10030,-5015,-5015,1,1,0.9478814781844362,0.9478814781844362,B,B
5016,5016,10032,10032,-5016,-5016,1,1,0.4137247479133963,0.4137247479133963,B,B
5017,5017,10034,10034,-5017,-5017,1,1,0.924951254753319,0.924951254753319,B,B
5018,5018,10036,10036,-5018,-5018,1,1,0.47690142852302086,0.47690142852302086,B,B
5019,5019,10038,10038,-5019,-5019,1,1,0.5034660597792954,0.5034660597792954,B,B
5020,5020,10040,10040,-5020,-5020,1,1,0.546687224848856,0.546687224848856,B,B
5022,5022,10044,10044,-5022,-5022,1,1,0.6333771605572228,0.6333771605572228,B,B
5023,5023,10046,10046,-5023,-5023,1,1,0.6256876764001337,0.6256876764001337,B,B
5024,5024,10048,10048,-5024,-5024,1,1,0.5697660760560623,0.5697660760560623,B,B
5026,5026,10052,10052,-5026,-5026,1,1,0.9161798691484402,0.9161798691484402,B,B
5027,5027,10054,10054,-5027,-5027,1,1,0.5755647141294264,0.5755647141294264,B,B
5028,5028,10056,10056,-5028,-5028,1,1,0.7189859304572235,0.7189859304572235,B,B
5029,5029,10058,10058,-5029,-5029,1,1,0.8212443148088805,0.8212443148088805,B,B
5030,5030,10060,10060,-5030,-5030,1,1,0.18320680522300758,0.18320680522300758,B,B
5033,5033,10066,10066,-5033,-5033,1,1,0.6028876395615529,0.6028876395615529,B,B
5034,5034,10068,10068,-5034,-5034,1,1,0.9641564624377793,0.9641564624377793,B,B
5036,5036,10072,10072,-5036,-5036,1,1,0.019031406920495098,0.019031406920495098,B,B
5037,5037,10074,10074,-5037,-5037,1,1,0.1429833460838511,0.1429833460838511,B,B
5038,5038,10076,10076,-5038,-5038,1,1,0.11823862492848669,0.11823862492848669,B,B
5039,5039,10078,10078,-5039,-5039,1,1,0.1678185897287613,0.1678185897287613,B,B
5040,5040,10080,10080,-5040,-5040,1,1,0.7221887382963915,0.7221887382963915,B,B
5042,5042,10084,10084,-5042,-5042,1,1,0.006796525924181895,0.006796525924181895,B,B
5045,5045,10090,10090,-5045,-5045,1,1,0.2974596610604281,0.2974596610604281,B,B
5046,5046,10092,10092,-5046,-5046,1,1,0.7751183960054453,0.7751183960054453,B,B
5048,5048,10096,10096,-5048,-5048,1,1,0.06414922838599268,0.06414922838599268,B,B
5049,5049,10098,10098,-5049,-5049,1,1,0.6384919300482534,0.6384919300482534,B,B
5050,5050,10100,10100,-5050,-5050,1,1,0.7138807139963198,0.7138807139963198,B,B
5053,5053,10106,10106,-5053,-5053,1,1,0.8182298892488498,0.8182298892488498,B,B
5055,5055,10110,10110,-5055,-5055,1,1,0.023424349650412846,0.023424349650412846,B,B
5057,5057,10114,10114,-5057,-5057,1,1,0.9720746571483708,0.9720746571483708,B,B
5058,5058,10116,10116,-5058,-5058,1,1,0.3769050159963524,0.3769050159963524,B,B
5060,5060,10120,10120,-5060,-5060,1,1,0.6317031651446298,0.6317031651446298,B,B
5061,5061,10122,10122,-5061,-5061,1,1,0.05124089813272559,0.05124089813272559,B,B
5062,5062,10124,10124,-5062,-5062,1,1,0.38095817938184795,0.38095817938184795,B,B
5064,5064,10128,10128,-5064,-5064,1,1,0.6644829306932224,0.6644829306932224,B,B
5065,5065,10130,10130,-5065,-5065,1,1,0.8801976000958571,0.8801976000958571,B,B
5069,5069,10138,10138,-5069,-5069,1,1,0.0757495811776373,0.0757495811776373,B,B
5072,5072,10144,10144,-5072,-5072,1,1,0.5776597855051119,0.5776597855051119,B,B
5074,5074,10148,10148,-5074,-5074,1,1,0.4357960924845201,0.4357960924845201,B,B
5075,5075,10150,10150,-5075,-5075,1,1,0.31832506520509163,0.31832506520509163,B,B
5077,5077,10154,10154,-5077,-5077,1,1,0.31117955638320527,0.31117955638320527,B,B
5078,5078,10156,10156,-5078,-5078,1,1,0.016839136594505977,0.016839136594505977,B,B
5081,5081,10162,10162,-5081,-5081,1,1,0.883515452282376,0.883515452282376,B,B
5082,5082,10164,10164,-5082,-5082,1,1,0.23893796124262956,0.23893796124262956,B,B
5083,5083,10166,10166,-5083,-5083,1,1,0.8659118460674466,0.8659118460674466,B,B
5085,5085,10170,10170,-5085,-5085,1,1,0.6497322668726261,0.6497322668726261,B,B
5086,5086,10172,10172,-5086,-5086,1,1,0.8798765022005014,0.8798765022005014,B,B
5089,5089,10178,10178,-5089,-5089,1,1,0.6996651479820857,0.6996651479820857,B,B
5090,5090,10180,10180,-5090,-5090,1,1,0.041332957027450434,0.041332957027450434,B,B
5091,5091,10182,10182,-5091,-5091,1,1,0.6740865245491036,0.6740865245491036,B,B
5092,5092,10184,10184,-5092,-5092,1,1,0.41431852635339084,0.41431852635339084,B,B
5093,5093,10186,10186,-5093,-5093,1,1,0.48869115419489395,0.48869115419489395,B,B
5094,5094,10188,10188,-5094,-5094,1,1,0.40469466704716217,0.40469466704716217,B,B
5095,5095,10190,10190,-5095,-5095,1,1,0.8298604128294039,0.8298604128294039,B,B
5098,5098,10196,10196,-5098,-5098,1,1,0.1572514919098411,0.1572514919098411,B,B
5099,5099,10198,10198,-5099,-5099,1,1,0.29283893826205587,0.29283893826205587,B,B
5100,5100,10200,10200,-5100,-5100,1,1,0.24338030796974208,0.24338030796974208,B,B
5101,5101,10202,10202,-5101,-5101,1,1,0.5415846752911478,0.5415846752911478,B,B
5103,5103,10206,10206,-5103,-5103,1,1,0.07382230544240287,0.07382230544240287,B,B
5104,5104,10208,10208,-5104,-5104,1,1,0.5880531791016704,0.5880531791016704,B,B
5105,5105,10210,10210,-5105,-5105,1,1,0.35329008880234547,0.35329008880234547,B,B
5106,5106,10212,10212,-5106,-5106,1,1,0.058181692487451975,0.058181692487451975,B,B
5107,5107,10214,10214,-5107,-5107,1,1,0.7383400350927948,0.7383400350927948,B,B
5108,5108,10216,10216,-5108,-5108,1,1,0.013662274872456304,0.013662274872456304,B,B
5109,5109,10218,10218,-5109,-5109,1,1,0.718023566942232,0.718023566942232,B,B
5112,5112,10224,10224,-5112,-5112,1,1,0.8542451816819935,0.8542451816819935,B,B
5113,5113,10226,10226,-5113,-5113,1,1,0.12352930229055847,0.12352930229055847,B,B
5114,5114,10228,10228,-5114,-5114,1,1,0.1525757986100147,0.1525757986100147,B,B
5115,5115,10230,10230,-5115,-5115,1,1,0.15055554938693927,0.15055554938693927,B,B
5116,5116,10232,10232,-5116,-5116,1,1,0.8824135213166181,0.8824135213166181,B,B
5117,5117,10234,10234,-5117,-5117,1,1,0.26968930207507624,0.26968930207507624,B,B
5118,5118,10236,10236,-5118,-5118,1,1,0.5841209371233126,0.5841209371233126,B,B
5119,5119,10238,10238,-5119,-5119,1,1,0.2769225696988191,0.2769225696988191,B,B
5120,5120,10240,10240,-5120,-5120,1,1,0.2930197643435849,0.2930197643435849,B,B
5121,5121,10242,10242,-5121,-5121,1,1,0.5996679750362574,0.5996679750362574,B,B
5123,5123,10246,10246,-5123,-5123,1,1,0.0719118256897806,0.0719118256897806,B,B
5126,5126,10252,10252,-5126,-5126,1,1,0.28280060323764633,0.28280060323764633,B,B
5128,5128,10256,10256,-5128,-5128,1,1,0.8976674909553497,0.8976674909553497,B,B
5130,5130,10260,10260,-5130,-5130,1,1,0.12927947353746372,0.12927947353746372,B,B
5131,5131,10262,10262,-5131,-5131,1,1,0.8770843093567904,0.8770843093567904,B,B
5132,5132,10264,10264,-5132,-5132,1,1,0.7135993102397017,0.7135993102397017,B,B
5133,5133,10266,10266,-5133,-5133,1,1,0.4763097637965513,0.4763097637965513,B,B
5134,5134,10268,10268,-5134,-5134,1,1,0.6930861601126387,0.6930861601126387,B,B
5135,5135,10270,10270,-5135,-5135,1,1,0.9062944343162483,0.9062944343162483,B,B
5136,5136,10272,10272,-5136,-5136,1,1,0.07306490528138465,0.07306490528138465,B,B
5137,5137,10274,10274,-5137,-5137,1,1,0.6640646450198907,0.6640646450198907,B,B
5138,5138,10276,10276,-5138,-5138,1,1,0.4992073073260892,0.4992073073260892,B,B
5139,5139,10278,10278,-5139,-5139,1,1,0.4120087898677447,0.4120087898677447,B,B
5142,5142,10284,10284,-5142,-5142,1,1,0.888320034163066,0.888320034163066,B,B
5143,5143,10286,10286,-5143,-5143,1,1,0.8741593131476967,0.8741593131476967,B,B
5144,5144,10288,10288,-5144,-5144,1,1,0.7598556874731942,0.7598556874731942,B,B
5146,5146,10292,10292,-5146,-5146,1,1,0.13697427561969944,0.13697427561969944,B,B
5148,5148,10296,10296,-5148,-5148,1,1,0.38034641837778393,0.38034641837778393,B,B
5149,5149,10298,10298,-5149,-5149,1,1,0.8934336609345754,0.8934336609345754,B,B
5150,5150,10300,10300,-5150,-5150,1,1,0.2698511528018731,0.2698511528018731,B,B
5151,5151,10302,10302,-5151,-5151,1,1,0.07596911227587211,0.07596911227587211,B,B
5154,5154,10308,10308,-5154,-5154,1,1,0.7639893556920606,0.7639893556920606,B,B
5155,5155,10310,10310,-5155,-5155,1,1,0.1625020030400498,0.1625020030400498,B,B
5156,5156,10312,10312,-5156,-5156,1,1,0.15208755279451225,0.15208755279451225,B,B
5157,5157,10314,10314,-5157,-5157,1,1,0.7553195129423483,0.7553195129423483,B,B
5158,5158,10316,10316,-5158,-5158,1,1,0.7542939959199814,0.7542939959199814,B,B
5159,5159,10318,10318,-5159,-5159,1,1,0.34783987562122776,0.34783987562122776,B,B
5160,5160,10320,10320,-5160,-5160,1,1,0.5286168505312635,0.5286168505312635,B,B
5161,5161,10322,10322,-5161,-5161,1,1,0.449103396110078,0.449103396110078,B,B
5164,5164,10328,10328,-5164,-5164,1,1,0.5136883459873326,0.5136883459873326,B,B
5166,5166,10332,10332,-5166,-5166,1,1,0.4232342153914803,0.4232342153914803,B,B
5168,5168,10336,10336,-5168,-5168,1,1,0.32589276874461215,0.32589276874461215,B,B
5171,5171,10342,10342,-5171,-5171,1,1,0.2880541327897349,0.2880541327897349,B,B
5177,5177,10354,10354,-5177,-5177,1,1,0.30843276459882296,0.30843276459882296,B,B
5178,5178,10356,10356,-5178,-5178,1,1,0.331790233851717,0.331790233851717,B,B
5179,5179,10358,10358,-5179,-5179,1,1,0.07419935321149618,0.07419935321149618,B,B
5180,5180,10360,10360,-5180,-5180,1,1,0.13232615098632317,0.13232615098632317,B,B
5181,5181,10362,10362,-5181,-5181,1,1,0.5952662502677721,0.5952662502677721,B,B
5182,5182,10364,10364,-5182,-5182,1,1,0.2684376107730858,0.2684376107730858,B,B
5183,5183,10366,10366,-5183,-5183,1,1,0.28046605635156496,0.28046605635156496,B,B
5185,5185,10370,10370,-5185,-5185,1,1,0.632750681202533,0.632750681202533,B,B
5186,5186,10372,10372,-5186,-5186,1,1,0.3170632468112419,0.3170632468112419,B,B
5189,5189,10378,10378,-5189,-5189,1,1,0.5290764770938569,0.5290764770938569,B,B
5190,5190,10380,10380,-5190,-5190,1,1,0.36251675629765245,0.36251675629765245,B,B
5191,5191,10382,10382,-5191,-5191,1,1,0.3347499478291992,0.3347499478291992,B,B
5192,5192,10384,10384,-5192,-5192,1,1,0.3810947135957349,0.3810947135957349,B,B
5193,5193,10386,10386,-5193,-5193,1,1,0.37391270410965494,0.37391270410965494,B,B
5196,5196,10392,10392,-5196,-5196,1,1,0.5108454086156831,0.5108454086156831,B,B
5197,5197,10394,10394,-5197,-5197,1,1,0.23640044961784124,0.23640044961784124,B,B
5198,5198,10396,10396,-5198,-5198,1,1,0.4312230168737272,0.4312230168737272,B,B
5199,5199,10398,10398,-5199,-5199,1,1,0.9837180862954995,0.9837180862954995,B,B
5202,5202,10404,10404,-5202,-5202,1,1,0.6444481925805211,0.6444481925805211,B,B
5203,5203,10406,10406,-5203,-5203,1,1,0.6050836867113568,0.6050836867113568,B,B
5204,5204,10408,10408,-5204,-5204,1,1,0.7390476450828237,0.7390476450828237,B,B
5205,5205,10410,10410,-5205,-5205,1,1,0.8583415581895227,0.8583415581895227,B,B
5206,5206,10412,10412,-5206,-5206,1,1,0.20117189344043618,0.20117189344043618,B,B
5207,5207,10414,10414,-5207,-5207,1,1,0.8637512154769807,0.8637512154769807,B,B
5208,5208,10416,10416,-5208,-5208,1,1,0.4992153348474486,0.4992153348474486,B,B
5213,5213,10426,10426,-5213,-5213,1,1,0.06136551304959692,0.06136551304959692,B,B
5214,5214,10428,10428,-5214,-5214,1,1,0.7094720178294708,0.7094720178294708,B,B
5217,5217,10434,10434,-5217,-5217,1,1,0.24104662079416184,0.24104662079416184,B,B
5218,5218,10436,10436,-5218,-5218,1,1,0.4403512218428015,0.4403512218428015,B,B
5220,5220,10440,10440,-5220,-5220,1,1,0.4009486042982421,0.4009486042982421,B,B
5222,5222,10444,10444,-5222,-5222,1,1,0.9782178104434514,0.9782178104434514,B,B
5223,5223,10446,10446,-5223,-5223,1,1,0.5661985247508384,0.5661985247508384,B,B
5225,5225,10450,10450,-5225,-5225,1,1,0.025894797613392306,0.025894797613392306,B,B
5226,5226,10452,10452,-5226,-5226,1,1,0.847541883247456,0.847541883247456,B,B
5228,5228,10456,10456,-5228,-5228,1,1,0.03652818800026103,0.03652818800026103,B,B
5231,5231,10462,10462,-5231,-5231,1,1,0.10278164350643904,0.10278164350643904,B,B
5232,5232,10464,10464,-5232,-5232,1,1,0.291105760321713,0.291105760321713,B,B
5233,5233,10466,10466,-5233,-5233,1,1,0.6808061043682289,0.6808061043682289,B,B
5237,5237,10474,10474,-5237,-5237,1,1,0.33604605482453453,0.33604605482453453,B,B
5238,5238,10476,10476,-5238,-5238,1,1,0.6841183600492824,0.6841183600492824,B,B
5239,5239,10478,10478,-5239,-5239,1,1,0.4269151678596126,0.4269151678596126,B,B
5243,5243,10486,10486,-5243,-5243,1,1,0.4333470221980372,0.4333470221980372,B,B
5244,5244,10488,10488,-5244,-5244,1,1,0.45698016047876344,0.45698016047876344,B,B
5245,5245,10490,10490,-5245,-5245,1,1,0.893136293546346,0.893136293546346,B,B
5247,5247,10494,10494,-5247,-5247,1,1,0.6996783931044354,0.6996783931044354,B,B
5248,5248,10496,10496,-5248,-5248,1,1,0.8422562998621209,0.8422562998621209,B,B
5250,5250,10500,10500,-5250,-5250,1,1,0.4935736569352569,0.4935736569352569,B,B
5251,5251,10502,10502,-5251,-5251,1,1,0.031882536296141795,0.031882536296141795,B,B
5252,5252,10504,10504,-5252,-5252,1,1,0.11171113595453708,0.11171113595453708,B,B
5254,5254,10508,10508,-5254,-5254,1,1,0.7282231546149714,0.7282231546149714,B,B
5255,5255,10510,10510,-5255,-5255,1,1,0.8814227810417686,0.8814227810417686,B,B
5256,5256,10512,10512,-5256,-5256,1,1,0.9785104888026379,0.9785104888026379,B,B
5257,5257,10514,10514,-5257,-5257,1,1,0.4716465575845744,0.4716465575845744,B,B
5258,5258,10516,10516,-5258,-5258,1,1,0.267242444597514,0.267242444597514,B,B
5260,5260,10520,10520,-5260,-5260,1,1,0.5864999254820398,0.5864999254820398,B,B
5261,5261,10522,10522,-5261,-5261,1,1,0.23860432736567105,0.23860432736567105,B,B
5262,5262,10524,10524,-5262,-5262,1,1,0.9087762449790563,0.9087762449790563,B,B
5263,5263,10526,10526,-5263,-5263,1,1,0.0207116635175858,0.0207116635175858,B,B
5264,5264,10528,10528,-5264,-5264,1,1,0.6885349355506727,0.6885349355506727,B,B
5265,5265,10530,10530,-5265,-5265,1,1,0.8702461987290262,0.8702461987290262,B,B
5266,5266,10532,10532,-5266,-5266,1,1,0.6057967223027153,0.6057967223027153,B,B
5267,5267,10534,10534,-5267,-5267,1,1,0.9487752384449,0.9487752384449,B,B
5268,5268,10536,10536,-5268,-5268,1,1,0.1940556293184017,0.1940556293184017,B,B
5269,5269,10538,10538,-5269,-5269,1,1,0.21859222805099499,0.21859222805099499,B,B
5270,5270,10540,10540,-5270,-5270,1,1,0.8020275282304516,0.8020275282304516,B,B
5271,5271,10542,10542,-5271,-5271,1,1,0.22472490062373818,0.22472490062373818,B,B
5272,5272,10544,10544,-5272,-5272,1,1,0.3742214494307802,0.3742214494307802,B,B
5273,5273,10546,10546,-5273,-5273,1,1,0.5686343522395512,0.5686343522395512,B,B
5274,5274,10548,10548,-5274,-5274,1,1,0.1258077527941469,0.1258077527941469,B,B
5275,5275,10550,10550,-5275,-5275,1,1,0.7325606903191224,0.7325606903191224,B,B
5277,5277,10554,10554,-5277,-5277,1,1,0.5775021494229104,0.5775021494229104,B,B
5278,5278,10556,10556,-5278,-5278,1,1,0.3117095148533485,0.3117095148533485,B,B
5279,5279,10558,10558,-5279,-5279,1,1,0.8011763480943098,0.8011763480943098,B,B
5284,5284,10568,10568,-5284,-5284,1,1,0.6201805292756517,0.6201805292756517,B,B
5285,5285,10570,10570,-5285,-5285,1,1,0.36122283933769805,0.36122283933769805,B,B
5286,5286,10572,10572,-5286,-5286,1,1,0.42892836806071644,0.42892836806071644,B,B
5287,5287,10574,10574,-5287,-5287,1,1,0.9736508391534494,0.9736508391534494,B,B
5289,5289,10578,10578,-5289,-5289,1,1,0.08977936463756642,0.08977936463756642,B,B
5290,5290,10580,10580,-5290,-5290,1,1,0.4527634344705186,0.4527634344705186,B,B
5291,5291,10582,10582,-5291,-5291,1,1,0.4169742927967719,0.4169742927967719,B,B
5292,5292,10584,10584,-5292,-5292,1,1,0.3103788659679504,0.3103788659679504,B,B
5294,5294,10588,10588,-5294,-5294,1,1,0.22155481362728713,0.22155481362728713,B,B
5295,5295,10590,10590,-5295,-5295,1,1,0.23843836120037387,0.23843836120037387,B,B
5296,5296,10592,10592,-5296,-5296,1,1,0.0702167699357733,0.0702167699357733,B,B
5298,5298,10596,10596,-5298,-5298,1,1,0.9293473058341871,0.9293473058341871,B,B
5299,5299,10598,10598,-5299,-5299,1,1,0.9957470871892343,0.9957470871892343,B,B
5300,5300,10600,10600,-5300,-5300,1,1,0.07016448528798036,0.07016448528798036,B,B
5301,5301,10602,10602,-5301,-5301,1,1,0.5257254198885143,0.5257254198885143,B,B
5304,5304,10608,10608,-5304,-5304,1,1,0.9500726371662269,0.9500726371662269,B,B
5305,5305,10610,10610,-5305,-5305,1,1,0.6568199580653233,0.6568199580653233,B,B
5306,5306,10612,10612,-5306,-5306,1,1,0.19370638797531736,0.19370638797531736,B,B
5307,5307,10614,10614,-5307,-5307,1,1,0.7147794086896849,0.7147794086896849,B,B
5308,5308,10616,10616,-5308,-5308,1,1,0.9032842816250395,0.9032842816250395,B,B
5309,5309,10618,10618,-5309,-5309,1,1,0.5888805307804829,0.5888805307804829,B,B
5310,5310,10620,10620,-5310,-5310,1,1,0.7030290505088669,0.7030290505088669,B,B
5311,5311,10622,10622,-5311,-5311,1,1,0.018320470134577937,0.018320470134577937,B,B
5312,5312,10624,10624,-5312,-5312,1,1,0.14609806130341796,0.14609806130341796,B,B
5314,5314,10628,10628,-5314,-5314,1,1,0.39548760655824644,0.39548760655824644,B,B
5315,5315,10630,10630,-5315,-5315,1,1,0.48505347231686446,0.48505347231686446,B,B
5316,5316,10632,10632,-5316,-5316,1,1,0.3578790405013105,0.3578790405013105,B,B
5317,5317,10634,10634,-5317,-5317,1,1,0.37644150870379745,0.37644150870379745,B,B
5321,5321,10642,10642,-5321,-5321,1,1,0.23361089178297767,0.23361089178297767,B,B
5322,5322,10644,10644,-5322,-5322,1,1,0.8613058875008618,0.8613058875008618,B,B
5323,5323,10646,10646,-5323,-5323,1,1,0.7453010578316824,0.7453010578316824,B,B
5324,5324,10648,10648,-5324,-5324,1,1,0.5933614844702991,0.5933614844702991,B,B
5325,5325,10650,10650,-5325,-5325,1,1,0.4128797007829911,0.4128797007829911,B,B
5327,5327,10654,10654,-5327,-5327,1,1,0.725290992393107,0.725290992393107,B,B
5330,5330,10660,10660,-5330,-5330,1,1,0.7737567327919389,0.7737567327919389,B,B
5331,5331,10662,10662,-5331,-5331,1,1,0.07851392549317071,0.07851392549317071,B,B
5332,5332,10664,10664,-5332,-5332,1,1,0.5117420361277092,0.5117420361277092,B,B
5333,5333,10666,10666,-5333,-5333,1,1,0.5592632497735771,0.5592632497735771,B,B
5334,5334,10668,10668,-5334,-5334,1,1,0.4386089375868413,0.4386089375868413,B,B
5337,5337,10674,10674,-5337,-5337,1,1,0.06312630119973461,0.06312630119973461,B,B
5338,5338,10676,10676,-5338,-5338,1,1,0.6685319761838052,0.6685319761838052,B,B
5339,5339,10678,10678,-5339,-5339,1,1,0.9769575681120638,0.9769575681120638,B,B
5341,5341,10682,10682,-5341,-5341,1,1,0.8085713222442601,0.8085713222442601,B,B
5342,5342,10684,10684,-5342,-5342,1,1,0.266818376205203,0.266818376205203,B,B
5344,5344,10688,10688,-5344,-5344,1,1,0.27435812514857005,0.27435812514857005,B,B
5345,5345,10690,10690,-5345,-5345,1,1,0.8563388500753448,0.8563388500753448,B,B
5347,5347,10694,10694,-5347,-5347,1,1,0.9302314128858158,0.9302314128858158,B,B
5349,5349,10698,10698,-5349,-5349,1,1,0.7058177722430826,0.7058177722430826,B,B
5351,5351,10702,10702,-5351,-5351,1,1,0.7059882653146563,0.7059882653146563,B,B
5352,5352,10704,10704,-5352,-5352,1,1,0.6089577717596525,0.6089577717596525,B,B
5353,5353,10706,10706,-5353,-5353,1,1,0.1047332135478859,0.1047332135478859,B,B
5355,5355,10710,10710,-5355,-5355,1,1,0.14551037737781025,0.14551037737781025,B,B
5356,5356,10712,10712,-5356,-5356,1,1,0.907133770102791,0.907133770102791,B,B
5358,5358,10716,10716,-5358,-5358,1,1,0.5971392820445827,0.5971392820445827,B,B
5359,5359,10718,10718,-5359,-5359,1,1,0.35997043536011897,0.35997043536011897,B,B
5360,5360,10720,10720,-5360,-5360,1,1,0.7653478313458704,0.7653478313458704,B,B
5361,5361,10722,10722,-5361,-5361,1,1,0.009288894966289485,0.009288894966289485,B,B
5363,5363,10726,10726,-5363,-5363,1,1,0.5198041563520952,0.5198041563520952,B,B
5365,5365,10730,10730,-5365,-5365,1,1,0.09570378844836969,0.09570378844836969,B,B
5366,5366,10732,10732,-5366,-5366,1,1,0.945269855365676,0.945269855365676,B,B
5367,5367,10734,10734,-5367,-5367,1,1,0.30046915201128577,0.30046915201128577,B,B
5369,5369,10738,10738,-5369,-5369,1,1,0.3045029057982701,0.3045029057982701,B,B
5370,5370,10740,10740,-5370,-5370,1,1,0.6972061802179546,0.6972061802179546,B,B
5371,5371,10742,10742,-5371,-5371,1,1,0.8018258302667358,0.8018258302667358,B,B
5373,5373,10746,10746,-5373,-5373,1,1,0.050797920581483136,0.050797920581483136,B,B
5374,5374,10748,10748,-5374,-5374,1,1,0.596381118704477,0.596381118704477,B,B
5375,5375,10750,10750,-5375,-5375,1,1,0.4327445267561889,0.4327445267561889,B,B
5379,5379,10758,10758,-5379,-5379,1,1,0.9294651762323879,0.9294651762323879,B,B
5380,5380,10760,10760,-5380,-5380,1,1,0.4392636603369495,0.4392636603369495,B,B
5381,5381,10762,10762,-5381,-5381,1,1,0.7179424469444982,0.7179424469444982,B,B
5382,5382,10764,10764,-5382,-5382,1,1,0.8518963862564949,0.8518963862564949,B,B
5383,5383,10766,10766,-5383,-5383,1,1,0.895340588914645,0.895340588914645,B,B
5384,5384,10768,10768,-5384,-5384,1,1,0.45795548901726146,0.45795548901726146,B,B
5385,5385,10770,10770,-5385,-5385,1,1,0.24820882367599761,0.24820882367599761,B,B
5388,5388,10776,10776,-5388,-5388,1,1,0.4877523849142944,0.4877523849142944,B,B
5389,5389,10778,10778,-5389,-5389,1,1,0.8884421414190885,0.8884421414190885,B,B
5390,5390,10780,10780,-5390,-5390,1,1,0.7429453189151509,0.7429453189151509,B,B
5391,5391,10782,10782,-5391,-5391,1,1,0.8805340848085194,0.8805340848085194,B,B
5393,5393,10786,10786,-5393,-5393,1,1,0.656258659116329,0.656258659116329,B,B
5394,5394,10788,10788,-5394,-5394,1,1,0.7881013427796342,0.7881013427796342,B,B
5395,5395,10790,10790,-5395,-5395,1,1,0.8733861358724594,0.8733861358724594,B,B
5398,5398,10796,10796,-5398,-5398,1,1,0.7611770957263531,0.7611770957263531,B,B
5399,5399,10798,10798,-5399,-5399,1,1,0.4944040733569175,0.4944040733569175,B,B
5400,5400,10800,10800,-5400,-5400,1,1,0.7922723568752988,0.7922723568752988,B,B
5401,5401,10802,10802,-5401,-5401,1,1,0.8893375862963461,0.8893375862963461,B,B
5404,5404,10808,10808,-5404,-5404,1,1,0.0927875920473914,0.0927875920473914,B,B
5405,5405,10810,10810,-5405,-5405,1,1,0.9241735283112333,0.9241735283112333,B,B
5407,5407,10814,10814,-5407,-5407,1,1,0.42496919029301383,0.42496919029301383,B,B
5408,5408,10816,10816,-5408,-5408,1,1,0.9998178881614663,0.9998178881614663,B,B
5409,5409,10818,10818,-5409,-5409,1,1,0.7744769670080882,0.7744769670080882,B,B
5411,5411,10822,10822,-5411,-5411,1,1,0.7505311678490508,0.7505311678490508,B,B
5415,5415,10830,10830,-5415,-5415,1,1,0.5021426436795883,0.5021426436795883,B,B
5417,5417,10834,10834,-5417,-5417,1,1,0.09288862847292811,0.09288862847292811,B,B
5418,5418,10836,10836,-5418,-5418,1,1,0.259753422421818,0.259753422421818,B,B
5419,5419,10838,10838,-5419,-5419,1,1,0.4423072509658753,0.4423072509658753,B,B
5420,5420,10840,10840,-5420,-5420,1,1,0.28058878594829073,0.28058878594829073,B,B
5423,5423,10846,10846,-5423,-5423,1,1,0.21476310610991034,0.21476310610991034,B,B
5424,5424,10848,10848,-5424,-5424,1,1,0.2914258704699627,0.2914258704699627,B,B
5426,5426,10852,10852,-5426,-5426,1,1,0.6004354783164475,0.6004354783164475,B,B
5429,5429,10858,10858,-5429,-5429,1,1,0.9020820983254532,0.9020820983254532,B,B
5430,5430,10860,10860,-5430,-5430,1,1,0.44735586463290533,0.44735586463290533,B,B
5431,5431,10862,10862,-5431,-5431,1,1,0.6552181877483126,0.6552181877483126,B,B
5432,5432,10864,10864,-5432,-5432,1,1,0.800947464298599,0.800947464298599,B,B
5434,5434,10868,10868,-5434,-5434,1,1,0.12930377098965407,0.12930377098965407,B,B
5435,5435,10870,10870,-5435,-5435,1,1,0.5604788916385003,0.5604788916385003,B,B
5436,5436,10872,10872,-5436,-5436,1,1,0.5716409436164803,0.5716409436164803,B,B
5438,5438,10876,10876,-5438,-5438,1,1,0.7981435332905461,0.7981435332905461,B,B
5440,5440,10880,10880,-5440,-5440,1,1,0.04211346958462481,0.04211346958462481,B,B
5441,5441,10882,10882,-5441,-5441,1,1,0.6692337422247904,0.6692337422247904,B,B
5443,5443,10886,10886,-5443,-5443,1,1,0.09703431475666802,0.09703431475666802,B,B
5444,5444,10888,10888,-5444,-5444,1,1,0.4538004980507363,0.4538004980507363,B,B
5445,5445,10890,10890,-5445,-5445,1,1,0.8094880119363894,0.8094880119363894,B,B
5447,5447,10894,10894,-5447,-5447,1,1,0.9047670326190403,0.9047670326190403,B,B
5451,5451,10902,10902,-5451,-5451,1,1,0.8672048514613582,0.8672048514613582,B,B
5452,5452,10904,10904,-5452,-5452,1,1,0.03570781660354749,0.03570781660354749,B,B
5453,5453,10906,10906,-5453,-5453,1,1,0.5097598518283529,0.5097598518283529,B,B
5455,5455,10910,10910,-5455,-5455,1,1,0.07732008035953364,0.07732008035953364,B,B
5456,5456,10912,10912,-5456,-5456,1,1,0.7958906689096125,0.7958906689096125,B,B
5457,5457,10914,10914,-5457,-5457,1,1,0.9761969473468841,0.9761969473468841,B,B
5458,5458,10916,10916,-5458,-5458,1,1,0.36265753310929716,0.36265753310929716,B,B
5459,5459,10918,10918,-5459,-5459,1,1,0.9904491777769096,0.9904491777769096,B,B
5462,5462,10924,10924,-5462,-5462,1,1,0.914164150173159,0.914164150173159,B,B
5463,5463,10926,10926,-5463,-5463,1,1,0.4845922316140032,0.4845922316140032,B,B
5464,5464,10928,10928,-5464,-5464,1,1,0.3075177457298677,0.3075177457298677,B,B
5465,5465,10930,10930,-5465,-5465,1,1,0.10921863810401478,0.10921863810401478,B,B
5466,5466,10932,10932,-5466,-5466,1,1,0.5484522110034981,0.5484522110034981,B,B
5467,5467,10934,10934,-5467,-5467,1,1,0.9190431961450256,0.9190431961450256,B,B
5469,5469,10938,10938,-5469,-5469,1,1,0.8976151497469035,0.8976151497469035,B,B
5471,5471,10942,10942,-5471,-5471,1,1,0.1980275659591677,0.1980275659591677,B,B
5472,5472,10944,10944,-5472,-5472,1,1,0.06393596951317693,0.06393596951317693,B,B
5473,5473,10946,10946,-5473,-5473,1,1,0.5989618502523315,0.5989618502523315,B,B
5474,5474,10948,10948,-5474,-5474,1,1,0.5320917788411712,0.5320917788411712,B,B
5476,5476,10952,10952,-5476,-5476,1,1,0.41872998062127254,0.41872998062127254,B,B
5477,5477,10954,10954,-5477,-5477,1,1,0.0931645285929541,0.0931645285929541,B,B
5478,5478,10956,10956,-5478,-5478,1,1,8.128078198832434e-05,8.128078198832434e-05,B,B
5479,5479,10958,10958,-5479,-5479,1,1,0.5361700396415949,0.5361700396415949,B,B
5480,5480,10960,10960,-5480,-5480,1,1,0.9819007474306363,0.9819007474306363,B,B
5482,5482,10964,10964,-5482,-5482,1,1,0.5682516957327812,0.5682516957327812,B,B
5484,5484,10968,10968,-5484,-5484,1,1,0.13250710465866,0.13250710465866,B,B
5486,5486,10972,10972,-5486,-5486,1,1,0.33881678092197554,0.33881678092197554,B,B
5487,5487,10974,10974,-5487,-5487,1,1,0.9818662429725636,0.9818662429725636,B,B
5488,5488,10976,10976,-5488,-5488,1,1,0.9905139419600949,0.9905139419600949,B,B
5489,5489,10978,10978,-5489,-5489,1,1,0.3477620687301779,0.3477620687301779,B,B
5490,5490,10980,10980,-5490,-5490,1,1,0.2927303357287182,0.2927303357287182,B,B
5491,5491,10982,10982,-5491,-5491,1,1,0.30435110856221115,0.30435110856221115,B,B
5493,5493,10986,10986,-5493,-5493,1,1,0.898660658811255,0.898660658811255,B,B
5496,5496,10992,10992,-5496,-5496,1,1,0.422220644449796,0.422220644449796,B,B
5497,5497,10994,10994,-5497,-5497,1,1,0.5902752932546503,0.5902752932546503,B,B
5498,5498,10996,10996,-5498,-5498,1,1,0.6088756384037415,0.6088756384037415,B,B
5499,5499,10998,10998,-5499,-5499,1,1,0.7182065741530327,0.7182065741530327,B,B
5500,5500,11000,11000,-5500,-5500,1,1,0.8798980614806955,0.8798980614806955,B,B
5501,5501,11002,11002,-5501,-5501,1,1,0.6865641474932455,0.6865641474932455,B,B
5502,5502,11004,11004,-5502,-5502,1,1,0.805418671472542,0.805418671472542,B,B
5503,5503,11006,11006,-5503,-5503,1,1,0.8119998356968611,0.8119998356968611,B,B
5504,5504,11008,11008,-5504,-5504,1,1,0.34130972623569644,0.34130972623569644,B,B
5505,5505,11010,11010,-5505,-5505,1,1,0.7493467195987722,0.7493467195987722,B,B
5506,5506,11012,11012,-5506,-5506,1,1,0.28999678390434036,0.28999678390434036,B,B
5507,5507,11014,11014,-5507,-5507,1,1,0.410482964798804,0.410482964798804,B,B
5508,5508,11016,11016,-5508,-5508,1,1,0.3962478729144694,0.3962478729144694,B,B
5509,5509,11018,11018,-5509,-5509,1,1,0.009764932584411024,0.009764932584411024,B,B
5510,5510,11020,11020,-5510,-5510,1,1,0.17399534525582938,0.17399534525582938,B,B
5512,5512,11024,11024,-5512,-5512,1,1,0.589720219372781,0.589720219372781,B,B
5513,5513,11026,11026,-5513,-5513,1,1,0.548695784315615,0.548695784315615,B,B
5516,5516,11032,11032,-5516,-5516,1,1,0.9006919560754253,0.9006919560754253,B,B
5518,5518,11036,11036,-5518,-5518,1,1,0.7903528704864919,0.7903528704864919,B,B
5519,5519,11038,11038,-5519,-5519,1,1,0.3905345651336174,0.3905345651336174,B,B
5520,5520,11040,11040,-5520,-5520,1,1,0.8101083790903716,0.8101083790903716,B,B
5522,5522,11044,11044,-5522,-5522,1,1,0.20712707774271366,0.20712707774271366,B,B
5523,5523,11046,11046,-5523,-5523,1,1,0.8458527180706616,0.8458527180706616,B,B
5524,5524,11048,11048,-5524,-5524,1,1,0.07632423018352008,0.07632423018352008,B,B
5527,5527,11054,11054,-5527,-5527,1,1,0.7851569767811274,0.7851569767811274,B,B
5529,5529,11058,11058,-5529,-5529,1,1,0.34507636947604514,0.34507636947604514,B,B
5530,5530,11060,11060,-5530,-5530,1,1,0.9235289747359875,0.9235289747359875,B,B
5532,5532,11064,11064,-5532,-5532,1,1,0.5300450066837444,0.5300450066837444,B,B
5533,5533,11066,11066,-5533,-5533,1,1,0.05332448606110696,0.05332448606110696,B,B
5534,5534,11068,11068,-5534,-5534,1,1,0.9366831127661158,0.9366831127661158,B,B
5536,5536,11072,11072,-5536,-5536,1,1,0.2013919905934628,0.2013919905934628,B,B
5537,5537,11074,11074,-5537,-5537,1,1,0.36950387902757187,0.36950387902757187,B,B
5539,5539,11078,11078,-5539,-5539,1,1,0.15020754970274475,0.15020754970274475,B,B
5542,5542,11084,11084,-5542,-5542,1,1,0.43775787795736143,0.43775787795736143,B,B
5543,5543,11086,11086,-5543,-5543,1,1,0.7526733829016344,0.7526733829016344,B,B
5544,5544,11088,11088,-5544,-5544,1,1,0.323764572400163,0.323764572400163,B,B
5545,5545,11090,11090,-5545,-5545,1,1,0.40423810875680455,0.40423810875680455,B,B
5546,5546,11092,11092,-5546,-5546,1,1,0.22125074563468605,0.22125074563468605,B,B
5547,5547,11094,11094,-5547,-5547,1,1,0.5890850376057739,0.5890850376057739,B,B
5549,5549,11098,11098,-5549,-5549,1,1,0.6344353203718602,0.6344353203718602,B,B
5550,5550,11100,11100,-5550,-5550,1,1,0.23048027345647537,0.23048027345647537,B,B
5552,5552,11104,11104,-5552,-5552,1,1,0.5998146172341889,0.5998146172341889,B,B
5553,5553,11106,11106,-5553,-5553,1,1,0.22671576837429053,0.22671576837429053,B,B
5554,5554,11108,11108,-5554,-5554,1,1,0.2663264460894311,0.2663264460894311,B,B
5555,5555,11110,11110,-5555,-5555,1,1,0.8131322492138191,0.8131322492138191,B,B
5557,5557,11114,11114,-5557,-5557,1,1,0.9460432090394862,0.9460432090394862,B,B
5559,5559,11118,11118,-5559,-5559,1,1,0.13464071956019297,0.13464071956019297,B,B
5561,5561,11122,11122,-5561,-5561,1,1,0.18953567341006217,0.18953567341006217,B,B
5563,5563,11126,11126,-5563,-5563,1,1,0.275131106436745,0.275131106436745,B,B
5564,5564,11128,11128,-5564,-5564,1,1,0.40100865956755205,0.40100865956755205,B,B
5565,5565,11130,11130,-5565,-5565,1,1,0.49790821659721163,0.49790821659721163,B,B
5566,5566,11132,11132,-5566,-5566,1,1,0.7656826982454124,0.7656826982454124,B,B
5567,5567,11134,11134,-5567,-5567,1,1,0.761071201916087,0.761071201916087,B,B
5571,5571,11142,11142,-5571,-5571,1,1,0.956036392647822,0.956036392647822,B,B
5572,5572,11144,11144,-5572,-5572,1,1,0.588444421512342,0.588444421512342,B,B
5573,5573,11146,11146,-5573,-5573,1,1,0.83757513031824,0.83757513031824,B,B
5574,5574,11148,11148,-5574,-5574,1,1,0.4909893893868842,0.4909893893868842,B,B
5575,5575,11150,11150,-5575,-5575,1,1,0.31824373132588946,0.31824373132588946,B,B
5579,5579,11158,11158,-5579,-5579,1,1,0.6166006571235406,0.6166006571235406,B,B
5580,5580,11160,11160,-5580,-5580,1,1,0.9069991395352275,0.9069991395352275,B,B
5582,5582,11164,11164,-5582,-5582,1,1,0.6217740938003337,0.6217740938003337,B,B
5584,5584,11168,11168,-5584,-5584,1,1,0.5997526633714803,0.5997526633714803,B,B
5585,5585,11170,11170,-5585,-5585,1,1,0.8131398380377198,0.8131398380377198,B,B
5586,5586,11172,11172,-5586,-5586,1,1,0.12450919517371273,0.12450919517371273,B,B
5587,5587,11174,11174,-5587,-5587,1,1,0.430212961062846,0.430212961062846,B,B
5588,5588,11176,11176,-5588,-5588,1,1,0.04333548568091994,0.04333548568091994,B,B
5590,5590,11180,11180,-5590,-5590,1,1,0.6159390907350843,0.6159390907350843,B,B
5592,5592,11184,11184,-5592,-5592,1,1,0.6600328111655187,0.6600328111655187,B,B
5594,5594,11188,11188,-5594,-5594,1,1,0.4056749271786927,0.4056749271786927,B,B
5596,5596,11192,11192,-5596,-5596,1,1,0.10607220225428693,0.10607220225428693,B,B
5597,5597,11194,11194,-5597,-5597,1,1,0.05226412322998153,0.05226412322998153,B,B
5599,5599,11198,11198,-5599,-5599,1,1,0.32689641467632335,0.32689641467632335,B,B
5600,5600,11200,11200,-5600,-5600,1,1,0.16392480401563114,0.16392480401563114,B,B
5601,5601,11202,11202,-5601,-5601,1,1,0.2608888493753019,0.2608888493753019,B,B
5602,5602,11204,11204,-5602,-5602,1,1,0.301117202783054,0.301117202783054,B,B
5603,5603,11206,11206,-5603,-5603,1,1,0.6110114142829575,0.6110114142829575,B,B
5604,5604,11208,11208,-5604,-5604,1,1,0.2917812810381446,0.2917812810381446,B,B
5606,5606,11212,11212,-5606,-5606,1,1,0.03193389424173465,0.03193389424173465,B,B
5607,5607,11214,11214,-5607,-5607,1,1,0.6556465090891187,0.6556465090891187,B,B
5609,5609,11218,11218,-5609,-5609,1,1,0.3057087441279476,0.3057087441279476,B,B
5610,5610,11220,11220,-5610,-5610,1,1,0.6423693677566227,0.6423693677566227,B,B
5611,5611,11222,11222,-5611,-5611,1,1,0.5578948914139104,0.5578948914139104,B,B
5613,5613,11226,11226,-5613,-5613,1,1,0.6046337911669148,0.6046337911669148,B,B
5614,5614,11228,11228,-5614,-5614,1,1,0.48591010051302796,0.48591010051302796,B,B
5615,5615,11230,11230,-5615,-5615,1,1,0.5169580858890211,0.5169580858890211,B,B
5616,5616,11232,11232,-5616,-5616,1,1,0.608183361135097,0.608183361135097,B,B
5617,5617,11234,11234,-5617,-5617,1,1,0.9059936779559535,0.9059936779559535,B,B
5618,5618,11236,11236,-5618,-5618,1,1,0.33952239001583573,0.33952239001583573,B,B
5621,5621,11242,11242,-5621,-5621,1,1,0.5934317711587157,0.5934317711587157,B,B
5622,5622,11244,11244,-5622,-5622,1,1,0.6701898788029653,0.6701898788029653,B,B
5624,5624,11248,11248,-5624,-5624,1,1,0.1514762727929062,0.1514762727929062,B,B
5625,5625,11250,11250,-5625,-5625,1,1,0.5143738362385909,0.5143738362385909,B,B
5627,5627,11254,11254,-5627,-5627,1,1,0.29747887782870996,0.29747887782870996,B,B
5628,5628,11256,11256,-5628,-5628,1,1,0.12708983396944695,0.12708983396944695,B,B
5629,5629,11258,11258,-5629,-5629,1,1,0.2957341976421838,0.2957341976421838,B,B
5632,5632,11264,11264,-5632,-5632,1,1,0.9565332113809033,0.9565332113809033,B,B
5633,5633,11266,11266,-5633,-5633,1,1,0.680873470493612,0.680873470493612,B,B
5634,5634,11268,11268,-5634,-5634,1,1,0.3867097058401612,0.3867097058401612,B,B
5635,5635,11270,11270,-5635,-5635,1,1,0.02302442012489414,0.02302442012489414,B,B
5636,5636,11272,11272,-5636,-5636,1,1,0.7884187737851884,0.7884187737851884,B,B
5637,5637,11274,11274,-5637,-5637,1,1,0.9007915524235068,0.9007915524235068,B,B
5638,5638,11276,11276,-5638,-5638,1,1,0.97900895153671,0.97900895153671,B,B
5639,5639,11278,11278,-5639,-5639,1,1,0.2169617368925464,0.2169617368925464,B,B
5640,5640,11280,11280,-5640,-5640,1,1,0.9023442413832039,0.9023442413832039,B,B
5641,5641,11282,11282,-5641,-5641,1,1,0.14731377182852268,0.14731377182852268,B,B
5642,5642,11284,11284,-5642,-5642,1,1,0.6645196548511693,0.6645196548511693,B,B
5643,5643,11286,11286,-5643,-5643,1,1,0.16862812501612268,0.16862812501612268,B,B
5644,5644,11288,11288,-5644,-5644,1,1,0.3282170699545228,0.3282170699545228,B,B
5646,5646,11292,11292,-5646,-5646,1,1,0.2140215212791946,0.2140215212791946,B,B
5647,5647,11294,11294,-5647,-5647,1,1,0.3187248621906458,0.3187248621906458,B,B
5648,5648,11296,11296,-5648,-5648,1,1,0.1424108623639131,0.1424108623639131,B,B
5651,5651,11302,11302,-5651,-5651,1,1,0.14208170952714239,0.14208170952714239,B,B
5652,5652,11304,11304,-5652,-5652,1,1,0.9761240118821709,0.9761240118821709,B,B
5653,5653,11306,11306,-5653,-5653,1,1,0.98929398468729,0.98929398468729,B,B
5654,5654,11308,11308,-5654,-5654,1,1,0.16335901983577117,0.16335901983577117,B,B
5655,5655,11310,11310,-5655,-5655,1,1,0.06393709012867166,0.06393709012867166,B,B
5658,5658,11316,11316,-5658,-5658,1,1,0.5008831344237964,0.5008831344237964,B,B
5660,5660,11320,11320,-5660,-5660,1,1,0.7691124834471236,0.7691124834471236,B,B
5661,5661,11322,11322,-5661,-5661,1,1,0.6666425977401025,0.6666425977401025,B,B
5662,5662,11324,11324,-5662,-5662,1,1,0.6065602178040856,0.6065602178040856,B,B
5663,5663,11326,11326,-5663,-5663,1,1,0.733654860536632,0.733654860536632,B,B
5664,5664,11328,11328,-5664,-5664,1,1,0.8131329002811185,0.8131329002811185,B,B
5666,5666,11332,11332,-5666,-5666,1,1,0.7779107840088766,0.7779107840088766,B,B
5668,5668,11336,11336,-5668,-5668,1,1,0.6465214900773225,0.6465214900773225,B,B
5669,5669,11338,11338,-5669,-5669,1,1,0.22646996795751306,0.22646996795751306,B,B
5670,5670,11340,11340,-5670,-5670,1,1,0.4779984854794188,0.4779984854794188,B,B
5671,5671,11342,11342,-5671,-5671,1,1,0.15801706019590311,0.15801706019590311,B,B
5672,5672,11344,11344,-5672,-5672,1,1,0.20729660391000482,0.20729660391000482,B,B
5673,5673,11346,11346,-5673,-5673,1,1,0.46200591441257477,0.46200591441257477,B,B
5674,5674,11348,11348,-5674,-5674,1,1,0.509357468198439,0.509357468198439,B,B
5675,5675,11350,11350,-5675,-5675,1,1,0.6148686383130502,0.6148686383130502,B,B
5676,5676,11352,11352,-5676,-5676,1,1,0.8455849823505475,0.8455849823505475,B,B
5678,5678,11356,11356,-5678,-5678,1,1,0.6055668989943339,0.6055668989943339,B,B
5679,5679,11358,11358,-5679,-5679,1,1,0.5955084527518055,0.5955084527518055,B,B
5682,5682,11364,11364,-5682,-5682,1,1,0.8784411689012536,0.8784411689012536,B,B
5683,5683,11366,11366,-5683,-5683,1,1,0.4438297741649998,0.4438297741649998,B,B
5684,5684,11368,11368,-5684,-5684,1,1,0.5463909493589261,0.5463909493589261,B,B
5688,5688,11376,11376,-5688,-5688,1,1,0.4297058258061973,0.4297058258061973,B,B
5689,5689,11378,11378,-5689,-5689,1,1,0.48126903846298574,0.48126903846298574,B,B
5691,5691,11382,11382,-5691,-5691,1,1,0.14782108212799905,0.14782108212799905,B,B
5692,5692,11384,11384,-5692,-5692,1,1,0.30652021869835044,0.30652021869835044,B,B
5694,5694,11388,11388,-5694,-5694,1,1,0.7946606223302882,0.7946606223302882,B,B
5695,5695,11390,11390,-5695,-5695,1,1,0.4195054885510284,0.4195054885510284,B,B
5699,5699,11398,11398,-5699,-5699,1,1,0.6669902625342646,0.6669902625342646,B,B
5700,5700,11400,11400,-5700,-5700,1,1,0.3131741306683202,0.3131741306683202,B,B
5701,5701,11402,11402,-5701,-5701,1,1,0.15147700457652968,0.15147700457652968,B,B
5703,5703,11406,11406,-5703,-5703,1,1,0.8402302099347388,0.8402302099347388,B,B
5704,5704,11408,11408,-5704,-5704,1,1,0.25411529247309084,0.25411529247309084,B,B
5707,5707,11414,11414,-5707,-5707,1,1,0.11643915895767809,0.11643915895767809,B,B
5709,5709,11418,11418,-5709,-5709,1,1,0.49738128956208083,0.49738128956208083,B,B
5710,5710,11420,11420,-5710,-5710,1,1,0.5624558025281826,0.5624558025281826,B,B
5711,5711,11422,11422,-5711,-5711,1,1,0.07197284530321613,0.07197284530321613,B,B
5712,5712,11424,11424,-5712,-5712,1,1,0.978638063097881,0.978638063097881,B,B
5713,5713,11426,11426,-5713,-5713,1,1,0.11284684681077861,0.11284684681077861,B,B
5715,5715,11430,11430,-5715,-5715,1,1,0.7123294089365497,0.7123294089365497,B,B
5716,5716,11432,11432,-5716,-5716,1,1,0.4376843900309736,0.4376843900309736,B,B
5717,5717,11434,11434,-5717,-5717,1,1,0.3701200734520115,0.3701200734520115,B,B
5719,5719,11438,11438,-5719,-5719,1,1,0.5780638231757812,0.5780638231757812,B,B
5721,5721,11442,11442,-5721,-5721,1,1,0.6009271025169927,0.6009271025169927,B,B
5723,5723,11446,11446,-5723,-5723,1,1,0.4407347821924621,0.4407347821924621,B,B
5724,5724,11448,11448,-5724,-5724,1,1,0.5101714442624968,0.5101714442624968,B,B
5726,5726,11452,11452,-5726,-5726,1,1,0.6695426572162874,0.6695426572162874,B,B
5727,5727,11454,11454,-5727,-5727,1,1,0.423151306490682,0.423151306490682,B,B
5728,5728,11456,11456,-5728,-5728,1,1,0.25578781739236356,0.25578781739236356,B,B
5731,5731,11462,11462,-5731,-5731,1,1,0.4872448594960501,0.4872448594960501,B,B
5732,5732,11464,11464,-5732,-5732,1,1,0.3324893254279938,0.3324893254279938,B,B
5733,5733,11466,11466,-5733,-5733,1,1,0.03127235041844689,0.03127235041844689,B,B
5737,5737,11474,11474,-5737,-5737,1,1,0.198264322541003,0.198264322541003,B,B
5739,5739,11478,11478,-5739,-5739,1,1,0.5118637314659358,0.5118637314659358,B,B
5740,5740,11480,11480,-5740,-5740,1,1,0.5575498866051678,0.5575498866051678,B,B
5743,5743,11486,11486,-5743,-5743,1,1,0.2712991872030853,0.2712991872030853,B,B
5744,5744,11488,11488,-5744,-5744,1,1,0.056240612322284056,0.056240612322284056,B,B
5747,5747,11494,11494,-5747,-5747,1,1,0.8004567815905269,0.8004567815905269,B,B
5748,5748,11496,11496,-5748,-5748,1,1,0.41805564276689877,0.41805564276689877,B,B
5750,5750,11500,11500,-5750,-5750,1,1,0.49993713751620694,0.49993713751620694,B,B
5753,5753,11506,11506,-5753,-5753,1,1,0.7037918002547542,0.7037918002547542,B,B
5754,5754,11508,11508,-5754,-5754,1,1,0.6392505077601238,0.6392505077601238,B,B
5755,5755,11510,11510,-5755,-5755,1,1,0.10963693842169164,0.10963693842169164,B,B
5756,5756,11512,11512,-5756,-5756,1,1,0.6405342434633667,0.6405342434633667,B,B
5758,5758,11516,11516,-5758,-5758,1,1,0.8356468371612931,0.8356468371612931,B,B
5759,5759,11518,11518,-5759,-5759,1,1,0.7561239908672556,0.7561239908672556,B,B
5760,5760,11520,11520,-5760,-5760,1,1,0.33944905402507286,0.33944905402507286,B,B
5761,5761,11522,11522,-5761,-5761,1,1,0.9755008984412644,0.9755008984412644,B,B
5762,5762,11524,11524,-5762,-5762,1,1,0.45879557660817616,0.45879557660817616,B,B
5763,5763,11526,11526,-5763,-5763,1,1,0.6065625655514646,0.6065625655514646,B,B
5764,5764,11528,11528,-5764,-5764,1,1,0.869029874379521,0.869029874379521,B,B
5765,5765,11530,11530,-5765,-5765,1,1,0.7099847065886224,0.7099847065886224,B,B
5766,5766,11532,11532,-5766,-5766,1,1,0.3506915178483735,0.3506915178483735,B,B
5767,5767,11534,11534,-5767,-5767,1,1,0.8370742552369923,0.8370742552369923,B,B
5768,5768,11536,11536,-5768,-5768,1,1,0.4717864721375966,0.4717864721375966,B,B
5769,5769,11538,11538,-5769,-5769,1,1,0.5772843727538459,0.5772843727538459,B,B
5771,5771,11542,11542,-5771,-5771,1,1,0.8589185852346046,0.8589185852346046,B,B
5772,5772,11544,11544,-5772,-5772,1,1,0.9785084121176643,0.9785084121176643,B,B
5774,5774,11548,11548,-5774,-5774,1,1,0.37767118470361893,0.37767118470361893,B,B
5775,5775,11550,11550,-5775,-5775,1,1,0.3690287236121277,0.3690287236121277,B,B
5776,5776,11552,11552,-5776,-5776,1,1,0.8310349153838658,0.8310349153838658,B,B
5777,5777,11554,11554,-5777,-5777,1,1,0.002875449885995751,0.002875449885995751,B,B
5778,5778,11556,11556,-5778,-5778,1,1,0.6372945633651074,0.6372945633651074,B,B
5779,5779,11558,11558,-5779,-5779,1,1,0.44730495999430764,0.44730495999430764,B,B
5780,5780,11560,11560,-5780,-5780,1,1,0.8506981740615778,0.8506981740615778,B,B
5781,5781,11562,11562,-5781,-5781,1,1,0.023561918091706824,0.023561918091706824,B,B
5783,5783,11566,11566,-5783,-5783,1,1,0.42849623091279,0.42849623091279,B,B
5784,5784,11568,11568,-5784,-5784,1,1,0.6932288558203715,0.6932288558203715,B,B
5785,5785,11570,11570,-5785,-5785,1,1,0.650509878118668,0.650509878118668,B,B
5786,5786,11572,11572,-5786,-5786,1,1,0.2560792047229854,0.2560792047229854,B,B
5787,5787,11574,11574,-5787,-5787,1,1,0.5503595556507457,0.5503595556507457,B,B
5788,5788,11576,11576,-5788,-5788,1,1,0.33651497509972916,0.33651497509972916,B,B
5791,5791,11582,11582,-5791,-5791,1,1,0.44548728437867,0.44548728437867,B,B
5792,5792,11584,11584,-5792,-5792,1,1,0.42843236137542995,0.42843236137542995,B,B
5793,5793,11586,11586,-5793,-5793,1,1,0.2589539697237978,0.2589539697237978,B,B
5795,5795,11590,11590,-5795,-5795,1,1,0.7283371222291275,0.7283371222291275,B,B
5796,5796,11592,11592,-5796,-5796,1,1,0.3091375953266825,0.3091375953266825,B,B
5797,5797,11594,11594,-5797,-5797,1,1,0.1262478655690631,0.1262478655690631,B,B
5798,5798,11596,11596,-5798,-5798,1,1,0.8392608216124632,0.8392608216124632,B,B
5799,5799,11598,11598,-5799,-5799,1,1,0.8926711074681217,0.8926711074681217,B,B
5802,5802,11604,11604,-5802,-5802,1,1,0.12072828264106239,0.12072828264106239,B,B
5803,5803,11606,11606,-5803,-5803,1,1,0.5986276376692967,0.5986276376692967,B,B
5804,5804,11608,11608,-5804,-5804,1,1,0.8004805077941738,0.8004805077941738,B,B
5806,5806,11612,11612,-5806,-5806,1,1,0.6068367837561884,0.6068367837561884,B,B
5807,5807,11614,11614,-5807,-5807,1,1,0.5153885369209218,0.5153885369209218,B,B
5808,5808,11616,11616,-5808,-5808,1,1,0.9594917280639779,0.9594917280639779,B,B
5812,5812,11624,11624,-5812,-5812,1,1,0.8204860170168897,0.8204860170168897,B,B
5813,5813,11626,11626,-5813,-5813,1,1,0.5521516033255542,0.5521516033255542,B,B
5814,5814,11628,11628,-5814,-5814,1,1,0.34435928975733054,0.34435928975733054,B,B
5816,5816,11632,11632,-5816,-5816,1,1,0.02572171865541495,0.02572171865541495,B,B
5820,5820,11640,11640,-5820,-5820,1,1,0.568837363685938,0.568837363685938,B,B
5823,5823,11646,11646,-5823,-5823,1,1,0.5337616716936803,0.5337616716936803,B,B
5826,5826,11652,11652,-5826,-5826,1,1,0.7982291321300079,0.7982291321300079,B,B
5830,5830,11660,11660,-5830,-5830,1,1,0.12163816775011838,0.12163816775011838,B,B
5832,5832,11664,11664,-5832,-5832,1,1,0.49773126859260164,0.49773126859260164,B,B
5833,5833,11666,11666,-5833,-5833,1,1,0.5873229122830865,0.5873229122830865,B,B
5834,5834,11668,11668,-5834,-5834,1,1,0.22040997875147483,0.22040997875147483,B,B
5836,5836,11672,11672,-5836,-5836,1,1,0.8207545970432963,0.8207545970432963,B,B
5840,5840,11680,11680,-5840,-5840,1,1,0.8490762139462911,0.8490762139462911,B,B
5843,5843,11686,11686,-5843,-5843,1,1,0.666180188635297,0.666180188635297,B,B
5847,5847,11694,11694,-5847,-5847,1,1,0.5588947330399725,0.5588947330399725,B,B
5848,5848,11696,11696,-5848,-5848,1,1,0.4634022378758387,0.4634022378758387,B,B
5849,5849,11698,11698,-5849,-5849,1,1,0.526907756287046,0.526907756287046,B,B
5850,5850,11700,11700,-5850,-5850,1,1,0.7685263466977119,0.7685263466977119,B,B
5852,5852,11704,11704,-5852,-5852,1,1,0.09003032280616419,0.09003032280616419,B,B
5853,5853,11706,11706,-5853,-5853,1,1,0.7015483200474518,0.7015483200474518,B,B
5855,5855,11710,11710,-5855,-5855,1,1,0.9960844784821044,0.9960844784821044,B,B
5856,5856,11712,11712,-5856,-5856,1,1,0.5232666085548304,0.5232666085548304,B,B
5857,5857,11714,11714,-5857,-5857,1,1,0.0020412840310107816,0.0020412840310107816,B,B
5858,5858,11716,11716,-5858,-5858,1,1,0.6051146770177976,0.6051146770177976,B,B
5860,5860,11720,11720,-5860,-5860,1,1,0.20311903992052682,0.20311903992052682,B,B
5862,5862,11724,11724,-5862,-5862,1,1,0.007609352728680352,0.007609352728680352,B,B
5863,5863,11726,11726,-5863,-5863,1,1,0.2175669836845977,0.2175669836845977,B,B
5864,5864,11728,11728,-5864,-5864,1,1,0.5506605486445644,0.5506605486445644,B,B
5866,5866,11732,11732,-5866,-5866,1,1,0.7053798578328341,0.7053798578328341,B,B
5867,5867,11734,11734,-5867,-5867,1,1,0.7842357199415018,0.7842357199415018,B,B
5871,5871,11742,11742,-5871,-5871,1,1,0.9271489259394252,0.9271489259394252,B,B
5874,5874,11748,11748,-5874,-5874,1,1,0.1603162873539804,0.1603162873539804,B,B
5877,5877,11754,11754,-5877,-5877,1,1,0.09616540172473675,0.09616540172473675,B,B
5878,5878,11756,11756,-5878,-5878,1,1,0.9716408673417624,0.9716408673417624,B,B
5879,5879,11758,11758,-5879,-5879,1,1,0.2149100736678622,0.2149100736678622,B,B
5881,5881,11762,11762,-5881,-5881,1,1,0.6445326842470278,0.6445326842470278,B,B
5883,5883,11766,11766,-5883,-5883,1,1,0.4710532454885611,0.4710532454885611,B,B
5884,5884,11768,11768,-5884,-5884,1,1,0.816576010201842,0.816576010201842,B,B
5885,5885,11770,11770,-5885,-5885,1,1,0.7919583146050174,0.7919583146050174,B,B
5886,5886,11772,11772,-5886,-5886,1,1,0.3801628690528168,0.3801628690528168,B,B
5887,5887,11774,11774,-5887,-5887,1,1,0.25285438316585007,0.25285438316585007,B,B
5889,5889,11778,11778,-5889,-5889,1,1,0.03817324885713669,0.03817324885713669,B,B
5890,5890,11780,11780,-5890,-5890,1,1,0.961397856843301,0.961397856843301,B,B
5891,5891,11782,11782,-5891,-5891,1,1,0.41364130886947337,0.41364130886947337,B,B
5892,5892,11784,11784,-5892,-5892,1,1,0.5106209368685756,0.5106209368685756,B,B
5893,5893,11786,11786,-5893,-5893,1,1,0.7894714804817148,0.7894714804817148,B,B
5894,5894,11788,11788,-5894,-5894,1,1,0.5196410988602942,0.5196410988602942,B,B
5895,5895,11790,11790,-5895,-5895,1,1,0.9700407272856878,0.9700407272856878,B,B
5896,5896,11792,11792,-5896,-5896,1,1,0.3765053136719432,0.3765053136719432,B,B
5897,5897,11794,11794,-5897,-5897,1,1,0.903805420144119,0.903805420144119,B,B
5899,5899,11798,11798,-5899,-5899,1,1,0.3751131670166329,0.3751131670166329,B,B
5900,5900,11800,11800,-5900,-5900,1,1,0.7463628404822579,0.7463628404822579,B,B
5902,5902,11804,11804,-5902,-5902,1,1,0.8725922629642876,0.8725922629642876,B,B
5904,5904,11808,11808,-5904,-5904,1,1,0.9304794420276108,0.9304794420276108,B,B
5905,5905,11810,11810,-5905,-5905,1,1,0.13033992517812842,0.13033992517812842,B,B
5906,5906,11812,11812,-5906,-5906,1,1,0.11712554554962784,0.11712554554962784,B,B
5907,5907,11814,11814,-5907,-5907,1,1,0.8460906261072574,0.8460906261072574,B,B
5908,5908,11816,11816,-5908,-5908,1,1,0.42367743870321006,0.42367743870321006,B,B
5909,5909,11818,11818,-5909,-5909,1,1,0.6686939142298778,0.6686939142298778,B,B
5913,5913,11826,11826,-5913,-5913,1,1,0.05928361551622874,0.05928361551622874,B,B
5915,5915,11830,11830,-5915,-5915,1,1,0.4322482957468906,0.4322482957468906,B,B
5916,5916,11832,11832,-5916,-5916,1,1,0.23639835473780912,0.23639835473780912,B,B
5917,5917,11834,11834,-5917,-5917,1,1,0.6297900594843772,0.6297900594843772,B,B
5918,5918,11836,11836,-5918,-5918,1,1,0.976011900677947,0.976011900677947,B,B
5919,5919,11838,11838,-5919,-5919,1,1,0.38432610939975076,0.38432610939975076,B,B
5920,5920,11840,11840,-5920,-5920,1,1,0.6464518767438521,0.6464518767438521,B,B
5926,5926,11852,11852,-5926,-5926,1,1,0.2544526677054948,0.2544526677054948,B,B
5927,5927,11854,11854,-5927,-5927,1,1,0.05526416866749839,0.05526416866749839,B,B
5930,5930,11860,11860,-5930,-5930,1,1,0.23317763955388804,0.23317763955388804,B,B
5932,5932,11864,11864,-5932,-5932,1,1,0.8308117452103928,0.8308117452103928,B,B
5935,5935,11870,11870,-5935,-5935,1,1,0.0032965739040805575,0.0032965739040805575,B,B
5936,5936,11872,11872,-5936,-5936,1,1,0.8929282689268292,0.8929282689268292,B,B
5937,5937,11874,11874,-5937,-5937,1,1,0.01754120363699707,0.01754120363699707,B,B
5938,5938,11876,11876,-5938,-5938,1,1,0.8148063552791138,0.8148063552791138,B,B
5939,5939,11878,11878,-5939,-5939,1,1,0.10804400819512083,0.10804400819512083,B,B
5940,5940,11880,11880,-5940,-5940,1,1,0.4059259337585297,0.4059259337585297,B,B
5942,5942,11884,11884,-5942,-5942,1,1,0.7564915821303917,0.7564915821303917,B,B
5944,5944,11888,11888,-5944,-5944,1,1,0.08303595904845007,0.08303595904845007,B,B
5945,5945,11890,11890,-5945,-5945,1,1,0.3362296010671135,0.3362296010671135,B,B
5946,5946,11892,11892,-5946,-5946,1,1,0.5551299771089588,0.5551299771089588,B,B
5947,5947,11894,11894,-5947,-5947,1,1,0.2653021242856648,0.2653021242856648,B,B
5948,5948,11896,11896,-5948,-5948,1,1,0.7131785165522142,0.7131785165522142,B,B
5949,5949,11898,11898,-5949,-5949,1,1,0.2935227439680945,0.2935227439680945,B,B
5951,5951,11902,11902,-5951,-5951,1,1,0.20077865685822016,0.20077865685822016,B,B
5952,5952,11904,11904,-5952,-5952,1,1,0.28209033937852945,0.28209033937852945,B,B
5953,5953,11906,11906,-5953,-5953,1,1,0.42549721123823714,0.42549721123823714,B,B
5954,5954,11908,11908,-5954,-5954,1,1,0.6659055616679875,0.6659055616679875,B,B
5956,5956,11912,11912,-5956,-5956,1,1,0.8802052065018379,0.8802052065018379,B,B
5958,5958,11916,11916,-5958,-5958,1,1,0.3539544331733262,0.3539544331733262,B,B
5959,5959,11918,11918,-5959,-5959,1,1,0.496388161710013,0.496388161710013,B,B
5960,5960,11920,11920,-5960,-5960,1,1,0.5441019298579892,0.5441019298579892,B,B
5961,5961,11922,11922,-5961,-5961,1,1,0.3780004132933813,0.3780004132933813,B,B
5963,5963,11926,11926,-5963,-5963,1,1,0.37037820684259026,0.37037820684259026,B,B
5964,5964,11928,11928,-5964,-5964,1,1,0.7065720963146027,0.7065720963146027,B,B
5965,5965,11930,11930,-5965,-5965,1,1,0.0005361497301606954,0.0005361497301606954,B,B
5967,5967,11934,11934,-5967,-5967,1,1,0.725968535569202,0.725968535569202,B,B
5969,5969,11938,11938,-5969,-5969,1,1,0.2963334452200367,0.2963334452200367,B,B
5971,5971,11942,11942,-5971,-5971,1,1,0.34253788879710645,0.34253788879710645,B,B
5972,5972,11944,11944,-5972,-5972,1,1,0.6597484838579698,0.6597484838579698,B,B
5973,5973,11946,11946,-5973,-5973,1,1,0.4159756785419182,0.4159756785419182,B,B
5976,5976,11952,11952,-5976,-5976,1,1,0.5540310048296068,0.5540310048296068,B,B
5977,5977,11954,11954,-5977,-5977,1,1,0.23832514340238864,0.23832514340238864,B,B
5978,5978,11956,11956,-5978,-5978,1,1,0.760958601811736,0.760958601811736,B,B
5979,5979,11958,11958,-5979,-5979,1,1,0.5342509451633768,0.5342509451633768,B,B
5980,5980,11960,11960,-5980,-5980,1,1,0.5401660867277278,0.5401660867277278,B,B
5981,5981,11962,11962,-5981,-5981,1,1,0.3271690485559823,0.3271690485559823,B,B
5982,5982,11964,11964,-5982,-5982,1,1,0.904373659460316,0.904373659460316,B,B
5984,5984,11968,11968,-5984,-5984,1,1,0.6313677424939612,0.6313677424939612,B,B
5985,5985,11970,11970,-5985,-5985,1,1,0.292499876462453,0.292499876462453,B,B
5986,5986,11972,11972,-5986,-5986,1,1,0.31591173210883716,0.31591173210883716,B,B
5987,5987,11974,11974,-5987,-5987,1,1,0.8617123964529328,0.8617123964529328,B,B
5989,5989,11978,11978,-5989,-5989,1,1,0.24833154958395687,0.24833154958395687,B,B
5990,5990,11980,11980,-5990,-5990,1,1,0.42876765496618263,0.42876765496618263,B,B
5991,5991,11982,11982,-5991,-5991,1,1,0.6246662351373383,0.6246662351373383,B,B
5992,5992,11984,11984,-5992,-5992,1,1,0.5355644108561903,0.5355644108561903,B,B
5994,5994,11988,11988,-5994,-5994,1,1,0.9483671391209453,0.9483671391209453,B,B
5995,5995,11990,11990,-5995,-5995,1,1,0.06634366849452844,0.06634366849452844,B,B
5996,5996,11992,11992,-5996,-5996,1,1,0.026531535394548333,0.026531535394548333,B,B
5997,5997,11994,11994,-5997,-5997,1,1,0.36867622842037007,0.36867622842037007,B,B
5998,5998,11996,11996,-5998,-5998,1,1,0.5039488754114507,0.5039488754114507,B,B
5999,5999,11998,11998,-5999,-5999,1,1,0.9686815944565811,0.9686815944565811,B,B
