Feature_A,Feature_A_noConstant_Feature,Feature_B,Feature_B_noConstant_Feature,Feature_C,Feature_C_noConstant_Feature,Constant_Feature,Constant_Feature_noConstant_Feature,Random_Feature,Random_Feature_noConstant_Feature,Outcome,Outcome_noConstant_Feature
0,0,0,0,0,0,1,1,0.023588646199457997,0.023588646199457997,A,A
1,1,2,2,-1,-1,1,1,0.1188290740425384,0.1188290740425384,A,A
3,3,6,6,-3,-3,1,1,0.9282151160017603,0.9282151160017603,A,A
5,5,10,10,-5,-5,1,1,0.6917351353691099,0.6917351353691099,A,A
7,7,14,14,-7,-7,1,1,0.5865523546689887,0.5865523546689887,A,A
11,11,22,22,-11,-11,1,1,0.2948030406674309,0.2948030406674309,A,A
14,14,28,28,-14,-14,1,1,0.31425936316737735,0.31425936316737735,A,A
15,15,30,30,-15,-15,1,1,0.8619404354888547,0.8619404354888547,A,A
16,16,32,32,-16,-16,1,1,0.5394089632575426,0.5394089632575426,A,A
17,17,34,34,-17,-17,1,1,0.36262925917898947,0.36262925917898947,A,A
19,19,38,38,-19,-19,1,1,0.7472229759586198,0.7472229759586198,A,A
23,23,46,46,-23,-23,1,1,0.7214944236050458,0.7214944236050458,A,A
24,24,48,48,-24,-24,1,1,0.5172140322695878,0.5172140322695878,A,A
25,25,50,50,-25,-25,1,1,0.2619581241469122,0.2619581241469122,A,A
26,26,52,52,-26,-26,1,1,0.09831137583241667,0.09831137583241667,A,A
28,28,56,56,-28,-28,1,1,0.6729927894249287,0.6729927894249287,A,A
29,29,58,58,-29,-29,1,1,0.8390233702677157,0.8390233702677157,A,A
32,32,64,64,-32,-32,1,1,0.9281453068302792,0.9281453068302792,A,A
33,33,66,66,-33,-33,1,1,0.6165596526831678,0.6165596526831678,A,A
34,34,68,68,-34,-34,1,1,0.7552436858398257,0.7552436858398257,A,A
36,36,72,72,-36,-36,1,1,0.42612731150419625,0.42612731150419625,A,A
38,38,76,76,-38,-38,1,1,0.04202256948128591,0.04202256948128591,A,A
39,39,78,78,-39,-39,1,1,0.0627114213368084,0.0627114213368084,A,A
40,40,80,80,-40,-40,1,1,0.33555884917832757,0.33555884917832757,A,A
44,44,88,88,-44,-44,1,1,0.904874412160271,0.904874412160271,A,A
47,47,94,94,-47,-47,1,1,0.2305366671079544,0.2305366671079544,A,A
49,49,98,98,-49,-49,1,1,0.9811859405281693,0.9811859405281693,A,A
51,51,102,102,-51,-51,1,1,0.781546714666819,0.781546714666819,A,A
53,53,106,106,-53,-53,1,1,0.6126882731315999,0.6126882731315999,A,A
55,55,110,110,-55,-55,1,1,0.19801557000832803,0.19801557000832803,A,A
57,57,114,114,-57,-57,1,1,0.8716112659590262,0.8716112659590262,A,A
58,58,116,116,-58,-58,1,1,0.6990714441542448,0.6990714441542448,A,A
59,59,118,118,-59,-59,1,1,0.6660756885796641,0.6660756885796641,A,A
62,62,124,124,-62,-62,1,1,0.45349228145258125,0.45349228145258125,A,A
64,64,128,128,-64,-64,1,1,0.9339019752854141,0.9339019752854141,A,A
65,65,130,130,-65,-65,1,1,0.8196716673036895,0.8196716673036895,A,A
67,67,134,134,-67,-67,1,1,0.4721768561275196,0.4721768561275196,A,A
69,69,138,138,-69,-69,1,1,0.6148166275211174,0.6148166275211174,A,A
70,70,140,140,-70,-70,1,1,0.26851316588012253,0.26851316588012253,A,A
72,72,144,144,-72,-72,1,1,0.6989201841749049,0.6989201841749049,A,A
73,73,146,146,-73,-73,1,1,0.9124335052312337,0.9124335052312337,A,A
74,74,148,148,-74,-74,1,1,0.9287774865147025,0.9287774865147025,A,A
75,75,150,150,-75,-75,1,1,0.1085223985747511,0.1085223985747511,A,A
76,76,152,152,-76,-76,1,1,0.07992246840953654,0.07992246840953654,A,A
77,77,154,154,-77,-77,1,1,0.3177613223079766,0.3177613223079766,A,A
78,78,156,156,-78,-78,1,1,0.7158194744388905,0.7158194744388905,A,A
80,80,160,160,-80,-80,1,1,0.0892138953251973,0.0892138953251973,A,A
83,83,166,166,-83,-83,1,1,0.5230344821103822,0.5230344821103822,A,A
84,84,168,168,-84,-84,1,1,0.6049105647855177,0.6049105647855177,A,A
85,85,170,170,-85,-85,1,1,0.7662235109427884,0.7662235109427884,A,A
86,86,172,172,-86,-86,1,1,0.265396702489769,0.265396702489769,A,A
87,87,174,174,-87,-87,1,1,0.496620333685441,0.496620333685441,A,A
88,88,176,176,-88,-88,1,1,0.6652796127508342,0.6652796127508342,A,A
89,89,178,178,-89,-89,1,1,0.7563219408390943,0.7563219408390943,A,A
90,90,180,180,-90,-90,1,1,0.9350021751713612,0.9350021751713612,A,A
91,91,182,182,-91,-91,1,1,0.6907762785685028,0.6907762785685028,A,A
93,93,186,186,-93,-93,1,1,0.12578338243392762,0.12578338243392762,A,A
95,95,190,190,-95,-95,1,1,0.1196576277544038,0.1196576277544038,A,A
97,97,194,194,-97,-97,1,1,0.6836739991217567,0.6836739991217567,A,A
98,98,196,196,-98,-98,1,1,0.787067200994671,0.787067200994671,A,A
99,99,198,198,-99,-99,1,1,0.0697790930161255,0.0697790930161255,A,A
100,100,200,200,-100,-100,1,1,0.9704987321934507,0.9704987321934507,A,A
101,101,202,202,-101,-101,1,1,0.568308296658921,0.568308296658921,A,A
103,103,206,206,-103,-103,1,1,0.1342167688071716,0.1342167688071716,A,A
104,104,208,208,-104,-104,1,1,0.5203322358106707,0.5203322358106707,A,A
105,105,210,210,-105,-105,1,1,0.12604351974039207,0.12604351974039207,A,A
107,107,214,214,-107,-107,1,1,0.1787072135860368,0.1787072135860368,A,A
109,109,218,218,-109,-109,1,1,0.2691068211597738,0.2691068211597738,A,A
110,110,220,220,-110,-110,1,1,0.002171776965759209,0.002171776965759209,A,A
111,111,222,222,-111,-111,1,1,0.18699089416717707,0.18699089416717707,A,A
113,113,226,226,-113,-113,1,1,0.6079857373866157,0.6079857373866157,A,A
114,114,228,228,-114,-114,1,1,0.042141323626516125,0.042141323626516125,A,A
115,115,230,230,-115,-115,1,1,0.4238001671468208,0.4238001671468208,A,A
117,117,234,234,-117,-117,1,1,0.7290298189188597,0.7290298189188597,A,A
118,118,236,236,-118,-118,1,1,0.27957556634464376,0.27957556634464376,A,A
119,119,238,238,-119,-119,1,1,0.576504222584609,0.576504222584609,A,A
120,120,240,240,-120,-120,1,1,0.02526476937129729,0.02526476937129729,A,A
123,123,246,246,-123,-123,1,1,0.5183587267563847,0.5183587267563847,A,A
124,124,248,248,-124,-124,1,1,0.19420030134338195,0.19420030134338195,A,A
126,126,252,252,-126,-126,1,1,0.5865329906523271,0.5865329906523271,A,A
127,127,254,254,-127,-127,1,1,0.42557464691226454,0.42557464691226454,A,A
128,128,256,256,-128,-128,1,1,0.10091499834217199,0.10091499834217199,A,A
129,129,258,258,-129,-129,1,1,0.6605086323111727,0.6605086323111727,A,A
130,130,260,260,-130,-130,1,1,0.5094851922950093,0.5094851922950093,A,A
131,131,262,262,-131,-131,1,1,0.327156931827313,0.327156931827313,A,A
132,132,264,264,-132,-132,1,1,0.12856935689320792,0.12856935689320792,A,A
133,133,266,266,-133,-133,1,1,0.1366838139824369,0.1366838139824369,A,A
136,136,272,272,-136,-136,1,1,0.7163037216556709,0.7163037216556709,A,A
137,137,274,274,-137,-137,1,1,0.6874123878100573,0.6874123878100573,A,A
138,138,276,276,-138,-138,1,1,0.6409730235131522,0.6409730235131522,A,A
139,139,278,278,-139,-139,1,1,0.9643180423470267,0.9643180423470267,A,A
141,141,282,282,-141,-141,1,1,0.1665247701121827,0.1665247701121827,A,A
142,142,284,284,-142,-142,1,1,0.9030137720547777,0.9030137720547777,A,A
143,143,286,286,-143,-143,1,1,0.0703363161827757,0.0703363161827757,A,A
144,144,288,288,-144,-144,1,1,0.4197565262806793,0.4197565262806793,A,A
145,145,290,290,-145,-145,1,1,0.5740659105974854,0.5740659105974854,A,A
147,147,294,294,-147,-147,1,1,0.9870125238584078,0.9870125238584078,A,A
148,148,296,296,-148,-148,1,1,0.022360748991243407,0.022360748991243407,A,A
149,149,298,298,-149,-149,1,1,0.43827016084681647,0.43827016084681647,A,A
150,150,300,300,-150,-150,1,1,0.16298114442068545,0.16298114442068545,A,A
152,152,304,304,-152,-152,1,1,0.5632926118771908,0.5632926118771908,A,A
154,154,308,308,-154,-154,1,1,0.5348630591682411,0.5348630591682411,A,A
160,160,320,320,-160,-160,1,1,0.08360858219042888,0.08360858219042888,A,A
162,162,324,324,-162,-162,1,1,0.6849094596697933,0.6849094596697933,A,A
163,163,326,326,-163,-163,1,1,0.613608176994569,0.613608176994569,A,A
165,165,330,330,-165,-165,1,1,0.995698692212092,0.995698692212092,A,A
167,167,334,334,-167,-167,1,1,0.3155750751133015,0.3155750751133015,A,A
169,169,338,338,-169,-169,1,1,0.8550496687637387,0.8550496687637387,A,A
171,171,342,342,-171,-171,1,1,0.6795527176050346,0.6795527176050346,A,A
172,172,344,344,-172,-172,1,1,0.8783255310893295,0.8783255310893295,A,A
173,173,346,346,-173,-173,1,1,0.28925589685817976,0.28925589685817976,A,A
174,174,348,348,-174,-174,1,1,0.1090599521234924,0.1090599521234924,A,A
175,175,350,350,-175,-175,1,1,0.9631806765517967,0.9631806765517967,A,A
176,176,352,352,-176,-176,1,1,0.9325130658100549,0.9325130658100549,A,A
179,179,358,358,-179,-179,1,1,0.32690739746301467,0.32690739746301467,A,A
180,180,360,360,-180,-180,1,1,0.09035409316557286,0.09035409316557286,A,A
181,181,362,362,-181,-181,1,1,0.29616614392801033,0.29616614392801033,A,A
182,182,364,364,-182,-182,1,1,0.15952526396464106,0.15952526396464106,A,A
184,184,368,368,-184,-184,1,1,0.4966686227162417,0.4966686227162417,A,A
185,185,370,370,-185,-185,1,1,0.6108523749465351,0.6108523749465351,A,A
187,187,374,374,-187,-187,1,1,0.7833350325966877,0.7833350325966877,A,A
188,188,376,376,-188,-188,1,1,0.49007703866439556,0.49007703866439556,A,A
192,192,384,384,-192,-192,1,1,0.7202026704961484,0.7202026704961484,A,A
193,193,386,386,-193,-193,1,1,0.8451883470213619,0.8451883470213619,A,A
194,194,388,388,-194,-194,1,1,0.44728987361273154,0.44728987361273154,A,A
196,196,392,392,-196,-196,1,1,0.32940702326524707,0.32940702326524707,A,A
197,197,394,394,-197,-197,1,1,0.037045502930102,0.037045502930102,A,A
198,198,396,396,-198,-198,1,1,0.35724654342042717,0.35724654342042717,A,A
199,199,398,398,-199,-199,1,1,0.1485261406685977,0.1485261406685977,A,A
200,200,400,400,-200,-200,1,1,0.8674230285707516,0.8674230285707516,A,A
201,201,402,402,-201,-201,1,1,0.7036281261485189,0.7036281261485189,A,A
205,205,410,410,-205,-205,1,1,0.540834462534557,0.540834462534557,A,A
208,208,416,416,-208,-208,1,1,0.3979404096920458,0.3979404096920458,A,A
209,209,418,418,-209,-209,1,1,0.9184920145432297,0.9184920145432297,A,A
210,210,420,420,-210,-210,1,1,0.3008194497113249,0.3008194497113249,A,A
211,211,422,422,-211,-211,1,1,0.309082519377045,0.309082519377045,A,A
214,214,428,428,-214,-214,1,1,0.17611576702503973,0.17611576702503973,A,A
215,215,430,430,-215,-215,1,1,0.2723810276710532,0.2723810276710532,A,A
216,216,432,432,-216,-216,1,1,0.42830812748434965,0.42830812748434965,A,A
217,217,434,434,-217,-217,1,1,0.08031946104702192,0.08031946104702192,A,A
218,218,436,436,-218,-218,1,1,0.0030408206773757662,0.0030408206773757662,A,A
220,220,440,440,-220,-220,1,1,0.5931048400909187,0.5931048400909187,A,A
222,222,444,444,-222,-222,1,1,0.6769628562199955,0.6769628562199955,A,A
224,224,448,448,-224,-224,1,1,0.7976282032831209,0.7976282032831209,A,A
225,225,450,450,-225,-225,1,1,0.05001455554763812,0.05001455554763812,A,A
227,227,454,454,-227,-227,1,1,0.5750338224165021,0.5750338224165021,A,A
228,228,456,456,-228,-228,1,1,0.30573238752856824,0.30573238752856824,A,A
230,230,460,460,-230,-230,1,1,0.6381978046846547,0.6381978046846547,A,A
231,231,462,462,-231,-231,1,1,0.5659133390492883,0.5659133390492883,A,A
232,232,464,464,-232,-232,1,1,0.42363238629069444,0.42363238629069444,A,A
234,234,468,468,-234,-234,1,1,0.8204342239764609,0.8204342239764609,A,A
236,236,472,472,-236,-236,1,1,0.00991617709061643,0.00991617709061643,A,A
237,237,474,474,-237,-237,1,1,0.6576150259677965,0.6576150259677965,A,A
238,238,476,476,-238,-238,1,1,0.05765378439408464,0.05765378439408464,A,A
239,239,478,478,-239,-239,1,1,0.9711269078625028,0.9711269078625028,A,A
240,240,480,480,-240,-240,1,1,0.5089551691875212,0.5089551691875212,A,A
242,242,484,484,-242,-242,1,1,0.33700327710120903,0.33700327710120903,A,A
243,243,486,486,-243,-243,1,1,0.005038634283475951,0.005038634283475951,A,A
244,244,488,488,-244,-244,1,1,0.5414862413857782,0.5414862413857782,A,A
245,245,490,490,-245,-245,1,1,0.30882284514135494,0.30882284514135494,A,A
248,248,496,496,-248,-248,1,1,0.21085955694432024,0.21085955694432024,A,A
251,251,502,502,-251,-251,1,1,0.47584175381012384,0.47584175381012384,A,A
253,253,506,506,-253,-253,1,1,0.24083679547789394,0.24083679547789394,A,A
254,254,508,508,-254,-254,1,1,0.6712862547608752,0.6712862547608752,A,A
255,255,510,510,-255,-255,1,1,0.7652497429462864,0.7652497429462864,A,A
256,256,512,512,-256,-256,1,1,0.8525372969233118,0.8525372969233118,A,A
257,257,514,514,-257,-257,1,1,0.7011184079009996,0.7011184079009996,A,A
258,258,516,516,-258,-258,1,1,0.3564727991632094,0.3564727991632094,A,A
259,259,518,518,-259,-259,1,1,0.081202145384341,0.081202145384341,A,A
261,261,522,522,-261,-261,1,1,0.48279965143654047,0.48279965143654047,A,A
264,264,528,528,-264,-264,1,1,0.8493739597253898,0.8493739597253898,A,A
265,265,530,530,-265,-265,1,1,0.3275151794051292,0.3275151794051292,A,A
266,266,532,532,-266,-266,1,1,0.3138868785018196,0.3138868785018196,A,A
270,270,540,540,-270,-270,1,1,0.8429390820194244,0.8429390820194244,A,A
272,272,544,544,-272,-272,1,1,0.875594750228626,0.875594750228626,A,A
274,274,548,548,-274,-274,1,1,0.3624582939917167,0.3624582939917167,A,A
275,275,550,550,-275,-275,1,1,0.6369152371498763,0.6369152371498763,A,A
276,276,552,552,-276,-276,1,1,0.8771017954463624,0.8771017954463624,A,A
277,277,554,554,-277,-277,1,1,0.9925642064905364,0.9925642064905364,A,A
278,278,556,556,-278,-278,1,1,0.9881268590884522,0.9881268590884522,A,A
279,279,558,558,-279,-279,1,1,0.3341702181352614,0.3341702181352614,A,A
284,284,568,568,-284,-284,1,1,0.5753923219747862,0.5753923219747862,A,A
285,285,570,570,-285,-285,1,1,0.21391326494733143,0.21391326494733143,A,A
286,286,572,572,-286,-286,1,1,0.2831580734983373,0.2831580734983373,A,A
287,287,574,574,-287,-287,1,1,0.9623512045252148,0.9623512045252148,A,A
290,290,580,580,-290,-290,1,1,0.0870175323967809,0.0870175323967809,A,A
291,291,582,582,-291,-291,1,1,0.27098224920265324,0.27098224920265324,A,A
292,292,584,584,-292,-292,1,1,0.6147408709676349,0.6147408709676349,A,A
293,293,586,586,-293,-293,1,1,0.2604983046074889,0.2604983046074889,A,A
294,294,588,588,-294,-294,1,1,0.5339369261069321,0.5339369261069321,A,A
295,295,590,590,-295,-295,1,1,0.25413723861324644,0.25413723861324644,A,A
297,297,594,594,-297,-297,1,1,0.9908953618203862,0.9908953618203862,A,A
298,298,596,596,-298,-298,1,1,0.6418916978832145,0.6418916978832145,A,A
299,299,598,598,-299,-299,1,1,0.6278734811917449,0.6278734811917449,A,A
300,300,600,600,-300,-300,1,1,0.21373980925782232,0.21373980925782232,A,A
301,301,602,602,-301,-301,1,1,0.9219972574667378,0.9219972574667378,A,A
302,302,604,604,-302,-302,1,1,0.09218590346476363,0.09218590346476363,A,A
303,303,606,606,-303,-303,1,1,0.038608454938565795,0.038608454938565795,A,A
304,304,608,608,-304,-304,1,1,0.506128863163508,0.506128863163508,A,A
305,305,610,610,-305,-305,1,1,0.9800516331269955,0.9800516331269955,A,A
306,306,612,612,-306,-306,1,1,0.09194760954612846,0.09194760954612846,A,A
309,309,618,618,-309,-309,1,1,0.9609316868416599,0.9609316868416599,A,A
310,310,620,620,-310,-310,1,1,0.5337843550186968,0.5337843550186968,A,A
312,312,624,624,-312,-312,1,1,0.7978511104064193,0.7978511104064193,A,A
313,313,626,626,-313,-313,1,1,0.9274519207278953,0.9274519207278953,A,A
314,314,628,628,-314,-314,1,1,0.7652292050289865,0.7652292050289865,A,A
315,315,630,630,-315,-315,1,1,0.9045348905642515,0.9045348905642515,A,A
317,317,634,634,-317,-317,1,1,0.5706021284316248,0.5706021284316248,A,A
318,318,636,636,-318,-318,1,1,0.18656056276474098,0.18656056276474098,A,A
319,319,638,638,-319,-319,1,1,0.8785941295651573,0.8785941295651573,A,A
320,320,640,640,-320,-320,1,1,0.7208389255758687,0.7208389255758687,A,A
321,321,642,642,-321,-321,1,1,0.8992775549231041,0.8992775549231041,A,A
322,322,644,644,-322,-322,1,1,0.08650454670403318,0.08650454670403318,A,A
324,324,648,648,-324,-324,1,1,0.24055981485762024,0.24055981485762024,A,A
325,325,650,650,-325,-325,1,1,0.060166791682989995,0.060166791682989995,A,A
327,327,654,654,-327,-327,1,1,0.29005724881410777,0.29005724881410777,A,A
329,329,658,658,-329,-329,1,1,0.8720207961564451,0.8720207961564451,A,A
330,330,660,660,-330,-330,1,1,0.39662090313585807,0.39662090313585807,A,A
331,331,662,662,-331,-331,1,1,0.3825366961863146,0.3825366961863146,A,A
332,332,664,664,-332,-332,1,1,0.907746497501214,0.907746497501214,A,A
333,333,666,666,-333,-333,1,1,0.9729333096554914,0.9729333096554914,A,A
334,334,668,668,-334,-334,1,1,0.16469229964190457,0.16469229964190457,A,A
335,335,670,670,-335,-335,1,1,0.1101939591908071,0.1101939591908071,A,A
337,337,674,674,-337,-337,1,1,0.5741999114922793,0.5741999114922793,A,A
338,338,676,676,-338,-338,1,1,0.053354170044430216,0.053354170044430216,A,A
340,340,680,680,-340,-340,1,1,0.05076993205839975,0.05076993205839975,A,A
341,341,682,682,-341,-341,1,1,0.8975236053190654,0.8975236053190654,A,A
342,342,684,684,-342,-342,1,1,0.7405272494332596,0.7405272494332596,A,A
345,345,690,690,-345,-345,1,1,0.4708611622020543,0.4708611622020543,A,A
346,346,692,692,-346,-346,1,1,0.7064100547721253,0.7064100547721253,A,A
347,347,694,694,-347,-347,1,1,0.10185397216272551,0.10185397216272551,A,A
349,349,698,698,-349,-349,1,1,0.619953193988682,0.619953193988682,A,A
352,352,704,704,-352,-352,1,1,0.9430183542696174,0.9430183542696174,A,A
354,354,708,708,-354,-354,1,1,0.04032934246595932,0.04032934246595932,A,A
355,355,710,710,-355,-355,1,1,0.46600555879568495,0.46600555879568495,A,A
356,356,712,712,-356,-356,1,1,0.35283097471221436,0.35283097471221436,A,A
357,357,714,714,-357,-357,1,1,0.3964636571703387,0.3964636571703387,A,A
358,358,716,716,-358,-358,1,1,0.578914645904586,0.578914645904586,A,A
359,359,718,718,-359,-359,1,1,0.6269670224111284,0.6269670224111284,A,A
360,360,720,720,-360,-360,1,1,0.24885971870933776,0.24885971870933776,A,A
361,361,722,722,-361,-361,1,1,0.8244540673131523,0.8244540673131523,A,A
362,362,724,724,-362,-362,1,1,0.7658745458229812,0.7658745458229812,A,A
364,364,728,728,-364,-364,1,1,0.9451208779028456,0.9451208779028456,A,A
365,365,730,730,-365,-365,1,1,0.5057113325314054,0.5057113325314054,A,A
366,366,732,732,-366,-366,1,1,0.40831246042735436,0.40831246042735436,A,A
371,371,742,742,-371,-371,1,1,0.8387874785589179,0.8387874785589179,A,A
372,372,744,744,-372,-372,1,1,0.3657196642069439,0.3657196642069439,A,A
374,374,748,748,-374,-374,1,1,0.49081502673691324,0.49081502673691324,A,A
375,375,750,750,-375,-375,1,1,0.1820333366525364,0.1820333366525364,A,A
376,376,752,752,-376,-376,1,1,0.6691501012450989,0.6691501012450989,A,A
377,377,754,754,-377,-377,1,1,0.35130405636741435,0.35130405636741435,A,A
379,379,758,758,-379,-379,1,1,0.20441503770884195,0.20441503770884195,A,A
380,380,760,760,-380,-380,1,1,0.3472541052413166,0.3472541052413166,A,A
381,381,762,762,-381,-381,1,1,0.45639983428165687,0.45639983428165687,A,A
383,383,766,766,-383,-383,1,1,0.019389091116614243,0.019389091116614243,A,A
384,384,768,768,-384,-384,1,1,0.7782824979799993,0.7782824979799993,A,A
385,385,770,770,-385,-385,1,1,0.3206211616683612,0.3206211616683612,A,A
389,389,778,778,-389,-389,1,1,0.6861096738575249,0.6861096738575249,A,A
390,390,780,780,-390,-390,1,1,0.19437703600311151,0.19437703600311151,A,A
392,392,784,784,-392,-392,1,1,0.5802103594474728,0.5802103594474728,A,A
394,394,788,788,-394,-394,1,1,0.26623340326602296,0.26623340326602296,A,A
395,395,790,790,-395,-395,1,1,0.5475302287689332,0.5475302287689332,A,A
397,397,794,794,-397,-397,1,1,0.7996835282163028,0.7996835282163028,A,A
398,398,796,796,-398,-398,1,1,0.6794451910881156,0.6794451910881156,A,A
399,399,798,798,-399,-399,1,1,0.6383902374989666,0.6383902374989666,A,A
400,400,800,800,-400,-400,1,1,0.6466525165640833,0.6466525165640833,A,A
401,401,802,802,-401,-401,1,1,0.6896508377244611,0.6896508377244611,A,A
404,404,808,808,-404,-404,1,1,0.9575592493249176,0.9575592493249176,A,A
405,405,810,810,-405,-405,1,1,0.8221224019726963,0.8221224019726963,A,A
406,406,812,812,-406,-406,1,1,0.8607463993422443,0.8607463993422443,A,A
407,407,814,814,-407,-407,1,1,0.20420620977082515,0.20420620977082515,A,A
408,408,816,816,-408,-408,1,1,0.5426781270551726,0.5426781270551726,A,A
409,409,818,818,-409,-409,1,1,0.19000094850911997,0.19000094850911997,A,A
411,411,822,822,-411,-411,1,1,0.47407993571624696,0.47407993571624696,A,A
412,412,824,824,-412,-412,1,1,0.5479473030267517,0.5479473030267517,A,A
413,413,826,826,-413,-413,1,1,0.1179565482015249,0.1179565482015249,A,A
414,414,828,828,-414,-414,1,1,0.6816076192823697,0.6816076192823697,A,A
415,415,830,830,-415,-415,1,1,0.1510335944550495,0.1510335944550495,A,A
416,416,832,832,-416,-416,1,1,0.19134176523410384,0.19134176523410384,A,A
417,417,834,834,-417,-417,1,1,0.015830959287115864,0.015830959287115864,A,A
418,418,836,836,-418,-418,1,1,0.5160840645388153,0.5160840645388153,A,A
419,419,838,838,-419,-419,1,1,0.8935105878976581,0.8935105878976581,A,A
420,420,840,840,-420,-420,1,1,0.8926467181724509,0.8926467181724509,A,A
421,421,842,842,-421,-421,1,1,0.6095579242053977,0.6095579242053977,A,A
422,422,844,844,-422,-422,1,1,0.1357753233811827,0.1357753233811827,A,A
423,423,846,846,-423,-423,1,1,0.3568304947103562,0.3568304947103562,A,A
425,425,850,850,-425,-425,1,1,0.4573711429136279,0.4573711429136279,A,A
427,427,854,854,-427,-427,1,1,0.8023384327783769,0.8023384327783769,A,A
428,428,856,856,-428,-428,1,1,0.7422407194359771,0.7422407194359771,A,A
429,429,858,858,-429,-429,1,1,0.9039271533462222,0.9039271533462222,A,A
431,431,862,862,-431,-431,1,1,0.0285777127426331,0.0285777127426331,A,A
432,432,864,864,-432,-432,1,1,0.11554725729231019,0.11554725729231019,A,A
433,433,866,866,-433,-433,1,1,0.6607665885438345,0.6607665885438345,A,A
435,435,870,870,-435,-435,1,1,0.07885615119372491,0.07885615119372491,A,A
436,436,872,872,-436,-436,1,1,0.19355937662313982,0.19355937662313982,A,A
439,439,878,878,-439,-439,1,1,0.8139748261891445,0.8139748261891445,A,A
442,442,884,884,-442,-442,1,1,0.7468416734915838,0.7468416734915838,A,A
443,443,886,886,-443,-443,1,1,0.011213826211185829,0.011213826211185829,A,A
444,444,888,888,-444,-444,1,1,0.8771421069175928,0.8771421069175928,A,A
445,445,890,890,-445,-445,1,1,0.16553209266029612,0.16553209266029612,A,A
448,448,896,896,-448,-448,1,1,0.8545712826453361,0.8545712826453361,A,A
449,449,898,898,-449,-449,1,1,0.9919360708819087,0.9919360708819087,A,A
450,450,900,900,-450,-450,1,1,0.613484289687388,0.613484289687388,A,A
452,452,904,904,-452,-452,1,1,0.2645931543956688,0.2645931543956688,A,A
454,454,908,908,-454,-454,1,1,0.6221425257384188,0.6221425257384188,A,A
455,455,910,910,-455,-455,1,1,0.524057339417817,0.524057339417817,A,A
457,457,914,914,-457,-457,1,1,0.4435696729536609,0.4435696729536609,A,A
458,458,916,916,-458,-458,1,1,0.9385814186942678,0.9385814186942678,A,A
459,459,918,918,-459,-459,1,1,0.2558792874563377,0.2558792874563377,A,A
460,460,920,920,-460,-460,1,1,0.6193920700848753,0.6193920700848753,A,A
462,462,924,924,-462,-462,1,1,0.8982475272058454,0.8982475272058454,A,A
465,465,930,930,-465,-465,1,1,0.028105596965441237,0.028105596965441237,A,A
466,466,932,932,-466,-466,1,1,0.6482595918863554,0.6482595918863554,A,A
469,469,938,938,-469,-469,1,1,0.071758304749728,0.071758304749728,A,A
470,470,940,940,-470,-470,1,1,0.7328422963608654,0.7328422963608654,A,A
472,472,944,944,-472,-472,1,1,0.27669086109609176,0.27669086109609176,A,A
473,473,946,946,-473,-473,1,1,0.10539986396913215,0.10539986396913215,A,A
475,475,950,950,-475,-475,1,1,0.6847068281943581,0.6847068281943581,A,A
476,476,952,952,-476,-476,1,1,0.8124559134059888,0.8124559134059888,A,A
478,478,956,956,-478,-478,1,1,0.9511484217042864,0.9511484217042864,A,A
479,479,958,958,-479,-479,1,1,0.960533741064849,0.960533741064849,A,A
480,480,960,960,-480,-480,1,1,0.9720570592245786,0.9720570592245786,A,A
481,481,962,962,-481,-481,1,1,0.241020076185557,0.241020076185557,A,A
486,486,972,972,-486,-486,1,1,0.22350250236830127,0.22350250236830127,A,A
488,488,976,976,-488,-488,1,1,0.855907253780605,0.855907253780605,A,A
489,489,978,978,-489,-489,1,1,0.9828784247860829,0.9828784247860829,A,A
490,490,980,980,-490,-490,1,1,0.4524421438870657,0.4524421438870657,A,A
491,491,982,982,-491,-491,1,1,0.19987897527249054,0.19987897527249054,A,A
492,492,984,984,-492,-492,1,1,0.9798901122181655,0.9798901122181655,A,A
493,493,986,986,-493,-493,1,1,0.24272755280271407,0.24272755280271407,A,A
495,495,990,990,-495,-495,1,1,0.18593211111710395,0.18593211111710395,A,A
496,496,992,992,-496,-496,1,1,0.5489579297183476,0.5489579297183476,A,A
497,497,994,994,-497,-497,1,1,0.9956123811011043,0.9956123811011043,A,A
499,499,998,998,-499,-499,1,1,0.709657288067681,0.709657288067681,A,A
501,501,1002,1002,-501,-501,1,1,0.008095952893473202,0.008095952893473202,A,A
502,502,1004,1004,-502,-502,1,1,0.29655900821439407,0.29655900821439407,A,A
503,503,1006,1006,-503,-503,1,1,0.5054735335153961,0.5054735335153961,A,A
504,504,1008,1008,-504,-504,1,1,0.051977204655907494,0.051977204655907494,A,A
505,505,1010,1010,-505,-505,1,1,0.6339046777063261,0.6339046777063261,A,A
507,507,1014,1014,-507,-507,1,1,0.6693425869591054,0.6693425869591054,A,A
508,508,1016,1016,-508,-508,1,1,0.7110889091416233,0.7110889091416233,A,A
509,509,1018,1018,-509,-509,1,1,0.5394311604711849,0.5394311604711849,A,A
510,510,1020,1020,-510,-510,1,1,0.32860455003945144,0.32860455003945144,A,A
511,511,1022,1022,-511,-511,1,1,0.5523750731432158,0.5523750731432158,A,A
512,512,1024,1024,-512,-512,1,1,0.7680006759335415,0.7680006759335415,A,A
513,513,1026,1026,-513,-513,1,1,0.9480733674454882,0.9480733674454882,A,A
514,514,1028,1028,-514,-514,1,1,0.031270669334285794,0.031270669334285794,A,A
516,516,1032,1032,-516,-516,1,1,0.010429720630433681,0.010429720630433681,A,A
517,517,1034,1034,-517,-517,1,1,0.40755615390630384,0.40755615390630384,A,A
518,518,1036,1036,-518,-518,1,1,0.378640965774405,0.378640965774405,A,A
521,521,1042,1042,-521,-521,1,1,0.6213498404870395,0.6213498404870395,A,A
522,522,1044,1044,-522,-522,1,1,0.8416709596651393,0.8416709596651393,A,A
523,523,1046,1046,-523,-523,1,1,0.6065352846423194,0.6065352846423194,A,A
524,524,1048,1048,-524,-524,1,1,0.8430565278567776,0.8430565278567776,A,A
527,527,1054,1054,-527,-527,1,1,0.3070671375220516,0.3070671375220516,A,A
528,528,1056,1056,-528,-528,1,1,0.01690169414250353,0.01690169414250353,A,A
529,529,1058,1058,-529,-529,1,1,0.9243782878880562,0.9243782878880562,A,A
530,530,1060,1060,-530,-530,1,1,0.388687119762827,0.388687119762827,A,A
531,531,1062,1062,-531,-531,1,1,0.38552884651248776,0.38552884651248776,A,A
532,532,1064,1064,-532,-532,1,1,0.4030460824430335,0.4030460824430335,A,A
533,533,1066,1066,-533,-533,1,1,0.9095073650168248,0.9095073650168248,A,A
534,534,1068,1068,-534,-534,1,1,0.7766213015467323,0.7766213015467323,A,A
535,535,1070,1070,-535,-535,1,1,0.5430948858830603,0.5430948858830603,A,A
537,537,1074,1074,-537,-537,1,1,0.7589780809734842,0.7589780809734842,A,A
538,538,1076,1076,-538,-538,1,1,0.6824348632955007,0.6824348632955007,A,A
540,540,1080,1080,-540,-540,1,1,0.24615360928557983,0.24615360928557983,A,A
541,541,1082,1082,-541,-541,1,1,0.03421369747175229,0.03421369747175229,A,A
545,545,1090,1090,-545,-545,1,1,0.7549392428288066,0.7549392428288066,A,A
549,549,1098,1098,-549,-549,1,1,0.4646191061091077,0.4646191061091077,A,A
550,550,1100,1100,-550,-550,1,1,0.06244870953541437,0.06244870953541437,A,A
551,551,1102,1102,-551,-551,1,1,0.7857646788971084,0.7857646788971084,A,A
552,552,1104,1104,-552,-552,1,1,0.43941926239122864,0.43941926239122864,A,A
553,553,1106,1106,-553,-553,1,1,0.5193344449086623,0.5193344449086623,A,A
554,554,1108,1108,-554,-554,1,1,0.5616000545969858,0.5616000545969858,A,A
555,555,1110,1110,-555,-555,1,1,0.6981863847047408,0.6981863847047408,A,A
557,557,1114,1114,-557,-557,1,1,0.1676952954234192,0.1676952954234192,A,A
558,558,1116,1116,-558,-558,1,1,0.9461759354701985,0.9461759354701985,A,A
560,560,1120,1120,-560,-560,1,1,0.33568358712185853,0.33568358712185853,A,A
561,561,1122,1122,-561,-561,1,1,0.6061511223237007,0.6061511223237007,A,A
562,562,1124,1124,-562,-562,1,1,0.7629483525558428,0.7629483525558428,A,A
564,564,1128,1128,-564,-564,1,1,0.5862903295641854,0.5862903295641854,A,A
565,565,1130,1130,-565,-565,1,1,0.07253693602230771,0.07253693602230771,A,A
567,567,1134,1134,-567,-567,1,1,0.8668518325875372,0.8668518325875372,A,A
568,568,1136,1136,-568,-568,1,1,0.9253761365789154,0.9253761365789154,A,A
569,569,1138,1138,-569,-569,1,1,0.22893239721325354,0.22893239721325354,A,A
570,570,1140,1140,-570,-570,1,1,0.4678907357203753,0.4678907357203753,A,A
571,571,1142,1142,-571,-571,1,1,0.6403807329887687,0.6403807329887687,A,A
572,572,1144,1144,-572,-572,1,1,0.24228837301213946,0.24228837301213946,A,A
573,573,1146,1146,-573,-573,1,1,0.5695389064529643,0.5695389064529643,A,A
575,575,1150,1150,-575,-575,1,1,0.6845573081940208,0.6845573081940208,A,A
576,576,1152,1152,-576,-576,1,1,0.627806827303102,0.627806827303102,A,A
577,577,1154,1154,-577,-577,1,1,0.5776696521007381,0.5776696521007381,A,A
578,578,1156,1156,-578,-578,1,1,0.2546675248991356,0.2546675248991356,A,A
579,579,1158,1158,-579,-579,1,1,0.2694247950839397,0.2694247950839397,A,A
580,580,1160,1160,-580,-580,1,1,0.33581158310604886,0.33581158310604886,A,A
581,581,1162,1162,-581,-581,1,1,0.20447145482616524,0.20447145482616524,A,A
582,582,1164,1164,-582,-582,1,1,0.18793602958436106,0.18793602958436106,A,A
583,583,1166,1166,-583,-583,1,1,0.5899042791121274,0.5899042791121274,A,A
586,586,1172,1172,-586,-586,1,1,0.011727188251716036,0.011727188251716036,A,A
588,588,1176,1176,-588,-588,1,1,0.9404641288373157,0.9404641288373157,A,A
591,591,1182,1182,-591,-591,1,1,0.3565617666958173,0.3565617666958173,A,A
592,592,1184,1184,-592,-592,1,1,0.31288722673486835,0.31288722673486835,A,A
593,593,1186,1186,-593,-593,1,1,0.7677707527733608,0.7677707527733608,A,A
595,595,1190,1190,-595,-595,1,1,0.5734163456682363,0.5734163456682363,A,A
596,596,1192,1192,-596,-596,1,1,0.49660980040046465,0.49660980040046465,A,A
597,597,1194,1194,-597,-597,1,1,0.8023289826484845,0.8023289826484845,A,A
598,598,1196,1196,-598,-598,1,1,0.3025127166182384,0.3025127166182384,A,A
599,599,1198,1198,-599,-599,1,1,0.8506170879066964,0.8506170879066964,A,A
601,601,1202,1202,-601,-601,1,1,0.9187058425483323,0.9187058425483323,A,A
603,603,1206,1206,-603,-603,1,1,0.927665133367048,0.927665133367048,A,A
604,604,1208,1208,-604,-604,1,1,0.2224684677306964,0.2224684677306964,A,A
605,605,1210,1210,-605,-605,1,1,0.6410010034094711,0.6410010034094711,A,A
607,607,1214,1214,-607,-607,1,1,0.5000922447145647,0.5000922447145647,A,A
609,609,1218,1218,-609,-609,1,1,0.8611186040304938,0.8611186040304938,A,A
610,610,1220,1220,-610,-610,1,1,0.9915343704183173,0.9915343704183173,A,A
612,612,1224,1224,-612,-612,1,1,0.681093863690057,0.681093863690057,A,A
613,613,1226,1226,-613,-613,1,1,0.8485445252982992,0.8485445252982992,A,A
615,615,1230,1230,-615,-615,1,1,0.5151623034358629,0.5151623034358629,A,A
616,616,1232,1232,-616,-616,1,1,0.1362795028157212,0.1362795028157212,A,A
617,617,1234,1234,-617,-617,1,1,0.8856252638576148,0.8856252638576148,A,A
618,618,1236,1236,-618,-618,1,1,0.17448812571603645,0.17448812571603645,A,A
622,622,1244,1244,-622,-622,1,1,0.12972811620400082,0.12972811620400082,A,A
623,623,1246,1246,-623,-623,1,1,0.8676760944635913,0.8676760944635913,A,A
625,625,1250,1250,-625,-625,1,1,0.24300007275827273,0.24300007275827273,A,A
627,627,1254,1254,-627,-627,1,1,0.006317615437732127,0.006317615437732127,A,A
628,628,1256,1256,-628,-628,1,1,0.7980093462108347,0.7980093462108347,A,A
629,629,1258,1258,-629,-629,1,1,0.22407775381829875,0.22407775381829875,A,A
630,630,1260,1260,-630,-630,1,1,0.9921522675014246,0.9921522675014246,A,A
631,631,1262,1262,-631,-631,1,1,0.9054943125595684,0.9054943125595684,A,A
632,632,1264,1264,-632,-632,1,1,0.5500975207074699,0.5500975207074699,A,A
635,635,1270,1270,-635,-635,1,1,0.7792805579771065,0.7792805579771065,A,A
636,636,1272,1272,-636,-636,1,1,0.22565034474374557,0.22565034474374557,A,A
637,637,1274,1274,-637,-637,1,1,0.8293338501105663,0.8293338501105663,A,A
639,639,1278,1278,-639,-639,1,1,0.1350305185271532,0.1350305185271532,A,A
640,640,1280,1280,-640,-640,1,1,0.46741352471366104,0.46741352471366104,A,A
641,641,1282,1282,-641,-641,1,1,0.9049185303842187,0.9049185303842187,A,A
645,645,1290,1290,-645,-645,1,1,0.12144499279639653,0.12144499279639653,A,A
646,646,1292,1292,-646,-646,1,1,0.9555890936275458,0.9555890936275458,A,A
648,648,1296,1296,-648,-648,1,1,0.7058123805056301,0.7058123805056301,A,A
649,649,1298,1298,-649,-649,1,1,0.8906589110017419,0.8906589110017419,A,A
650,650,1300,1300,-650,-650,1,1,0.6231151408450681,0.6231151408450681,A,A
651,651,1302,1302,-651,-651,1,1,0.7331892193107108,0.7331892193107108,A,A
652,652,1304,1304,-652,-652,1,1,0.7734024428218712,0.7734024428218712,A,A
654,654,1308,1308,-654,-654,1,1,0.7936983181787934,0.7936983181787934,A,A
656,656,1312,1312,-656,-656,1,1,0.9988212228723657,0.9988212228723657,A,A
657,657,1314,1314,-657,-657,1,1,0.5513770005373666,0.5513770005373666,A,A
662,662,1324,1324,-662,-662,1,1,0.66874914251556,0.66874914251556,A,A
663,663,1326,1326,-663,-663,1,1,0.9902074373688248,0.9902074373688248,A,A
668,668,1336,1336,-668,-668,1,1,0.06641590040618794,0.06641590040618794,A,A
672,672,1344,1344,-672,-672,1,1,0.2651723587410757,0.2651723587410757,A,A
675,675,1350,1350,-675,-675,1,1,0.38395834220117364,0.38395834220117364,A,A
676,676,1352,1352,-676,-676,1,1,0.14634619236217272,0.14634619236217272,A,A
677,677,1354,1354,-677,-677,1,1,0.4965416277651339,0.4965416277651339,A,A
678,678,1356,1356,-678,-678,1,1,0.6555336086041441,0.6555336086041441,A,A
680,680,1360,1360,-680,-680,1,1,0.43648845143080095,0.43648845143080095,A,A
681,681,1362,1362,-681,-681,1,1,0.05410169253400976,0.05410169253400976,A,A
682,682,1364,1364,-682,-682,1,1,0.13476252247320408,0.13476252247320408,A,A
684,684,1368,1368,-684,-684,1,1,0.23179777601739093,0.23179777601739093,A,A
685,685,1370,1370,-685,-685,1,1,0.3876858380454672,0.3876858380454672,A,A
687,687,1374,1374,-687,-687,1,1,0.20844305239538052,0.20844305239538052,A,A
689,689,1378,1378,-689,-689,1,1,0.7423564919672324,0.7423564919672324,A,A
690,690,1380,1380,-690,-690,1,1,0.6122112262734538,0.6122112262734538,A,A
691,691,1382,1382,-691,-691,1,1,0.8368858745871639,0.8368858745871639,A,A
692,692,1384,1384,-692,-692,1,1,0.40458041902603337,0.40458041902603337,A,A
693,693,1386,1386,-693,-693,1,1,0.2590963573200895,0.2590963573200895,A,A
694,694,1388,1388,-694,-694,1,1,0.45302971873435205,0.45302971873435205,A,A
699,699,1398,1398,-699,-699,1,1,0.6055053618136658,0.6055053618136658,A,A
700,700,1400,1400,-700,-700,1,1,0.6805106830174183,0.6805106830174183,A,A
703,703,1406,1406,-703,-703,1,1,0.5555338376351479,0.5555338376351479,A,A
704,704,1408,1408,-704,-704,1,1,0.36290052239611936,0.36290052239611936,A,A
706,706,1412,1412,-706,-706,1,1,0.9110409070859408,0.9110409070859408,A,A
707,707,1414,1414,-707,-707,1,1,0.38350835679299977,0.38350835679299977,A,A
708,708,1416,1416,-708,-708,1,1,0.19838573753808386,0.19838573753808386,A,A
709,709,1418,1418,-709,-709,1,1,0.10780379586293687,0.10780379586293687,A,A
710,710,1420,1420,-710,-710,1,1,0.2782318889267589,0.2782318889267589,A,A
713,713,1426,1426,-713,-713,1,1,0.9981740863958145,0.9981740863958145,A,A
714,714,1428,1428,-714,-714,1,1,0.22769140891331208,0.22769140891331208,A,A
715,715,1430,1430,-715,-715,1,1,0.9878724817000752,0.9878724817000752,A,A
716,716,1432,1432,-716,-716,1,1,0.02425123700395493,0.02425123700395493,A,A
717,717,1434,1434,-717,-717,1,1,0.943121222959905,0.943121222959905,A,A
718,718,1436,1436,-718,-718,1,1,0.041986887662902816,0.041986887662902816,A,A
719,719,1438,1438,-719,-719,1,1,0.9949870074937631,0.9949870074937631,A,A
721,721,1442,1442,-721,-721,1,1,0.8162268434335068,0.8162268434335068,A,A
724,724,1448,1448,-724,-724,1,1,0.9564181342084374,0.9564181342084374,A,A
726,726,1452,1452,-726,-726,1,1,0.7806629998766323,0.7806629998766323,A,A
727,727,1454,1454,-727,-727,1,1,0.6627302429828719,0.6627302429828719,A,A
728,728,1456,1456,-728,-728,1,1,0.9454753740183337,0.9454753740183337,A,A
731,731,1462,1462,-731,-731,1,1,0.5599816587879375,0.5599816587879375,A,A
732,732,1464,1464,-732,-732,1,1,0.42124501559760164,0.42124501559760164,A,A
734,734,1468,1468,-734,-734,1,1,0.12172059383563272,0.12172059383563272,A,A
735,735,1470,1470,-735,-735,1,1,0.15711928674634346,0.15711928674634346,A,A
736,736,1472,1472,-736,-736,1,1,0.019126785246348144,0.019126785246348144,A,A
737,737,1474,1474,-737,-737,1,1,0.7000198170732937,0.7000198170732937,A,A
738,738,1476,1476,-738,-738,1,1,0.6092942154578342,0.6092942154578342,A,A
740,740,1480,1480,-740,-740,1,1,0.48528547138936995,0.48528547138936995,A,A
741,741,1482,1482,-741,-741,1,1,0.30830943147425816,0.30830943147425816,A,A
742,742,1484,1484,-742,-742,1,1,0.6247118373337255,0.6247118373337255,A,A
744,744,1488,1488,-744,-744,1,1,0.554558983727686,0.554558983727686,A,A
745,745,1490,1490,-745,-745,1,1,0.19923386245997132,0.19923386245997132,A,A
746,746,1492,1492,-746,-746,1,1,0.9062218364247696,0.9062218364247696,A,A
747,747,1494,1494,-747,-747,1,1,0.06795924358910654,0.06795924358910654,A,A
749,749,1498,1498,-749,-749,1,1,0.47474023815515265,0.47474023815515265,A,A
750,750,1500,1500,-750,-750,1,1,0.07286248179423582,0.07286248179423582,A,A
751,751,1502,1502,-751,-751,1,1,0.8037678051674486,0.8037678051674486,A,A
752,752,1504,1504,-752,-752,1,1,0.14021609646320676,0.14021609646320676,A,A
754,754,1508,1508,-754,-754,1,1,0.6974975403119164,0.6974975403119164,A,A
755,755,1510,1510,-755,-755,1,1,0.9920148106172819,0.9920148106172819,A,A
756,756,1512,1512,-756,-756,1,1,0.2731784398232857,0.2731784398232857,A,A
757,757,1514,1514,-757,-757,1,1,0.34972773090304676,0.34972773090304676,A,A
760,760,1520,1520,-760,-760,1,1,0.6036667850596027,0.6036667850596027,A,A
762,762,1524,1524,-762,-762,1,1,0.1441614433733811,0.1441614433733811,A,A
764,764,1528,1528,-764,-764,1,1,0.8110424795325841,0.8110424795325841,A,A
767,767,1534,1534,-767,-767,1,1,0.506898598834889,0.506898598834889,A,A
770,770,1540,1540,-770,-770,1,1,0.6279164761766054,0.6279164761766054,A,A
771,771,1542,1542,-771,-771,1,1,0.6840032254796687,0.6840032254796687,A,A
772,772,1544,1544,-772,-772,1,1,0.1642958470131023,0.1642958470131023,A,A
773,773,1546,1546,-773,-773,1,1,0.7440455631670795,0.7440455631670795,A,A
774,774,1548,1548,-774,-774,1,1,0.870849345601252,0.870849345601252,A,A
776,776,1552,1552,-776,-776,1,1,0.4816929424722688,0.4816929424722688,A,A
779,779,1558,1558,-779,-779,1,1,0.792784471842919,0.792784471842919,A,A
780,780,1560,1560,-780,-780,1,1,0.975599676325745,0.975599676325745,A,A
781,781,1562,1562,-781,-781,1,1,0.31542576522939514,0.31542576522939514,A,A
785,785,1570,1570,-785,-785,1,1,0.29725573304187003,0.29725573304187003,A,A
786,786,1572,1572,-786,-786,1,1,0.6278316666035619,0.6278316666035619,A,A
787,787,1574,1574,-787,-787,1,1,0.9879835252425145,0.9879835252425145,A,A
790,790,1580,1580,-790,-790,1,1,0.7983384974668297,0.7983384974668297,A,A
792,792,1584,1584,-792,-792,1,1,0.6975715628489247,0.6975715628489247,A,A
793,793,1586,1586,-793,-793,1,1,0.2519203459392232,0.2519203459392232,A,A
794,794,1588,1588,-794,-794,1,1,0.1850306929604738,0.1850306929604738,A,A
795,795,1590,1590,-795,-795,1,1,0.2919111999090206,0.2919111999090206,A,A
797,797,1594,1594,-797,-797,1,1,0.7540982518448553,0.7540982518448553,A,A
798,798,1596,1596,-798,-798,1,1,0.43472811101822295,0.43472811101822295,A,A
799,799,1598,1598,-799,-799,1,1,0.8941479315356667,0.8941479315356667,A,A
800,800,1600,1600,-800,-800,1,1,0.23731053656601475,0.23731053656601475,A,A
801,801,1602,1602,-801,-801,1,1,0.021820379775653875,0.021820379775653875,A,A
802,802,1604,1604,-802,-802,1,1,0.4842465817146837,0.4842465817146837,A,A
806,806,1612,1612,-806,-806,1,1,0.9835054595892729,0.9835054595892729,A,A
807,807,1614,1614,-807,-807,1,1,0.8090657450806477,0.8090657450806477,A,A
808,808,1616,1616,-808,-808,1,1,0.891059588769599,0.891059588769599,A,A
809,809,1618,1618,-809,-809,1,1,0.11225932833144037,0.11225932833144037,A,A
810,810,1620,1620,-810,-810,1,1,0.69452446019792,0.69452446019792,A,A
811,811,1622,1622,-811,-811,1,1,0.9553079876737477,0.9553079876737477,A,A
812,812,1624,1624,-812,-812,1,1,0.6162142565274665,0.6162142565274665,A,A
813,813,1626,1626,-813,-813,1,1,0.0045419781482261,0.0045419781482261,A,A
814,814,1628,1628,-814,-814,1,1,0.4890115073318104,0.4890115073318104,A,A
815,815,1630,1630,-815,-815,1,1,0.9108558987467762,0.9108558987467762,A,A
816,816,1632,1632,-816,-816,1,1,0.5613004034597666,0.5613004034597666,A,A
818,818,1636,1636,-818,-818,1,1,0.8481575606584522,0.8481575606584522,A,A
819,819,1638,1638,-819,-819,1,1,0.9224031991296553,0.9224031991296553,A,A
820,820,1640,1640,-820,-820,1,1,0.7751044383286666,0.7751044383286666,A,A
822,822,1644,1644,-822,-822,1,1,0.8895495649194518,0.8895495649194518,A,A
823,823,1646,1646,-823,-823,1,1,0.4082299572282897,0.4082299572282897,A,A
825,825,1650,1650,-825,-825,1,1,0.6730509411578147,0.6730509411578147,A,A
826,826,1652,1652,-826,-826,1,1,0.9804405694975059,0.9804405694975059,A,A
829,829,1658,1658,-829,-829,1,1,0.589710629078964,0.589710629078964,A,A
830,830,1660,1660,-830,-830,1,1,0.44783750561500657,0.44783750561500657,A,A
831,831,1662,1662,-831,-831,1,1,0.3116217376171472,0.3116217376171472,A,A
832,832,1664,1664,-832,-832,1,1,0.6047511073397281,0.6047511073397281,A,A
833,833,1666,1666,-833,-833,1,1,0.35249820730896575,0.35249820730896575,A,A
835,835,1670,1670,-835,-835,1,1,0.42080107219903984,0.42080107219903984,A,A
836,836,1672,1672,-836,-836,1,1,0.4962622141315576,0.4962622141315576,A,A
837,837,1674,1674,-837,-837,1,1,0.30626558629802514,0.30626558629802514,A,A
838,838,1676,1676,-838,-838,1,1,0.7366561420163926,0.7366561420163926,A,A
839,839,1678,1678,-839,-839,1,1,0.8830842381310561,0.8830842381310561,A,A
842,842,1684,1684,-842,-842,1,1,0.515655004118135,0.515655004118135,A,A
844,844,1688,1688,-844,-844,1,1,0.4839835498305505,0.4839835498305505,A,A
845,845,1690,1690,-845,-845,1,1,0.6251561417053684,0.6251561417053684,A,A
846,846,1692,1692,-846,-846,1,1,0.5419196506544447,0.5419196506544447,A,A
847,847,1694,1694,-847,-847,1,1,0.2530334703449042,0.2530334703449042,A,A
848,848,1696,1696,-848,-848,1,1,0.4747873024809086,0.4747873024809086,A,A
849,849,1698,1698,-849,-849,1,1,0.899753173474519,0.899753173474519,A,A
850,850,1700,1700,-850,-850,1,1,0.09829317805251536,0.09829317805251536,A,A
851,851,1702,1702,-851,-851,1,1,0.3615730057182167,0.3615730057182167,A,A
853,853,1706,1706,-853,-853,1,1,0.7234881059335284,0.7234881059335284,A,A
854,854,1708,1708,-854,-854,1,1,0.9543500191212577,0.9543500191212577,A,A
855,855,1710,1710,-855,-855,1,1,0.3273911702778277,0.3273911702778277,A,A
856,856,1712,1712,-856,-856,1,1,0.8302569002373754,0.8302569002373754,A,A
857,857,1714,1714,-857,-857,1,1,0.45901681645194015,0.45901681645194015,A,A
858,858,1716,1716,-858,-858,1,1,0.9228757206565679,0.9228757206565679,A,A
859,859,1718,1718,-859,-859,1,1,0.3985929920749466,0.3985929920749466,A,A
860,860,1720,1720,-860,-860,1,1,0.46999070968495604,0.46999070968495604,A,A
861,861,1722,1722,-861,-861,1,1,0.6325070267789542,0.6325070267789542,A,A
862,862,1724,1724,-862,-862,1,1,0.7201438750376111,0.7201438750376111,A,A
863,863,1726,1726,-863,-863,1,1,0.9976303583179827,0.9976303583179827,A,A
864,864,1728,1728,-864,-864,1,1,0.3669920392127882,0.3669920392127882,A,A
866,866,1732,1732,-866,-866,1,1,0.6642562551390676,0.6642562551390676,A,A
867,867,1734,1734,-867,-867,1,1,0.2808357465854979,0.2808357465854979,A,A
868,868,1736,1736,-868,-868,1,1,0.5640562523659252,0.5640562523659252,A,A
869,869,1738,1738,-869,-869,1,1,0.276681506247363,0.276681506247363,A,A
870,870,1740,1740,-870,-870,1,1,0.028682787233551554,0.028682787233551554,A,A
871,871,1742,1742,-871,-871,1,1,0.30659269809352485,0.30659269809352485,A,A
873,873,1746,1746,-873,-873,1,1,0.8962016893340029,0.8962016893340029,A,A
876,876,1752,1752,-876,-876,1,1,0.15279464407995547,0.15279464407995547,A,A
877,877,1754,1754,-877,-877,1,1,0.8474687471873011,0.8474687471873011,A,A
878,878,1756,1756,-878,-878,1,1,0.6447461750811035,0.6447461750811035,A,A
879,879,1758,1758,-879,-879,1,1,0.3382523824553393,0.3382523824553393,A,A
880,880,1760,1760,-880,-880,1,1,0.13124062560774896,0.13124062560774896,A,A
886,886,1772,1772,-886,-886,1,1,0.5791685947467001,0.5791685947467001,A,A
890,890,1780,1780,-890,-890,1,1,0.46942801964545156,0.46942801964545156,A,A
892,892,1784,1784,-892,-892,1,1,0.3614058599755613,0.3614058599755613,A,A
893,893,1786,1786,-893,-893,1,1,0.8182950761473841,0.8182950761473841,A,A
894,894,1788,1788,-894,-894,1,1,0.4404847173138473,0.4404847173138473,A,A
899,899,1798,1798,-899,-899,1,1,0.6293487729603586,0.6293487729603586,A,A
900,900,1800,1800,-900,-900,1,1,0.04976780929623925,0.04976780929623925,A,A
901,901,1802,1802,-901,-901,1,1,0.8612229782587724,0.8612229782587724,A,A
902,902,1804,1804,-902,-902,1,1,0.0674633681396648,0.0674633681396648,A,A
903,903,1806,1806,-903,-903,1,1,0.5503809409396445,0.5503809409396445,A,A
904,904,1808,1808,-904,-904,1,1,0.41581301380109537,0.41581301380109537,A,A
905,905,1810,1810,-905,-905,1,1,0.6508817673557747,0.6508817673557747,A,A
906,906,1812,1812,-906,-906,1,1,0.7932614057868852,0.7932614057868852,A,A
908,908,1816,1816,-908,-908,1,1,0.4384479181232711,0.4384479181232711,A,A
909,909,1818,1818,-909,-909,1,1,0.5217429891787067,0.5217429891787067,A,A
910,910,1820,1820,-910,-910,1,1,0.7614729688736364,0.7614729688736364,A,A
911,911,1822,1822,-911,-911,1,1,0.83504151870816,0.83504151870816,A,A
912,912,1824,1824,-912,-912,1,1,0.29938104083065475,0.29938104083065475,A,A
914,914,1828,1828,-914,-914,1,1,0.2344861297166021,0.2344861297166021,A,A
915,915,1830,1830,-915,-915,1,1,0.564876890196634,0.564876890196634,A,A
916,916,1832,1832,-916,-916,1,1,0.41456546637784253,0.41456546637784253,A,A
917,917,1834,1834,-917,-917,1,1,0.36617856936818216,0.36617856936818216,A,A
918,918,1836,1836,-918,-918,1,1,0.422073887453674,0.422073887453674,A,A
920,920,1840,1840,-920,-920,1,1,0.8729717130277516,0.8729717130277516,A,A
921,921,1842,1842,-921,-921,1,1,0.7239643516932773,0.7239643516932773,A,A
922,922,1844,1844,-922,-922,1,1,0.12354064691077538,0.12354064691077538,A,A
923,923,1846,1846,-923,-923,1,1,0.642064821810337,0.642064821810337,A,A
924,924,1848,1848,-924,-924,1,1,0.14282102548157194,0.14282102548157194,A,A
926,926,1852,1852,-926,-926,1,1,0.6041907134673461,0.6041907134673461,A,A
928,928,1856,1856,-928,-928,1,1,0.546897935538139,0.546897935538139,A,A
929,929,1858,1858,-929,-929,1,1,0.4364792402856964,0.4364792402856964,A,A
930,930,1860,1860,-930,-930,1,1,0.021728780172816875,0.021728780172816875,A,A
932,932,1864,1864,-932,-932,1,1,0.9156966288391937,0.9156966288391937,A,A
933,933,1866,1866,-933,-933,1,1,0.8178814060706825,0.8178814060706825,A,A
935,935,1870,1870,-935,-935,1,1,0.4875774036533297,0.4875774036533297,A,A
936,936,1872,1872,-936,-936,1,1,0.9665829110121997,0.9665829110121997,A,A
937,937,1874,1874,-937,-937,1,1,0.7472742435857463,0.7472742435857463,A,A
938,938,1876,1876,-938,-938,1,1,0.4544161175188368,0.4544161175188368,A,A
939,939,1878,1878,-939,-939,1,1,0.12362952400408167,0.12362952400408167,A,A
940,940,1880,1880,-940,-940,1,1,0.5639630308858021,0.5639630308858021,A,A
943,943,1886,1886,-943,-943,1,1,0.5340135928408248,0.5340135928408248,A,A
944,944,1888,1888,-944,-944,1,1,0.4565700030488251,0.4565700030488251,A,A
945,945,1890,1890,-945,-945,1,1,0.38577587571144034,0.38577587571144034,A,A
946,946,1892,1892,-946,-946,1,1,0.16404213951607105,0.16404213951607105,A,A
948,948,1896,1896,-948,-948,1,1,0.7131367723154792,0.7131367723154792,A,A
949,949,1898,1898,-949,-949,1,1,0.19051762564510555,0.19051762564510555,A,A
950,950,1900,1900,-950,-950,1,1,0.47597945014010223,0.47597945014010223,A,A
952,952,1904,1904,-952,-952,1,1,0.1203023579262622,0.1203023579262622,A,A
953,953,1906,1906,-953,-953,1,1,0.6142180568163389,0.6142180568163389,A,A
954,954,1908,1908,-954,-954,1,1,0.7966462126278536,0.7966462126278536,A,A
955,955,1910,1910,-955,-955,1,1,0.0692270483627957,0.0692270483627957,A,A
956,956,1912,1912,-956,-956,1,1,0.5312035604726864,0.5312035604726864,A,A
957,957,1914,1914,-957,-957,1,1,0.9885310763719054,0.9885310763719054,A,A
958,958,1916,1916,-958,-958,1,1,0.5521555603552227,0.5521555603552227,A,A
959,959,1918,1918,-959,-959,1,1,0.0783489898256281,0.0783489898256281,A,A
960,960,1920,1920,-960,-960,1,1,0.5272940058762756,0.5272940058762756,A,A
961,961,1922,1922,-961,-961,1,1,0.7969454978494085,0.7969454978494085,A,A
962,962,1924,1924,-962,-962,1,1,0.46130011417192274,0.46130011417192274,A,A
967,967,1934,1934,-967,-967,1,1,0.005877147655481085,0.005877147655481085,A,A
968,968,1936,1936,-968,-968,1,1,0.30899443222057366,0.30899443222057366,A,A
970,970,1940,1940,-970,-970,1,1,0.30013105208781554,0.30013105208781554,A,A
972,972,1944,1944,-972,-972,1,1,0.16292122941899034,0.16292122941899034,A,A
973,973,1946,1946,-973,-973,1,1,0.4097668801576727,0.4097668801576727,A,A
974,974,1948,1948,-974,-974,1,1,0.7499492757417122,0.7499492757417122,A,A
977,977,1954,1954,-977,-977,1,1,0.9134858354760232,0.9134858354760232,A,A
979,979,1958,1958,-979,-979,1,1,0.6402034320208827,0.6402034320208827,A,A
982,982,1964,1964,-982,-982,1,1,0.2674515239071996,0.2674515239071996,A,A
983,983,1966,1966,-983,-983,1,1,0.18610923194178075,0.18610923194178075,A,A
986,986,1972,1972,-986,-986,1,1,0.5127371723931397,0.5127371723931397,A,A
987,987,1974,1974,-987,-987,1,1,0.5915403055502033,0.5915403055502033,A,A
989,989,1978,1978,-989,-989,1,1,0.8153824195228787,0.8153824195228787,A,A
990,990,1980,1980,-990,-990,1,1,0.8272627020260768,0.8272627020260768,A,A
991,991,1982,1982,-991,-991,1,1,0.12221852679114098,0.12221852679114098,A,A
992,992,1984,1984,-992,-992,1,1,0.4030615402147779,0.4030615402147779,A,A
993,993,1986,1986,-993,-993,1,1,0.12372983546191596,0.12372983546191596,A,A
996,996,1992,1992,-996,-996,1,1,0.4149092955369891,0.4149092955369891,A,A
997,997,1994,1994,-997,-997,1,1,0.23774477864592647,0.23774477864592647,A,A
998,998,1996,1996,-998,-998,1,1,0.5337241721906978,0.5337241721906978,A,A
999,999,1998,1998,-999,-999,1,1,0.3500178126753495,0.3500178126753495,A,A
1000,1000,2000,2000,-1000,-1000,1,1,0.05595237703866818,0.05595237703866818,A,A
1001,1001,2002,2002,-1001,-1001,1,1,0.6722059363666568,0.6722059363666568,A,A
1003,1003,2006,2006,-1003,-1003,1,1,0.43404191668261893,0.43404191668261893,A,A
1005,1005,2010,2010,-1005,-1005,1,1,0.7777856228255329,0.7777856228255329,A,A
1008,1008,2016,2016,-1008,-1008,1,1,0.8081066076710457,0.8081066076710457,A,A
1009,1009,2018,2018,-1009,-1009,1,1,0.20474704635418228,0.20474704635418228,A,A
1011,1011,2022,2022,-1011,-1011,1,1,0.5093658845386109,0.5093658845386109,A,A
1012,1012,2024,2024,-1012,-1012,1,1,0.6027216519534829,0.6027216519534829,A,A
1013,1013,2026,2026,-1013,-1013,1,1,0.5147168279853123,0.5147168279853123,A,A
1015,1015,2030,2030,-1015,-1015,1,1,0.8500763270562166,0.8500763270562166,A,A
1017,1017,2034,2034,-1017,-1017,1,1,0.6963965183268463,0.6963965183268463,A,A
1018,1018,2036,2036,-1018,-1018,1,1,0.3760265682454942,0.3760265682454942,A,A
1020,1020,2040,2040,-1020,-1020,1,1,0.015930543357444926,0.015930543357444926,A,A
1021,1021,2042,2042,-1021,-1021,1,1,0.4883558929512076,0.4883558929512076,A,A
1022,1022,2044,2044,-1022,-1022,1,1,0.6415700795231897,0.6415700795231897,A,A
1023,1023,2046,2046,-1023,-1023,1,1,0.2748816098372824,0.2748816098372824,A,A
1024,1024,2048,2048,-1024,-1024,1,1,0.8885635285956701,0.8885635285956701,A,A
1025,1025,2050,2050,-1025,-1025,1,1,0.7177785713109133,0.7177785713109133,A,A
1026,1026,2052,2052,-1026,-1026,1,1,0.22715313539623072,0.22715313539623072,A,A
1029,1029,2058,2058,-1029,-1029,1,1,0.13401688010987245,0.13401688010987245,A,A
1032,1032,2064,2064,-1032,-1032,1,1,0.47372643210557375,0.47372643210557375,A,A
1033,1033,2066,2066,-1033,-1033,1,1,0.05854875467079479,0.05854875467079479,A,A
1035,1035,2070,2070,-1035,-1035,1,1,0.12311198932294798,0.12311198932294798,A,A
1040,1040,2080,2080,-1040,-1040,1,1,0.7319268458651971,0.7319268458651971,A,A
1041,1041,2082,2082,-1041,-1041,1,1,0.9087738141625219,0.9087738141625219,A,A
1042,1042,2084,2084,-1042,-1042,1,1,0.048780896041494604,0.048780896041494604,A,A
1045,1045,2090,2090,-1045,-1045,1,1,0.3986427266195225,0.3986427266195225,A,A
1046,1046,2092,2092,-1046,-1046,1,1,0.7624599288976677,0.7624599288976677,A,A
1047,1047,2094,2094,-1047,-1047,1,1,0.00789985987679842,0.00789985987679842,A,A
1048,1048,2096,2096,-1048,-1048,1,1,0.7088902060735934,0.7088902060735934,A,A
1049,1049,2098,2098,-1049,-1049,1,1,0.35996720682176053,0.35996720682176053,A,A
1050,1050,2100,2100,-1050,-1050,1,1,0.5508252143407862,0.5508252143407862,A,A
1051,1051,2102,2102,-1051,-1051,1,1,0.9608128724981269,0.9608128724981269,A,A
1053,1053,2106,2106,-1053,-1053,1,1,0.6146200622537552,0.6146200622537552,A,A
1054,1054,2108,2108,-1054,-1054,1,1,0.9736062267777233,0.9736062267777233,A,A
1055,1055,2110,2110,-1055,-1055,1,1,0.14867575028260438,0.14867575028260438,A,A
1056,1056,2112,2112,-1056,-1056,1,1,0.4353844515940394,0.4353844515940394,A,A
1057,1057,2114,2114,-1057,-1057,1,1,0.6324690301173359,0.6324690301173359,A,A
1058,1058,2116,2116,-1058,-1058,1,1,0.6380187850288399,0.6380187850288399,A,A
1059,1059,2118,2118,-1059,-1059,1,1,0.962164989416431,0.962164989416431,A,A
1061,1061,2122,2122,-1061,-1061,1,1,0.8183852183532495,0.8183852183532495,A,A
1064,1064,2128,2128,-1064,-1064,1,1,0.9563349997489266,0.9563349997489266,A,A
1065,1065,2130,2130,-1065,-1065,1,1,0.6977139168183455,0.6977139168183455,A,A
1066,1066,2132,2132,-1066,-1066,1,1,0.6608069390893418,0.6608069390893418,A,A
1067,1067,2134,2134,-1067,-1067,1,1,0.8527694037464577,0.8527694037464577,A,A
1068,1068,2136,2136,-1068,-1068,1,1,0.4872811498246781,0.4872811498246781,A,A
1071,1071,2142,2142,-1071,-1071,1,1,0.3058564960254212,0.3058564960254212,A,A
1072,1072,2144,2144,-1072,-1072,1,1,0.3938552979763308,0.3938552979763308,A,A
1073,1073,2146,2146,-1073,-1073,1,1,0.7765499336920019,0.7765499336920019,A,A
1074,1074,2148,2148,-1074,-1074,1,1,0.9185351892415475,0.9185351892415475,A,A
1077,1077,2154,2154,-1077,-1077,1,1,0.13751741990454547,0.13751741990454547,A,A
1078,1078,2156,2156,-1078,-1078,1,1,0.005122465503785034,0.005122465503785034,A,A
1080,1080,2160,2160,-1080,-1080,1,1,0.49285642340048663,0.49285642340048663,A,A
1081,1081,2162,2162,-1081,-1081,1,1,0.7470009389103169,0.7470009389103169,A,A
1082,1082,2164,2164,-1082,-1082,1,1,0.9624221607145077,0.9624221607145077,A,A
1083,1083,2166,2166,-1083,-1083,1,1,0.9396005944948667,0.9396005944948667,A,A
1085,1085,2170,2170,-1085,-1085,1,1,0.6397735496049968,0.6397735496049968,A,A
1086,1086,2172,2172,-1086,-1086,1,1,0.1342512135998507,0.1342512135998507,A,A
1087,1087,2174,2174,-1087,-1087,1,1,0.2153122474781507,0.2153122474781507,A,A
1088,1088,2176,2176,-1088,-1088,1,1,0.9237498534583223,0.9237498534583223,A,A
1089,1089,2178,2178,-1089,-1089,1,1,0.4350883394449345,0.4350883394449345,A,A
1090,1090,2180,2180,-1090,-1090,1,1,0.6488593729214684,0.6488593729214684,A,A
1091,1091,2182,2182,-1091,-1091,1,1,0.22955914569800395,0.22955914569800395,A,A
1092,1092,2184,2184,-1092,-1092,1,1,0.9995116105655381,0.9995116105655381,A,A
1094,1094,2188,2188,-1094,-1094,1,1,0.19455142596944097,0.19455142596944097,A,A
1096,1096,2192,2192,-1096,-1096,1,1,0.2176552711011256,0.2176552711011256,A,A
1098,1098,2196,2196,-1098,-1098,1,1,0.9801263229227307,0.9801263229227307,A,A
1100,1100,2200,2200,-1100,-1100,1,1,0.009094206687141004,0.009094206687141004,A,A
1103,1103,2206,2206,-1103,-1103,1,1,0.3513335550829181,0.3513335550829181,A,A
1105,1105,2210,2210,-1105,-1105,1,1,0.04306386342262436,0.04306386342262436,A,A
1106,1106,2212,2212,-1106,-1106,1,1,0.47994732818119756,0.47994732818119756,A,A
1107,1107,2214,2214,-1107,-1107,1,1,0.8920214527585546,0.8920214527585546,A,A
1108,1108,2216,2216,-1108,-1108,1,1,0.6168569364038682,0.6168569364038682,A,A
1109,1109,2218,2218,-1109,-1109,1,1,0.7586132693663392,0.7586132693663392,A,A
1112,1112,2224,2224,-1112,-1112,1,1,0.8230094754069409,0.8230094754069409,A,A
1114,1114,2228,2228,-1114,-1114,1,1,0.9736684118913578,0.9736684118913578,A,A
1115,1115,2230,2230,-1115,-1115,1,1,0.380614061145108,0.380614061145108,A,A
1116,1116,2232,2232,-1116,-1116,1,1,0.741821877963078,0.741821877963078,A,A
1117,1117,2234,2234,-1117,-1117,1,1,0.7035976698003591,0.7035976698003591,A,A
1119,1119,2238,2238,-1119,-1119,1,1,0.08633761471523549,0.08633761471523549,A,A
1121,1121,2242,2242,-1121,-1121,1,1,0.1228571705112429,0.1228571705112429,A,A
1125,1125,2250,2250,-1125,-1125,1,1,0.6967760132112295,0.6967760132112295,A,A
1126,1126,2252,2252,-1126,-1126,1,1,0.29361456353747384,0.29361456353747384,A,A
1127,1127,2254,2254,-1127,-1127,1,1,0.12657213851342441,0.12657213851342441,A,A
1128,1128,2256,2256,-1128,-1128,1,1,0.40523228083904694,0.40523228083904694,A,A
1130,1130,2260,2260,-1130,-1130,1,1,0.5625884654605949,0.5625884654605949,A,A
1131,1131,2262,2262,-1131,-1131,1,1,0.6855831337143525,0.6855831337143525,A,A
1134,1134,2268,2268,-1134,-1134,1,1,0.1722642545477152,0.1722642545477152,A,A
1136,1136,2272,2272,-1136,-1136,1,1,0.4174269938073323,0.4174269938073323,A,A
1139,1139,2278,2278,-1139,-1139,1,1,0.22468587060604783,0.22468587060604783,A,A
1140,1140,2280,2280,-1140,-1140,1,1,0.17070218441778073,0.17070218441778073,A,A
1141,1141,2282,2282,-1141,-1141,1,1,0.02542036439862938,0.02542036439862938,A,A
1142,1142,2284,2284,-1142,-1142,1,1,0.6416929321061431,0.6416929321061431,A,A
1143,1143,2286,2286,-1143,-1143,1,1,0.8605368186122571,0.8605368186122571,A,A
1144,1144,2288,2288,-1144,-1144,1,1,0.3336297837323732,0.3336297837323732,A,A
1145,1145,2290,2290,-1145,-1145,1,1,0.9447288896797755,0.9447288896797755,A,A
1147,1147,2294,2294,-1147,-1147,1,1,0.5724904445723034,0.5724904445723034,A,A
1148,1148,2296,2296,-1148,-1148,1,1,0.9185207915986839,0.9185207915986839,A,A
1152,1152,2304,2304,-1152,-1152,1,1,0.9794481790793579,0.9794481790793579,A,A
1154,1154,2308,2308,-1154,-1154,1,1,0.2128439475748486,0.2128439475748486,A,A
1155,1155,2310,2310,-1155,-1155,1,1,0.5288701782492147,0.5288701782492147,A,A
1156,1156,2312,2312,-1156,-1156,1,1,0.8221091740806139,0.8221091740806139,A,A
1157,1157,2314,2314,-1157,-1157,1,1,0.07369976116380261,0.07369976116380261,A,A
1158,1158,2316,2316,-1158,-1158,1,1,0.21755742741738526,0.21755742741738526,A,A
1159,1159,2318,2318,-1159,-1159,1,1,0.8538338013340624,0.8538338013340624,A,A
1160,1160,2320,2320,-1160,-1160,1,1,0.8307096584062149,0.8307096584062149,A,A
1161,1161,2322,2322,-1161,-1161,1,1,0.7361793834275767,0.7361793834275767,A,A
1162,1162,2324,2324,-1162,-1162,1,1,0.8157823951175387,0.8157823951175387,A,A
1163,1163,2326,2326,-1163,-1163,1,1,0.06460396527449719,0.06460396527449719,A,A
1164,1164,2328,2328,-1164,-1164,1,1,0.4287337711306999,0.4287337711306999,A,A
1166,1166,2332,2332,-1166,-1166,1,1,0.28186729114241615,0.28186729114241615,A,A
1168,1168,2336,2336,-1168,-1168,1,1,0.27399888234060465,0.27399888234060465,A,A
1169,1169,2338,2338,-1169,-1169,1,1,0.5374690178346578,0.5374690178346578,A,A
1170,1170,2340,2340,-1170,-1170,1,1,0.1247729883163925,0.1247729883163925,A,A
1172,1172,2344,2344,-1172,-1172,1,1,0.5862889741049291,0.5862889741049291,A,A
1173,1173,2346,2346,-1173,-1173,1,1,0.700221218235468,0.700221218235468,A,A
1174,1174,2348,2348,-1174,-1174,1,1,0.22367655654573082,0.22367655654573082,A,A
1175,1175,2350,2350,-1175,-1175,1,1,0.03560230236608575,0.03560230236608575,A,A
1176,1176,2352,2352,-1176,-1176,1,1,0.35523349549226735,0.35523349549226735,A,A
1177,1177,2354,2354,-1177,-1177,1,1,0.30506600549802465,0.30506600549802465,A,A
1178,1178,2356,2356,-1178,-1178,1,1,0.6591426568939027,0.6591426568939027,A,A
1180,1180,2360,2360,-1180,-1180,1,1,0.1546218529084331,0.1546218529084331,A,A
1181,1181,2362,2362,-1181,-1181,1,1,0.4223709595774474,0.4223709595774474,A,A
1182,1182,2364,2364,-1182,-1182,1,1,0.2822348659828121,0.2822348659828121,A,A
1183,1183,2366,2366,-1183,-1183,1,1,0.9839841321275486,0.9839841321275486,A,A
1185,1185,2370,2370,-1185,-1185,1,1,0.37187277996214285,0.37187277996214285,A,A
1187,1187,2374,2374,-1187,-1187,1,1,0.9612575576548273,0.9612575576548273,A,A
1190,1190,2380,2380,-1190,-1190,1,1,0.032523504647130164,0.032523504647130164,A,A
1191,1191,2382,2382,-1191,-1191,1,1,0.08003372295072286,0.08003372295072286,A,A
1193,1193,2386,2386,-1193,-1193,1,1,0.7344545041958663,0.7344545041958663,A,A
1194,1194,2388,2388,-1194,-1194,1,1,0.5784703428778065,0.5784703428778065,A,A
1195,1195,2390,2390,-1195,-1195,1,1,0.32066234043950936,0.32066234043950936,A,A
1196,1196,2392,2392,-1196,-1196,1,1,0.43492772738255114,0.43492772738255114,A,A
1198,1198,2396,2396,-1198,-1198,1,1,0.7696260032058277,0.7696260032058277,A,A
1199,1199,2398,2398,-1199,-1199,1,1,0.5431853791034466,0.5431853791034466,A,A
1203,1203,2406,2406,-1203,-1203,1,1,0.009686901590875818,0.009686901590875818,A,A
1205,1205,2410,2410,-1205,-1205,1,1,0.7010393035239635,0.7010393035239635,A,A
1206,1206,2412,2412,-1206,-1206,1,1,0.9498350713579247,0.9498350713579247,A,A
1208,1208,2416,2416,-1208,-1208,1,1,0.10114342750876004,0.10114342750876004,A,A
1209,1209,2418,2418,-1209,-1209,1,1,0.47956153476679864,0.47956153476679864,A,A
1213,1213,2426,2426,-1213,-1213,1,1,0.2796654079857164,0.2796654079857164,A,A
1214,1214,2428,2428,-1214,-1214,1,1,0.5383432494241026,0.5383432494241026,A,A
1215,1215,2430,2430,-1215,-1215,1,1,0.691907746443297,0.691907746443297,A,A
1216,1216,2432,2432,-1216,-1216,1,1,0.5896122010410051,0.5896122010410051,A,A
1223,1223,2446,2446,-1223,-1223,1,1,0.16551286225466277,0.16551286225466277,A,A
1225,1225,2450,2450,-1225,-1225,1,1,0.2284033451833818,0.2284033451833818,A,A
1226,1226,2452,2452,-1226,-1226,1,1,0.9737393900642545,0.9737393900642545,A,A
1227,1227,2454,2454,-1227,-1227,1,1,0.177357927287761,0.177357927287761,A,A
1228,1228,2456,2456,-1228,-1228,1,1,0.6095285889503745,0.6095285889503745,A,A
1229,1229,2458,2458,-1229,-1229,1,1,0.9611307417080623,0.9611307417080623,A,A
1231,1231,2462,2462,-1231,-1231,1,1,0.12739590786656185,0.12739590786656185,A,A
1232,1232,2464,2464,-1232,-1232,1,1,0.508279864458125,0.508279864458125,A,A
1233,1233,2466,2466,-1233,-1233,1,1,0.44756308527571986,0.44756308527571986,A,A
1235,1235,2470,2470,-1235,-1235,1,1,0.9828929444226199,0.9828929444226199,A,A
1236,1236,2472,2472,-1236,-1236,1,1,0.3423730634890496,0.3423730634890496,A,A
1238,1238,2476,2476,-1238,-1238,1,1,0.09141645808072985,0.09141645808072985,A,A
1239,1239,2478,2478,-1239,-1239,1,1,0.6876167709819963,0.6876167709819963,A,A
1240,1240,2480,2480,-1240,-1240,1,1,0.49462943052891806,0.49462943052891806,A,A
1243,1243,2486,2486,-1243,-1243,1,1,0.48938718943105375,0.48938718943105375,A,A
1244,1244,2488,2488,-1244,-1244,1,1,0.8689447752864571,0.8689447752864571,A,A
1246,1246,2492,2492,-1246,-1246,1,1,0.9063359445217832,0.9063359445217832,A,A
1247,1247,2494,2494,-1247,-1247,1,1,0.0978761474158345,0.0978761474158345,A,A
1248,1248,2496,2496,-1248,-1248,1,1,0.14123113259372477,0.14123113259372477,A,A
1251,1251,2502,2502,-1251,-1251,1,1,0.028145811309584046,0.028145811309584046,A,A
1252,1252,2504,2504,-1252,-1252,1,1,0.10473531520398915,0.10473531520398915,A,A
1253,1253,2506,2506,-1253,-1253,1,1,0.2846277407388115,0.2846277407388115,A,A
1255,1255,2510,2510,-1255,-1255,1,1,0.4687451034673159,0.4687451034673159,A,A
1256,1256,2512,2512,-1256,-1256,1,1,0.005570752742919849,0.005570752742919849,A,A
1258,1258,2516,2516,-1258,-1258,1,1,0.28099652677538467,0.28099652677538467,A,A
1259,1259,2518,2518,-1259,-1259,1,1,0.8481108253281797,0.8481108253281797,A,A
1261,1261,2522,2522,-1261,-1261,1,1,0.4337989566453002,0.4337989566453002,A,A
1264,1264,2528,2528,-1264,-1264,1,1,0.6279389341986169,0.6279389341986169,A,A
1265,1265,2530,2530,-1265,-1265,1,1,0.7938003516561487,0.7938003516561487,A,A
1266,1266,2532,2532,-1266,-1266,1,1,0.4346411583363985,0.4346411583363985,A,A
1268,1268,2536,2536,-1268,-1268,1,1,0.5968227693665424,0.5968227693665424,A,A
1270,1270,2540,2540,-1270,-1270,1,1,0.18918407565850404,0.18918407565850404,A,A
1273,1273,2546,2546,-1273,-1273,1,1,0.4003200885939936,0.4003200885939936,A,A
1274,1274,2548,2548,-1274,-1274,1,1,0.9181876884013258,0.9181876884013258,A,A
1276,1276,2552,2552,-1276,-1276,1,1,0.7300118298021129,0.7300118298021129,A,A
1277,1277,2554,2554,-1277,-1277,1,1,0.7256942828223343,0.7256942828223343,A,A
1280,1280,2560,2560,-1280,-1280,1,1,0.2530028990585915,0.2530028990585915,A,A
1281,1281,2562,2562,-1281,-1281,1,1,0.8105557199831256,0.8105557199831256,A,A
1284,1284,2568,2568,-1284,-1284,1,1,0.8591910598182755,0.8591910598182755,A,A
1285,1285,2570,2570,-1285,-1285,1,1,0.31398551520727425,0.31398551520727425,A,A
1286,1286,2572,2572,-1286,-1286,1,1,0.4070358845493871,0.4070358845493871,A,A
1288,1288,2576,2576,-1288,-1288,1,1,0.9926138518769257,0.9926138518769257,A,A
1289,1289,2578,2578,-1289,-1289,1,1,0.7324016315416108,0.7324016315416108,A,A
1290,1290,2580,2580,-1290,-1290,1,1,0.9370760853201459,0.9370760853201459,A,A
1291,1291,2582,2582,-1291,-1291,1,1,0.49081944089486007,0.49081944089486007,A,A
1292,1292,2584,2584,-1292,-1292,1,1,0.4943381616724388,0.4943381616724388,A,A
1293,1293,2586,2586,-1293,-1293,1,1,0.142606195134084,0.142606195134084,A,A
1295,1295,2590,2590,-1295,-1295,1,1,0.37297027043178854,0.37297027043178854,A,A
1297,1297,2594,2594,-1297,-1297,1,1,0.2006554762020314,0.2006554762020314,A,A
1298,1298,2596,2596,-1298,-1298,1,1,0.6988317599805862,0.6988317599805862,A,A
1299,1299,2598,2598,-1299,-1299,1,1,0.4993750871827658,0.4993750871827658,A,A
1300,1300,2600,2600,-1300,-1300,1,1,0.36254271797548077,0.36254271797548077,A,A
1301,1301,2602,2602,-1301,-1301,1,1,0.5860955821906071,0.5860955821906071,A,A
1304,1304,2608,2608,-1304,-1304,1,1,0.5110818001396434,0.5110818001396434,A,A
1305,1305,2610,2610,-1305,-1305,1,1,0.7605046926476565,0.7605046926476565,A,A
1306,1306,2612,2612,-1306,-1306,1,1,0.2729742870508626,0.2729742870508626,A,A
1307,1307,2614,2614,-1307,-1307,1,1,0.6539252999386705,0.6539252999386705,A,A
1308,1308,2616,2616,-1308,-1308,1,1,0.4016697153978983,0.4016697153978983,A,A
1310,1310,2620,2620,-1310,-1310,1,1,0.8417778058899148,0.8417778058899148,A,A
1311,1311,2622,2622,-1311,-1311,1,1,0.9520749273979783,0.9520749273979783,A,A
1312,1312,2624,2624,-1312,-1312,1,1,0.01792223188337483,0.01792223188337483,A,A
1314,1314,2628,2628,-1314,-1314,1,1,0.9220356505803082,0.9220356505803082,A,A
1315,1315,2630,2630,-1315,-1315,1,1,0.25584186383535634,0.25584186383535634,A,A
1316,1316,2632,2632,-1316,-1316,1,1,0.3929519103380055,0.3929519103380055,A,A
1318,1318,2636,2636,-1318,-1318,1,1,0.4818614655674248,0.4818614655674248,A,A
1320,1320,2640,2640,-1320,-1320,1,1,0.5192282204577059,0.5192282204577059,A,A
1321,1321,2642,2642,-1321,-1321,1,1,0.9917339990784867,0.9917339990784867,A,A
1322,1322,2644,2644,-1322,-1322,1,1,0.33839578966356165,0.33839578966356165,A,A
1323,1323,2646,2646,-1323,-1323,1,1,0.26724622420146704,0.26724622420146704,A,A
1324,1324,2648,2648,-1324,-1324,1,1,0.5592988744410109,0.5592988744410109,A,A
1325,1325,2650,2650,-1325,-1325,1,1,0.145946243140193,0.145946243140193,A,A
1327,1327,2654,2654,-1327,-1327,1,1,0.1516150282549268,0.1516150282549268,A,A
1328,1328,2656,2656,-1328,-1328,1,1,0.6782476454993269,0.6782476454993269,A,A
1329,1329,2658,2658,-1329,-1329,1,1,0.3393079379931765,0.3393079379931765,A,A
1330,1330,2660,2660,-1330,-1330,1,1,0.5692513378751899,0.5692513378751899,A,A
1331,1331,2662,2662,-1331,-1331,1,1,0.6658588306332373,0.6658588306332373,A,A
1333,1333,2666,2666,-1333,-1333,1,1,0.6648173789224036,0.6648173789224036,A,A
1334,1334,2668,2668,-1334,-1334,1,1,0.5069636967240253,0.5069636967240253,A,A
1338,1338,2676,2676,-1338,-1338,1,1,0.933629962547152,0.933629962547152,A,A
1340,1340,2680,2680,-1340,-1340,1,1,0.6891814721976873,0.6891814721976873,A,A
1341,1341,2682,2682,-1341,-1341,1,1,0.3939361990197163,0.3939361990197163,A,A
1342,1342,2684,2684,-1342,-1342,1,1,0.0779908029108175,0.0779908029108175,A,A
1345,1345,2690,2690,-1345,-1345,1,1,0.9442368233978876,0.9442368233978876,A,A
1346,1346,2692,2692,-1346,-1346,1,1,0.27811194129478845,0.27811194129478845,A,A
1348,1348,2696,2696,-1348,-1348,1,1,0.8278085519668256,0.8278085519668256,A,A
1351,1351,2702,2702,-1351,-1351,1,1,0.5434914189088482,0.5434914189088482,A,A
1352,1352,2704,2704,-1352,-1352,1,1,0.45072945578998524,0.45072945578998524,A,A
1354,1354,2708,2708,-1354,-1354,1,1,0.3303143567321867,0.3303143567321867,A,A
1355,1355,2710,2710,-1355,-1355,1,1,0.28307550696725625,0.28307550696725625,A,A
1356,1356,2712,2712,-1356,-1356,1,1,0.7539318649703789,0.7539318649703789,A,A
1358,1358,2716,2716,-1358,-1358,1,1,0.5482332373243739,0.5482332373243739,A,A
1359,1359,2718,2718,-1359,-1359,1,1,0.19797201325889224,0.19797201325889224,A,A
1360,1360,2720,2720,-1360,-1360,1,1,0.7078126692013904,0.7078126692013904,A,A
1361,1361,2722,2722,-1361,-1361,1,1,0.11999123405894396,0.11999123405894396,A,A
1362,1362,2724,2724,-1362,-1362,1,1,0.6813503179058511,0.6813503179058511,A,A
1363,1363,2726,2726,-1363,-1363,1,1,0.4723892845770328,0.4723892845770328,A,A
1364,1364,2728,2728,-1364,-1364,1,1,0.7399933151276229,0.7399933151276229,A,A
1365,1365,2730,2730,-1365,-1365,1,1,0.04585173400023401,0.04585173400023401,A,A
1366,1366,2732,2732,-1366,-1366,1,1,0.3801803864658192,0.3801803864658192,A,A
1367,1367,2734,2734,-1367,-1367,1,1,0.41775697595111916,0.41775697595111916,A,A
1368,1368,2736,2736,-1368,-1368,1,1,0.9540695112351182,0.9540695112351182,A,A
1369,1369,2738,2738,-1369,-1369,1,1,0.4146544896300032,0.4146544896300032,A,A
1370,1370,2740,2740,-1370,-1370,1,1,0.3435993824250372,0.3435993824250372,A,A
1371,1371,2742,2742,-1371,-1371,1,1,0.05950460035361893,0.05950460035361893,A,A
1373,1373,2746,2746,-1373,-1373,1,1,0.6928100898229165,0.6928100898229165,A,A
1374,1374,2748,2748,-1374,-1374,1,1,0.23852793211828927,0.23852793211828927,A,A
1375,1375,2750,2750,-1375,-1375,1,1,0.9207569695799508,0.9207569695799508,A,A
1377,1377,2754,2754,-1377,-1377,1,1,0.3017044132008181,0.3017044132008181,A,A
1378,1378,2756,2756,-1378,-1378,1,1,0.9136238611239356,0.9136238611239356,A,A
1381,1381,2762,2762,-1381,-1381,1,1,0.466991205364622,0.466991205364622,A,A
1384,1384,2768,2768,-1384,-1384,1,1,0.08797101687216768,0.08797101687216768,A,A
1385,1385,2770,2770,-1385,-1385,1,1,0.8562410694342233,0.8562410694342233,A,A
1387,1387,2774,2774,-1387,-1387,1,1,0.7744778594136267,0.7744778594136267,A,A
1390,1390,2780,2780,-1390,-1390,1,1,0.9872597865727357,0.9872597865727357,A,A
1392,1392,2784,2784,-1392,-1392,1,1,0.6289374798079954,0.6289374798079954,A,A
1393,1393,2786,2786,-1393,-1393,1,1,0.30446058279935273,0.30446058279935273,A,A
1396,1396,2792,2792,-1396,-1396,1,1,0.8112705654553839,0.8112705654553839,A,A
1397,1397,2794,2794,-1397,-1397,1,1,0.4940777035247129,0.4940777035247129,A,A
1399,1399,2798,2798,-1399,-1399,1,1,0.9724974514909392,0.9724974514909392,A,A
1400,1400,2800,2800,-1400,-1400,1,1,0.9241898287063978,0.9241898287063978,A,A
1401,1401,2802,2802,-1401,-1401,1,1,0.9710173689576083,0.9710173689576083,A,A
1402,1402,2804,2804,-1402,-1402,1,1,0.8984623285256276,0.8984623285256276,A,A
1405,1405,2810,2810,-1405,-1405,1,1,0.8838140361823748,0.8838140361823748,A,A
1407,1407,2814,2814,-1407,-1407,1,1,0.08306918895792292,0.08306918895792292,A,A
1409,1409,2818,2818,-1409,-1409,1,1,0.788033638948604,0.788033638948604,A,A
1410,1410,2820,2820,-1410,-1410,1,1,0.760397984300601,0.760397984300601,A,A
1412,1412,2824,2824,-1412,-1412,1,1,0.7401658949522132,0.7401658949522132,A,A
1413,1413,2826,2826,-1413,-1413,1,1,0.08198431676376172,0.08198431676376172,A,A
1415,1415,2830,2830,-1415,-1415,1,1,0.6466483736819758,0.6466483736819758,A,A
1416,1416,2832,2832,-1416,-1416,1,1,0.9793659847571262,0.9793659847571262,A,A
1420,1420,2840,2840,-1420,-1420,1,1,0.9268848313651561,0.9268848313651561,A,A
1421,1421,2842,2842,-1421,-1421,1,1,0.5836256872778486,0.5836256872778486,A,A
1422,1422,2844,2844,-1422,-1422,1,1,0.01778185274085109,0.01778185274085109,A,A
1423,1423,2846,2846,-1423,-1423,1,1,0.6617449212746908,0.6617449212746908,A,A
1424,1424,2848,2848,-1424,-1424,1,1,0.14034257288698848,0.14034257288698848,A,A
1425,1425,2850,2850,-1425,-1425,1,1,0.6734207975507721,0.6734207975507721,A,A
1426,1426,2852,2852,-1426,-1426,1,1,0.4278312684355208,0.4278312684355208,A,A
1428,1428,2856,2856,-1428,-1428,1,1,0.5451665999369192,0.5451665999369192,A,A
1429,1429,2858,2858,-1429,-1429,1,1,0.8657360048727156,0.8657360048727156,A,A
1430,1430,2860,2860,-1430,-1430,1,1,0.7127241855731455,0.7127241855731455,A,A
1431,1431,2862,2862,-1431,-1431,1,1,0.3863490133081706,0.3863490133081706,A,A
1433,1433,2866,2866,-1433,-1433,1,1,0.710433805246029,0.710433805246029,A,A
1436,1436,2872,2872,-1436,-1436,1,1,0.3028141615549653,0.3028141615549653,A,A
1437,1437,2874,2874,-1437,-1437,1,1,0.9560301096978734,0.9560301096978734,A,A
1438,1438,2876,2876,-1438,-1438,1,1,0.6931705129810481,0.6931705129810481,A,A
1439,1439,2878,2878,-1439,-1439,1,1,0.20127559110477944,0.20127559110477944,A,A
1440,1440,2880,2880,-1440,-1440,1,1,0.054038102365186025,0.054038102365186025,A,A
1441,1441,2882,2882,-1441,-1441,1,1,0.9043271728737088,0.9043271728737088,A,A
1442,1442,2884,2884,-1442,-1442,1,1,0.9228619867778096,0.9228619867778096,A,A
1444,1444,2888,2888,-1444,-1444,1,1,0.4662967939253444,0.4662967939253444,A,A
1445,1445,2890,2890,-1445,-1445,1,1,0.05752946869612696,0.05752946869612696,A,A
1446,1446,2892,2892,-1446,-1446,1,1,0.3404670840863737,0.3404670840863737,A,A
1448,1448,2896,2896,-1448,-1448,1,1,0.34920683005409614,0.34920683005409614,A,A
1449,1449,2898,2898,-1449,-1449,1,1,0.43912066568542907,0.43912066568542907,A,A
1452,1452,2904,2904,-1452,-1452,1,1,0.682488802095077,0.682488802095077,A,A
1455,1455,2910,2910,-1455,-1455,1,1,0.516874536538805,0.516874536538805,A,A
1456,1456,2912,2912,-1456,-1456,1,1,0.4860961932542175,0.4860961932542175,A,A
1457,1457,2914,2914,-1457,-1457,1,1,0.21428231802294906,0.21428231802294906,A,A
1458,1458,2916,2916,-1458,-1458,1,1,0.45675900261331737,0.45675900261331737,A,A
1463,1463,2926,2926,-1463,-1463,1,1,0.49622710762551814,0.49622710762551814,A,A
1464,1464,2928,2928,-1464,-1464,1,1,0.9830155615890047,0.9830155615890047,A,A
1465,1465,2930,2930,-1465,-1465,1,1,0.7234382762742406,0.7234382762742406,A,A
1468,1468,2936,2936,-1468,-1468,1,1,0.4932928828895461,0.4932928828895461,A,A
1469,1469,2938,2938,-1469,-1469,1,1,0.13214554237466958,0.13214554237466958,A,A
1471,1471,2942,2942,-1471,-1471,1,1,0.5563525221752493,0.5563525221752493,A,A
1472,1472,2944,2944,-1472,-1472,1,1,0.7174312130643846,0.7174312130643846,A,A
1473,1473,2946,2946,-1473,-1473,1,1,0.9011700407603223,0.9011700407603223,A,A
1475,1475,2950,2950,-1475,-1475,1,1,0.4979901675484866,0.4979901675484866,A,A
1477,1477,2954,2954,-1477,-1477,1,1,0.4212061853598703,0.4212061853598703,A,A
1478,1478,2956,2956,-1478,-1478,1,1,0.6982154984120601,0.6982154984120601,A,A
1480,1480,2960,2960,-1480,-1480,1,1,0.18890090536257464,0.18890090536257464,A,A
1482,1482,2964,2964,-1482,-1482,1,1,0.6461542011912588,0.6461542011912588,A,A
1483,1483,2966,2966,-1483,-1483,1,1,0.9278699308165315,0.9278699308165315,A,A
1484,1484,2968,2968,-1484,-1484,1,1,0.3353949614173347,0.3353949614173347,A,A
1485,1485,2970,2970,-1485,-1485,1,1,0.17436516859389073,0.17436516859389073,A,A
1487,1487,2974,2974,-1487,-1487,1,1,0.09464401164507308,0.09464401164507308,A,A
1488,1488,2976,2976,-1488,-1488,1,1,0.9698427475663505,0.9698427475663505,A,A
1489,1489,2978,2978,-1489,-1489,1,1,0.28521678812898454,0.28521678812898454,A,A
1490,1490,2980,2980,-1490,-1490,1,1,0.6894188723024335,0.6894188723024335,A,A
1491,1491,2982,2982,-1491,-1491,1,1,0.24348637695545672,0.24348637695545672,A,A
1493,1493,2986,2986,-1493,-1493,1,1,0.49029229599289526,0.49029229599289526,A,A
1495,1495,2990,2990,-1495,-1495,1,1,0.9074703729631026,0.9074703729631026,A,A
1496,1496,2992,2992,-1496,-1496,1,1,0.03554900219984625,0.03554900219984625,A,A
1498,1498,2996,2996,-1498,-1498,1,1,0.4088358641167824,0.4088358641167824,A,A
1499,1499,2998,2998,-1499,-1499,1,1,0.8209444522884232,0.8209444522884232,A,A
1500,1500,3000,3000,-1500,-1500,1,1,0.7722548847671646,0.7722548847671646,A,A
1501,1501,3002,3002,-1501,-1501,1,1,0.20515755831253768,0.20515755831253768,A,A
1503,1503,3006,3006,-1503,-1503,1,1,0.9585529635142938,0.9585529635142938,A,A
1504,1504,3008,3008,-1504,-1504,1,1,0.8540733698639233,0.8540733698639233,A,A
1506,1506,3012,3012,-1506,-1506,1,1,0.790569918112255,0.790569918112255,A,A
1507,1507,3014,3014,-1507,-1507,1,1,0.5467635925376481,0.5467635925376481,A,A
1508,1508,3016,3016,-1508,-1508,1,1,0.8647119334390877,0.8647119334390877,A,A
1509,1509,3018,3018,-1509,-1509,1,1,0.8137782342542333,0.8137782342542333,A,A
1511,1511,3022,3022,-1511,-1511,1,1,0.45086415783514366,0.45086415783514366,A,A
1512,1512,3024,3024,-1512,-1512,1,1,0.8603008994370036,0.8603008994370036,A,A
1515,1515,3030,3030,-1515,-1515,1,1,0.8026008461323544,0.8026008461323544,A,A
1516,1516,3032,3032,-1516,-1516,1,1,0.8818987301731559,0.8818987301731559,A,A
1517,1517,3034,3034,-1517,-1517,1,1,0.9364137562034626,0.9364137562034626,A,A
1519,1519,3038,3038,-1519,-1519,1,1,0.20368509870930107,0.20368509870930107,A,A
1520,1520,3040,3040,-1520,-1520,1,1,0.9262146055755514,0.9262146055755514,A,A
1521,1521,3042,3042,-1521,-1521,1,1,0.07386050449180426,0.07386050449180426,A,A
1522,1522,3044,3044,-1522,-1522,1,1,0.6823273916255311,0.6823273916255311,A,A
1524,1524,3048,3048,-1524,-1524,1,1,0.8998880272005004,0.8998880272005004,A,A
1526,1526,3052,3052,-1526,-1526,1,1,0.4765039576153749,0.4765039576153749,A,A
1527,1527,3054,3054,-1527,-1527,1,1,0.15528060680373001,0.15528060680373001,A,A
1528,1528,3056,3056,-1528,-1528,1,1,0.07806223170806326,0.07806223170806326,A,A
1529,1529,3058,3058,-1529,-1529,1,1,0.10833701252715267,0.10833701252715267,A,A
1530,1530,3060,3060,-1530,-1530,1,1,0.40871883686865174,0.40871883686865174,A,A
1532,1532,3064,3064,-1532,-1532,1,1,0.36149072521218373,0.36149072521218373,A,A
1533,1533,3066,3066,-1533,-1533,1,1,0.04237443035084032,0.04237443035084032,A,A
1534,1534,3068,3068,-1534,-1534,1,1,0.11032486811651421,0.11032486811651421,A,A
1535,1535,3070,3070,-1535,-1535,1,1,0.8323129185422745,0.8323129185422745,A,A
1536,1536,3072,3072,-1536,-1536,1,1,0.07451289292913454,0.07451289292913454,A,A
1537,1537,3074,3074,-1537,-1537,1,1,0.17312567242081467,0.17312567242081467,A,A
1538,1538,3076,3076,-1538,-1538,1,1,0.30180313363988254,0.30180313363988254,A,A
1539,1539,3078,3078,-1539,-1539,1,1,0.5244955222409668,0.5244955222409668,A,A
1540,1540,3080,3080,-1540,-1540,1,1,0.13911919937632078,0.13911919937632078,A,A
1541,1541,3082,3082,-1541,-1541,1,1,0.20997051380003473,0.20997051380003473,A,A
1543,1543,3086,3086,-1543,-1543,1,1,0.9267628227891955,0.9267628227891955,A,A
1544,1544,3088,3088,-1544,-1544,1,1,0.8502800185224961,0.8502800185224961,A,A
1546,1546,3092,3092,-1546,-1546,1,1,0.5766343238446089,0.5766343238446089,A,A
1548,1548,3096,3096,-1548,-1548,1,1,0.6840523282443554,0.6840523282443554,A,A
1550,1550,3100,3100,-1550,-1550,1,1,0.157402921730732,0.157402921730732,A,A
1551,1551,3102,3102,-1551,-1551,1,1,0.64434559189783,0.64434559189783,A,A
1554,1554,3108,3108,-1554,-1554,1,1,0.846363134050618,0.846363134050618,A,A
1555,1555,3110,3110,-1555,-1555,1,1,0.17912094206513207,0.17912094206513207,A,A
1557,1557,3114,3114,-1557,-1557,1,1,0.46339230411190446,0.46339230411190446,A,A
1558,1558,3116,3116,-1558,-1558,1,1,0.4966008681725639,0.4966008681725639,A,A
1560,1560,3120,3120,-1560,-1560,1,1,0.12866384358822325,0.12866384358822325,A,A
1561,1561,3122,3122,-1561,-1561,1,1,0.4844106117172817,0.4844106117172817,A,A
1562,1562,3124,3124,-1562,-1562,1,1,0.24234428634190497,0.24234428634190497,A,A
1566,1566,3132,3132,-1566,-1566,1,1,0.45288859373789003,0.45288859373789003,A,A
1570,1570,3140,3140,-1570,-1570,1,1,0.6416230882337067,0.6416230882337067,A,A
1571,1571,3142,3142,-1571,-1571,1,1,0.00703947821369677,0.00703947821369677,A,A
1572,1572,3144,3144,-1572,-1572,1,1,0.7459706489488102,0.7459706489488102,A,A
1573,1573,3146,3146,-1573,-1573,1,1,0.3238398644991358,0.3238398644991358,A,A
1574,1574,3148,3148,-1574,-1574,1,1,0.29852784226254725,0.29852784226254725,A,A
1576,1576,3152,3152,-1576,-1576,1,1,0.32483166690713416,0.32483166690713416,A,A
1577,1577,3154,3154,-1577,-1577,1,1,0.5966227540229792,0.5966227540229792,A,A
1578,1578,3156,3156,-1578,-1578,1,1,0.7776055341154291,0.7776055341154291,A,A
1580,1580,3160,3160,-1580,-1580,1,1,0.9603582126146761,0.9603582126146761,A,A
1581,1581,3162,3162,-1581,-1581,1,1,0.7376298896846667,0.7376298896846667,A,A
1582,1582,3164,3164,-1582,-1582,1,1,0.6900056594399526,0.6900056594399526,A,A
1583,1583,3166,3166,-1583,-1583,1,1,0.5148163891730148,0.5148163891730148,A,A
1585,1585,3170,3170,-1585,-1585,1,1,0.9913924458909358,0.9913924458909358,A,A
1586,1586,3172,3172,-1586,-1586,1,1,0.25694118310422254,0.25694118310422254,A,A
1587,1587,3174,3174,-1587,-1587,1,1,0.3402678632509334,0.3402678632509334,A,A
1588,1588,3176,3176,-1588,-1588,1,1,0.9722124503947794,0.9722124503947794,A,A
1592,1592,3184,3184,-1592,-1592,1,1,0.8366845404859768,0.8366845404859768,A,A
1595,1595,3190,3190,-1595,-1595,1,1,0.9963934826446249,0.9963934826446249,A,A
1596,1596,3192,3192,-1596,-1596,1,1,0.026864885281081996,0.026864885281081996,A,A
1597,1597,3194,3194,-1597,-1597,1,1,0.2643170282486127,0.2643170282486127,A,A
1598,1598,3196,3196,-1598,-1598,1,1,0.2588928079969556,0.2588928079969556,A,A
1599,1599,3198,3198,-1599,-1599,1,1,0.05017843863384952,0.05017843863384952,A,A
1600,1600,3200,3200,-1600,-1600,1,1,0.23128773468100405,0.23128773468100405,A,A
1601,1601,3202,3202,-1601,-1601,1,1,0.49576673948380245,0.49576673948380245,A,A
1602,1602,3204,3204,-1602,-1602,1,1,0.601199075156141,0.601199075156141,A,A
1603,1603,3206,3206,-1603,-1603,1,1,0.04822331030993576,0.04822331030993576,A,A
1604,1604,3208,3208,-1604,-1604,1,1,0.8508894686272718,0.8508894686272718,A,A
1607,1607,3214,3214,-1607,-1607,1,1,0.6445461146405752,0.6445461146405752,A,A
1608,1608,3216,3216,-1608,-1608,1,1,0.9394176769511648,0.9394176769511648,A,A
1609,1609,3218,3218,-1609,-1609,1,1,0.9391765502562532,0.9391765502562532,A,A
1610,1610,3220,3220,-1610,-1610,1,1,0.10127855683593956,0.10127855683593956,A,A
1613,1613,3226,3226,-1613,-1613,1,1,0.7201717907118329,0.7201717907118329,A,A
1616,1616,3232,3232,-1616,-1616,1,1,0.5059300438690756,0.5059300438690756,A,A
1617,1617,3234,3234,-1617,-1617,1,1,0.8805775502414807,0.8805775502414807,A,A
1619,1619,3238,3238,-1619,-1619,1,1,0.01116118187065418,0.01116118187065418,A,A
1620,1620,3240,3240,-1620,-1620,1,1,0.9942196855941206,0.9942196855941206,A,A
1621,1621,3242,3242,-1621,-1621,1,1,0.8924376142873832,0.8924376142873832,A,A
1623,1623,3246,3246,-1623,-1623,1,1,0.01995713143478084,0.01995713143478084,A,A
1625,1625,3250,3250,-1625,-1625,1,1,0.20301536592239366,0.20301536592239366,A,A
1627,1627,3254,3254,-1627,-1627,1,1,0.02493665642450371,0.02493665642450371,A,A
1628,1628,3256,3256,-1628,-1628,1,1,0.33853294832057546,0.33853294832057546,A,A
1629,1629,3258,3258,-1629,-1629,1,1,0.07920733090440968,0.07920733090440968,A,A
1633,1633,3266,3266,-1633,-1633,1,1,0.47041271884517744,0.47041271884517744,A,A
1634,1634,3268,3268,-1634,-1634,1,1,0.5442130694421745,0.5442130694421745,A,A
1638,1638,3276,3276,-1638,-1638,1,1,0.93599430719544,0.93599430719544,A,A
1640,1640,3280,3280,-1640,-1640,1,1,0.04191483095956894,0.04191483095956894,A,A
1641,1641,3282,3282,-1641,-1641,1,1,0.3802781789005556,0.3802781789005556,A,A
1643,1643,3286,3286,-1643,-1643,1,1,0.5758617880201174,0.5758617880201174,A,A
1644,1644,3288,3288,-1644,-1644,1,1,0.031601879880257866,0.031601879880257866,A,A
1645,1645,3290,3290,-1645,-1645,1,1,0.30647671620569283,0.30647671620569283,A,A
1646,1646,3292,3292,-1646,-1646,1,1,0.5410032166653709,0.5410032166653709,A,A
1648,1648,3296,3296,-1648,-1648,1,1,0.8463012947100607,0.8463012947100607,A,A
1650,1650,3300,3300,-1650,-1650,1,1,0.14388323120158464,0.14388323120158464,A,A
1654,1654,3308,3308,-1654,-1654,1,1,0.4698353273665742,0.4698353273665742,A,A
1657,1657,3314,3314,-1657,-1657,1,1,0.2905819783430106,0.2905819783430106,A,A
1658,1658,3316,3316,-1658,-1658,1,1,0.6973141751944025,0.6973141751944025,A,A
1660,1660,3320,3320,-1660,-1660,1,1,0.9159880158896844,0.9159880158896844,A,A
1661,1661,3322,3322,-1661,-1661,1,1,0.8535229232999803,0.8535229232999803,A,A
1662,1662,3324,3324,-1662,-1662,1,1,0.03429819226049846,0.03429819226049846,A,A
1666,1666,3332,3332,-1666,-1666,1,1,0.6970831564755493,0.6970831564755493,A,A
1667,1667,3334,3334,-1667,-1667,1,1,0.02803160607426991,0.02803160607426991,A,A
1668,1668,3336,3336,-1668,-1668,1,1,0.17386392953146712,0.17386392953146712,A,A
1669,1669,3338,3338,-1669,-1669,1,1,0.3081430801572336,0.3081430801572336,A,A
1670,1670,3340,3340,-1670,-1670,1,1,0.39589014693804003,0.39589014693804003,A,A
1671,1671,3342,3342,-1671,-1671,1,1,0.3070316002243687,0.3070316002243687,A,A
1672,1672,3344,3344,-1672,-1672,1,1,0.7288907140391206,0.7288907140391206,A,A
1674,1674,3348,3348,-1674,-1674,1,1,0.5876926392402928,0.5876926392402928,A,A
1676,1676,3352,3352,-1676,-1676,1,1,0.9929349918025255,0.9929349918025255,A,A
1677,1677,3354,3354,-1677,-1677,1,1,0.5819249844888119,0.5819249844888119,A,A
1679,1679,3358,3358,-1679,-1679,1,1,0.4432700739635078,0.4432700739635078,A,A
1680,1680,3360,3360,-1680,-1680,1,1,0.4879352749929191,0.4879352749929191,A,A
1681,1681,3362,3362,-1681,-1681,1,1,0.45134086938362905,0.45134086938362905,A,A
1683,1683,3366,3366,-1683,-1683,1,1,0.9299110484648774,0.9299110484648774,A,A
1685,1685,3370,3370,-1685,-1685,1,1,0.20145390318401035,0.20145390318401035,A,A
1689,1689,3378,3378,-1689,-1689,1,1,0.7667708937925021,0.7667708937925021,A,A
1691,1691,3382,3382,-1691,-1691,1,1,0.2859392713282217,0.2859392713282217,A,A
1692,1692,3384,3384,-1692,-1692,1,1,0.15725026677313925,0.15725026677313925,A,A
1693,1693,3386,3386,-1693,-1693,1,1,0.4579143162974324,0.4579143162974324,A,A
1695,1695,3390,3390,-1695,-1695,1,1,0.197819117543505,0.197819117543505,A,A
1696,1696,3392,3392,-1696,-1696,1,1,0.9746788323409398,0.9746788323409398,A,A
1697,1697,3394,3394,-1697,-1697,1,1,0.33759811870301437,0.33759811870301437,A,A
1698,1698,3396,3396,-1698,-1698,1,1,0.7363510818630119,0.7363510818630119,A,A
1699,1699,3398,3398,-1699,-1699,1,1,0.63025016423023,0.63025016423023,A,A
1701,1701,3402,3402,-1701,-1701,1,1,0.38360643579198117,0.38360643579198117,A,A
1703,1703,3406,3406,-1703,-1703,1,1,0.11413199159078213,0.11413199159078213,A,A
1704,1704,3408,3408,-1704,-1704,1,1,0.9968111049287246,0.9968111049287246,A,A
1705,1705,3410,3410,-1705,-1705,1,1,0.10187421000918195,0.10187421000918195,A,A
1707,1707,3414,3414,-1707,-1707,1,1,0.2581749171076646,0.2581749171076646,A,A
1708,1708,3416,3416,-1708,-1708,1,1,0.4594102673062074,0.4594102673062074,A,A
1709,1709,3418,3418,-1709,-1709,1,1,0.03192765668882014,0.03192765668882014,A,A
1713,1713,3426,3426,-1713,-1713,1,1,0.47508825484760797,0.47508825484760797,A,A
1714,1714,3428,3428,-1714,-1714,1,1,0.3236088276056426,0.3236088276056426,A,A
1715,1715,3430,3430,-1715,-1715,1,1,0.06849375552004067,0.06849375552004067,A,A
1716,1716,3432,3432,-1716,-1716,1,1,0.8092860831929545,0.8092860831929545,A,A
1717,1717,3434,3434,-1717,-1717,1,1,0.33128955120271886,0.33128955120271886,A,A
1718,1718,3436,3436,-1718,-1718,1,1,0.6021930969176292,0.6021930969176292,A,A
1719,1719,3438,3438,-1719,-1719,1,1,0.05729274218377789,0.05729274218377789,A,A
1720,1720,3440,3440,-1720,-1720,1,1,0.2608486941275715,0.2608486941275715,A,A
1722,1722,3444,3444,-1722,-1722,1,1,0.038285201639213784,0.038285201639213784,A,A
1723,1723,3446,3446,-1723,-1723,1,1,0.5551128586009192,0.5551128586009192,A,A
1724,1724,3448,3448,-1724,-1724,1,1,0.2407716799228079,0.2407716799228079,A,A
1726,1726,3452,3452,-1726,-1726,1,1,0.6333135156079693,0.6333135156079693,A,A
1727,1727,3454,3454,-1727,-1727,1,1,0.18537501855030236,0.18537501855030236,A,A
1731,1731,3462,3462,-1731,-1731,1,1,0.039611011146401864,0.039611011146401864,A,A
1732,1732,3464,3464,-1732,-1732,1,1,0.9446512117934958,0.9446512117934958,A,A
1733,1733,3466,3466,-1733,-1733,1,1,0.11136256933678812,0.11136256933678812,A,A
1734,1734,3468,3468,-1734,-1734,1,1,0.4589322353746511,0.4589322353746511,A,A
1735,1735,3470,3470,-1735,-1735,1,1,0.3906493834642444,0.3906493834642444,A,A
1737,1737,3474,3474,-1737,-1737,1,1,0.7902862481802225,0.7902862481802225,A,A
1738,1738,3476,3476,-1738,-1738,1,1,0.9073310433237448,0.9073310433237448,A,A
1739,1739,3478,3478,-1739,-1739,1,1,0.5276213513957431,0.5276213513957431,A,A
1740,1740,3480,3480,-1740,-1740,1,1,0.15846083228067787,0.15846083228067787,A,A
1741,1741,3482,3482,-1741,-1741,1,1,0.41397198225881227,0.41397198225881227,A,A
1742,1742,3484,3484,-1742,-1742,1,1,0.7672423390624548,0.7672423390624548,A,A
1743,1743,3486,3486,-1743,-1743,1,1,0.4619185957015839,0.4619185957015839,A,A
1744,1744,3488,3488,-1744,-1744,1,1,0.7661274133198506,0.7661274133198506,A,A
1747,1747,3494,3494,-1747,-1747,1,1,0.8413825548613614,0.8413825548613614,A,A
1748,1748,3496,3496,-1748,-1748,1,1,0.5627602162198824,0.5627602162198824,A,A
1749,1749,3498,3498,-1749,-1749,1,1,0.8884520031744852,0.8884520031744852,A,A
1751,1751,3502,3502,-1751,-1751,1,1,0.5915380721374611,0.5915380721374611,A,A
1752,1752,3504,3504,-1752,-1752,1,1,0.7614441991089297,0.7614441991089297,A,A
1753,1753,3506,3506,-1753,-1753,1,1,0.6775397105524213,0.6775397105524213,A,A
1756,1756,3512,3512,-1756,-1756,1,1,0.600260913279136,0.600260913279136,A,A
1757,1757,3514,3514,-1757,-1757,1,1,0.2834623795172999,0.2834623795172999,A,A
1759,1759,3518,3518,-1759,-1759,1,1,0.4880747680116274,0.4880747680116274,A,A
1760,1760,3520,3520,-1760,-1760,1,1,0.5023278274025796,0.5023278274025796,A,A
1761,1761,3522,3522,-1761,-1761,1,1,0.41312495530900273,0.41312495530900273,A,A
1762,1762,3524,3524,-1762,-1762,1,1,0.101877147131897,0.101877147131897,A,A
1763,1763,3526,3526,-1763,-1763,1,1,0.0894823071097327,0.0894823071097327,A,A
1765,1765,3530,3530,-1765,-1765,1,1,0.7490081214142095,0.7490081214142095,A,A
1767,1767,3534,3534,-1767,-1767,1,1,0.5519180317848822,0.5519180317848822,A,A
1769,1769,3538,3538,-1769,-1769,1,1,0.13356805680933326,0.13356805680933326,A,A
1770,1770,3540,3540,-1770,-1770,1,1,0.6555894059607886,0.6555894059607886,A,A
1772,1772,3544,3544,-1772,-1772,1,1,0.6206638821645928,0.6206638821645928,A,A
1773,1773,3546,3546,-1773,-1773,1,1,0.9671919399875116,0.9671919399875116,A,A
1774,1774,3548,3548,-1774,-1774,1,1,0.9687904791429568,0.9687904791429568,A,A
1776,1776,3552,3552,-1776,-1776,1,1,0.2153692875107437,0.2153692875107437,A,A
1777,1777,3554,3554,-1777,-1777,1,1,0.7956739301546234,0.7956739301546234,A,A
1779,1779,3558,3558,-1779,-1779,1,1,0.02691750725771036,0.02691750725771036,A,A
1782,1782,3564,3564,-1782,-1782,1,1,0.2047558998373843,0.2047558998373843,A,A
1784,1784,3568,3568,-1784,-1784,1,1,0.8183535600894952,0.8183535600894952,A,A
1785,1785,3570,3570,-1785,-1785,1,1,0.48343099165728376,0.48343099165728376,A,A
1786,1786,3572,3572,-1786,-1786,1,1,0.11109485003510788,0.11109485003510788,A,A
1787,1787,3574,3574,-1787,-1787,1,1,0.8651341273393809,0.8651341273393809,A,A
1788,1788,3576,3576,-1788,-1788,1,1,0.14936681025863574,0.14936681025863574,A,A
1789,1789,3578,3578,-1789,-1789,1,1,0.8034282797601926,0.8034282797601926,A,A
1791,1791,3582,3582,-1791,-1791,1,1,0.32583967023408034,0.32583967023408034,A,A
1793,1793,3586,3586,-1793,-1793,1,1,0.2739193093139054,0.2739193093139054,A,A
1795,1795,3590,3590,-1795,-1795,1,1,0.31086029339821875,0.31086029339821875,A,A
1797,1797,3594,3594,-1797,-1797,1,1,0.933823876081929,0.933823876081929,A,A
1799,1799,3598,3598,-1799,-1799,1,1,0.4775008798929622,0.4775008798929622,A,A
1800,1800,3600,3600,-1800,-1800,1,1,0.8094884486493297,0.8094884486493297,A,A
1801,1801,3602,3602,-1801,-1801,1,1,0.6605013994520523,0.6605013994520523,A,A
1802,1802,3604,3604,-1802,-1802,1,1,0.8455523312287258,0.8455523312287258,A,A
1803,1803,3606,3606,-1803,-1803,1,1,0.31069059656682696,0.31069059656682696,A,A
1806,1806,3612,3612,-1806,-1806,1,1,0.7369859456227806,0.7369859456227806,A,A
1807,1807,3614,3614,-1807,-1807,1,1,0.8145700478417189,0.8145700478417189,A,A
1808,1808,3616,3616,-1808,-1808,1,1,0.42270275535727264,0.42270275535727264,A,A
1810,1810,3620,3620,-1810,-1810,1,1,0.2827813622451948,0.2827813622451948,A,A
1812,1812,3624,3624,-1812,-1812,1,1,0.9269407802317903,0.9269407802317903,A,A
1813,1813,3626,3626,-1813,-1813,1,1,0.5805982865874899,0.5805982865874899,A,A
1817,1817,3634,3634,-1817,-1817,1,1,0.33721135885750075,0.33721135885750075,A,A
1820,1820,3640,3640,-1820,-1820,1,1,0.5666653923938603,0.5666653923938603,A,A
1821,1821,3642,3642,-1821,-1821,1,1,0.5572810900150791,0.5572810900150791,A,A
1823,1823,3646,3646,-1823,-1823,1,1,0.23185636270789,0.23185636270789,A,A
1824,1824,3648,3648,-1824,-1824,1,1,0.9473443631071332,0.9473443631071332,A,A
1825,1825,3650,3650,-1825,-1825,1,1,0.013139596663018893,0.013139596663018893,A,A
1828,1828,3656,3656,-1828,-1828,1,1,0.5355481765332857,0.5355481765332857,A,A
1831,1831,3662,3662,-1831,-1831,1,1,0.11703462317471269,0.11703462317471269,A,A
1832,1832,3664,3664,-1832,-1832,1,1,0.49650948533660855,0.49650948533660855,A,A
1833,1833,3666,3666,-1833,-1833,1,1,0.15304270132517517,0.15304270132517517,A,A
1834,1834,3668,3668,-1834,-1834,1,1,0.22122087557153325,0.22122087557153325,A,A
1835,1835,3670,3670,-1835,-1835,1,1,0.3278670527577783,0.3278670527577783,A,A
1836,1836,3672,3672,-1836,-1836,1,1,0.6500590201668665,0.6500590201668665,A,A
1837,1837,3674,3674,-1837,-1837,1,1,0.4859862395803064,0.4859862395803064,A,A
1838,1838,3676,3676,-1838,-1838,1,1,0.5444450895349052,0.5444450895349052,A,A
1840,1840,3680,3680,-1840,-1840,1,1,0.631707604557591,0.631707604557591,A,A
1842,1842,3684,3684,-1842,-1842,1,1,0.3393180736496326,0.3393180736496326,A,A
1844,1844,3688,3688,-1844,-1844,1,1,0.5319442986150983,0.5319442986150983,A,A
1846,1846,3692,3692,-1846,-1846,1,1,0.5177460125035408,0.5177460125035408,A,A
1847,1847,3694,3694,-1847,-1847,1,1,0.6119704270585965,0.6119704270585965,A,A
1848,1848,3696,3696,-1848,-1848,1,1,0.13646352114200255,0.13646352114200255,A,A
1849,1849,3698,3698,-1849,-1849,1,1,0.868011078549072,0.868011078549072,A,A
1850,1850,3700,3700,-1850,-1850,1,1,0.07681475110316438,0.07681475110316438,A,A
1852,1852,3704,3704,-1852,-1852,1,1,0.09804782998084682,0.09804782998084682,A,A
1853,1853,3706,3706,-1853,-1853,1,1,0.23549640804916172,0.23549640804916172,A,A
1855,1855,3710,3710,-1855,-1855,1,1,0.13348249160893266,0.13348249160893266,A,A
1856,1856,3712,3712,-1856,-1856,1,1,0.37169259341152117,0.37169259341152117,A,A
1857,1857,3714,3714,-1857,-1857,1,1,0.6504843356286799,0.6504843356286799,A,A
1858,1858,3716,3716,-1858,-1858,1,1,0.4816207933450317,0.4816207933450317,A,A
1865,1865,3730,3730,-1865,-1865,1,1,0.4293755343793596,0.4293755343793596,A,A
1866,1866,3732,3732,-1866,-1866,1,1,0.396519841439153,0.396519841439153,A,A
1868,1868,3736,3736,-1868,-1868,1,1,0.013806593625303454,0.013806593625303454,A,A
1871,1871,3742,3742,-1871,-1871,1,1,0.7950687392898881,0.7950687392898881,A,A
1872,1872,3744,3744,-1872,-1872,1,1,0.532964923337255,0.532964923337255,A,A
1873,1873,3746,3746,-1873,-1873,1,1,0.1238213782194183,0.1238213782194183,A,A
1874,1874,3748,3748,-1874,-1874,1,1,0.038442801459862785,0.038442801459862785,A,A
1875,1875,3750,3750,-1875,-1875,1,1,0.20345918482194314,0.20345918482194314,A,A
1876,1876,3752,3752,-1876,-1876,1,1,0.898377541963658,0.898377541963658,A,A
1878,1878,3756,3756,-1878,-1878,1,1,0.871110761627433,0.871110761627433,A,A
1879,1879,3758,3758,-1879,-1879,1,1,0.0021858225281002897,0.0021858225281002897,A,A
1880,1880,3760,3760,-1880,-1880,1,1,0.6142411009719002,0.6142411009719002,A,A
1881,1881,3762,3762,-1881,-1881,1,1,0.1001928902773005,0.1001928902773005,A,A
1882,1882,3764,3764,-1882,-1882,1,1,0.09767565167533021,0.09767565167533021,A,A
1883,1883,3766,3766,-1883,-1883,1,1,0.7722656046179476,0.7722656046179476,A,A
1885,1885,3770,3770,-1885,-1885,1,1,0.40412781684680754,0.40412781684680754,A,A
1886,1886,3772,3772,-1886,-1886,1,1,0.6850119017193581,0.6850119017193581,A,A
1887,1887,3774,3774,-1887,-1887,1,1,0.8741919725623498,0.8741919725623498,A,A
1888,1888,3776,3776,-1888,-1888,1,1,0.7512914064140249,0.7512914064140249,A,A
1889,1889,3778,3778,-1889,-1889,1,1,0.8750170680093852,0.8750170680093852,A,A
1890,1890,3780,3780,-1890,-1890,1,1,0.5678547363838027,0.5678547363838027,A,A
1891,1891,3782,3782,-1891,-1891,1,1,0.4959118322345383,0.4959118322345383,A,A
1893,1893,3786,3786,-1893,-1893,1,1,0.9284686281346275,0.9284686281346275,A,A
1895,1895,3790,3790,-1895,-1895,1,1,0.30313858179988895,0.30313858179988895,A,A
1896,1896,3792,3792,-1896,-1896,1,1,0.7866068780267328,0.7866068780267328,A,A
1897,1897,3794,3794,-1897,-1897,1,1,0.7224764487363369,0.7224764487363369,A,A
1898,1898,3796,3796,-1898,-1898,1,1,0.5380017446156911,0.5380017446156911,A,A
1900,1900,3800,3800,-1900,-1900,1,1,0.7228284738806486,0.7228284738806486,A,A
1902,1902,3804,3804,-1902,-1902,1,1,0.1226686035579968,0.1226686035579968,A,A
1906,1906,3812,3812,-1906,-1906,1,1,0.1685016633603994,0.1685016633603994,A,A
1908,1908,3816,3816,-1908,-1908,1,1,0.8883651428001192,0.8883651428001192,A,A
1910,1910,3820,3820,-1910,-1910,1,1,0.30625113591287634,0.30625113591287634,A,A
1911,1911,3822,3822,-1911,-1911,1,1,0.5146724909329493,0.5146724909329493,A,A
1913,1913,3826,3826,-1913,-1913,1,1,0.35492788094196814,0.35492788094196814,A,A
1914,1914,3828,3828,-1914,-1914,1,1,0.4361020096624808,0.4361020096624808,A,A
1915,1915,3830,3830,-1915,-1915,1,1,0.05382485085873556,0.05382485085873556,A,A
1916,1916,3832,3832,-1916,-1916,1,1,0.7936129932339954,0.7936129932339954,A,A
1920,1920,3840,3840,-1920,-1920,1,1,0.3582514513106142,0.3582514513106142,A,A
1921,1921,3842,3842,-1921,-1921,1,1,0.5862727530404317,0.5862727530404317,A,A
1922,1922,3844,3844,-1922,-1922,1,1,0.17545437525585816,0.17545437525585816,A,A
1923,1923,3846,3846,-1923,-1923,1,1,0.898741256664837,0.898741256664837,A,A
1924,1924,3848,3848,-1924,-1924,1,1,0.057571831868561296,0.057571831868561296,A,A
1925,1925,3850,3850,-1925,-1925,1,1,0.9740191304653643,0.9740191304653643,A,A
1926,1926,3852,3852,-1926,-1926,1,1,0.4966128460372571,0.4966128460372571,A,A
1928,1928,3856,3856,-1928,-1928,1,1,0.9018127501982699,0.9018127501982699,A,A
1929,1929,3858,3858,-1929,-1929,1,1,0.2090779104500805,0.2090779104500805,A,A
1930,1930,3860,3860,-1930,-1930,1,1,0.8086371922971206,0.8086371922971206,A,A
1939,1939,3878,3878,-1939,-1939,1,1,0.4225884515634486,0.4225884515634486,A,A
1940,1940,3880,3880,-1940,-1940,1,1,0.5653193110895277,0.5653193110895277,A,A
1941,1941,3882,3882,-1941,-1941,1,1,0.21408903142368962,0.21408903142368962,A,A
1942,1942,3884,3884,-1942,-1942,1,1,0.008269679510322425,0.008269679510322425,A,A
1944,1944,3888,3888,-1944,-1944,1,1,0.6206175549408656,0.6206175549408656,A,A
1946,1946,3892,3892,-1946,-1946,1,1,0.6278578614727113,0.6278578614727113,A,A
1947,1947,3894,3894,-1947,-1947,1,1,0.9054695615855666,0.9054695615855666,A,A
1949,1949,3898,3898,-1949,-1949,1,1,0.6878510888896371,0.6878510888896371,A,A
1950,1950,3900,3900,-1950,-1950,1,1,0.1312793687711078,0.1312793687711078,A,A
1952,1952,3904,3904,-1952,-1952,1,1,0.8134196088052491,0.8134196088052491,A,A
1953,1953,3906,3906,-1953,-1953,1,1,0.15190387449331577,0.15190387449331577,A,A
1954,1954,3908,3908,-1954,-1954,1,1,0.7802335282224973,0.7802335282224973,A,A
1955,1955,3910,3910,-1955,-1955,1,1,0.6249627256150403,0.6249627256150403,A,A
1956,1956,3912,3912,-1956,-1956,1,1,0.816305163508443,0.816305163508443,A,A
1957,1957,3914,3914,-1957,-1957,1,1,0.9761790574071357,0.9761790574071357,A,A
1958,1958,3916,3916,-1958,-1958,1,1,0.29087771717176325,0.29087771717176325,A,A
1959,1959,3918,3918,-1959,-1959,1,1,0.8029362719593194,0.8029362719593194,A,A
1961,1961,3922,3922,-1961,-1961,1,1,0.920390145962069,0.920390145962069,A,A
1962,1962,3924,3924,-1962,-1962,1,1,0.9418619800516769,0.9418619800516769,A,A
1963,1963,3926,3926,-1963,-1963,1,1,0.49238767066931355,0.49238767066931355,A,A
1965,1965,3930,3930,-1965,-1965,1,1,0.4476920618212985,0.4476920618212985,A,A
1966,1966,3932,3932,-1966,-1966,1,1,0.42757887903527847,0.42757887903527847,A,A
1967,1967,3934,3934,-1967,-1967,1,1,0.7864816618438444,0.7864816618438444,A,A
1968,1968,3936,3936,-1968,-1968,1,1,0.4752497479910204,0.4752497479910204,A,A
1969,1969,3938,3938,-1969,-1969,1,1,0.942931046568615,0.942931046568615,A,A
1971,1971,3942,3942,-1971,-1971,1,1,0.9085103484676151,0.9085103484676151,A,A
1973,1973,3946,3946,-1973,-1973,1,1,0.6532176728018734,0.6532176728018734,A,A
1975,1975,3950,3950,-1975,-1975,1,1,0.22344556435551333,0.22344556435551333,A,A
1977,1977,3954,3954,-1977,-1977,1,1,0.6710758564371101,0.6710758564371101,A,A
1978,1978,3956,3956,-1978,-1978,1,1,0.03657281297915094,0.03657281297915094,A,A
1980,1980,3960,3960,-1980,-1980,1,1,0.00477001496322349,0.00477001496322349,A,A
1982,1982,3964,3964,-1982,-1982,1,1,0.7923117845674378,0.7923117845674378,A,A
1984,1984,3968,3968,-1984,-1984,1,1,0.8664769230636631,0.8664769230636631,A,A
1985,1985,3970,3970,-1985,-1985,1,1,0.8038655287729846,0.8038655287729846,A,A
1986,1986,3972,3972,-1986,-1986,1,1,0.24905556617022062,0.24905556617022062,A,A
1987,1987,3974,3974,-1987,-1987,1,1,0.05398047868046196,0.05398047868046196,A,A
1988,1988,3976,3976,-1988,-1988,1,1,0.871113904544534,0.871113904544534,A,A
1989,1989,3978,3978,-1989,-1989,1,1,0.4899236707156982,0.4899236707156982,A,A
1992,1992,3984,3984,-1992,-1992,1,1,0.3554900973244143,0.3554900973244143,A,A
1993,1993,3986,3986,-1993,-1993,1,1,0.41984551784631574,0.41984551784631574,A,A
1995,1995,3990,3990,-1995,-1995,1,1,0.38279350976047055,0.38279350976047055,A,A
1998,1998,3996,3996,-1998,-1998,1,1,0.16771176555116052,0.16771176555116052,A,A
1999,1999,3998,3998,-1999,-1999,1,1,0.27700499088412334,0.27700499088412334,A,A
2000,2000,4000,4000,-2000,-2000,1,1,0.7408526010052854,0.7408526010052854,A,A
2002,2002,4004,4004,-2002,-2002,1,1,0.2806269136319477,0.2806269136319477,A,A
2003,2003,4006,4006,-2003,-2003,1,1,0.8822778619615477,0.8822778619615477,A,A
2004,2004,4008,4008,-2004,-2004,1,1,0.08577739511621207,0.08577739511621207,A,A
2005,2005,4010,4010,-2005,-2005,1,1,0.494483820014086,0.494483820014086,A,A
2007,2007,4014,4014,-2007,-2007,1,1,0.7012964182587124,0.7012964182587124,A,A
2009,2009,4018,4018,-2009,-2009,1,1,0.9909334264350308,0.9909334264350308,A,A
2010,2010,4020,4020,-2010,-2010,1,1,0.1680533837169732,0.1680533837169732,A,A
2011,2011,4022,4022,-2011,-2011,1,1,0.3042977837687494,0.3042977837687494,A,A
2015,2015,4030,4030,-2015,-2015,1,1,0.6614090443776598,0.6614090443776598,A,A
2016,2016,4032,4032,-2016,-2016,1,1,0.38816128830052465,0.38816128830052465,A,A
2017,2017,4034,4034,-2017,-2017,1,1,0.8339126312544208,0.8339126312544208,A,A
2018,2018,4036,4036,-2018,-2018,1,1,0.7519632399673611,0.7519632399673611,A,A
2026,2026,4052,4052,-2026,-2026,1,1,0.07649201438791398,0.07649201438791398,A,A
2027,2027,4054,4054,-2027,-2027,1,1,0.7181931064502437,0.7181931064502437,A,A
2030,2030,4060,4060,-2030,-2030,1,1,0.08342998512122535,0.08342998512122535,A,A
2031,2031,4062,4062,-2031,-2031,1,1,0.23209755249577402,0.23209755249577402,A,A
2032,2032,4064,4064,-2032,-2032,1,1,0.483894703225203,0.483894703225203,A,A
2033,2033,4066,4066,-2033,-2033,1,1,0.9829837931637863,0.9829837931637863,A,A
2034,2034,4068,4068,-2034,-2034,1,1,0.29497761267070055,0.29497761267070055,A,A
2035,2035,4070,4070,-2035,-2035,1,1,0.5972664087424333,0.5972664087424333,A,A
2036,2036,4072,4072,-2036,-2036,1,1,0.6914564350214615,0.6914564350214615,A,A
2037,2037,4074,4074,-2037,-2037,1,1,0.23846547579227717,0.23846547579227717,A,A
2039,2039,4078,4078,-2039,-2039,1,1,0.08167606683765005,0.08167606683765005,A,A
2040,2040,4080,4080,-2040,-2040,1,1,0.3432527602323904,0.3432527602323904,A,A
2041,2041,4082,4082,-2041,-2041,1,1,0.5962083512699027,0.5962083512699027,A,A
2042,2042,4084,4084,-2042,-2042,1,1,0.11351872762485027,0.11351872762485027,A,A
2043,2043,4086,4086,-2043,-2043,1,1,0.20523615534627715,0.20523615534627715,A,A
2044,2044,4088,4088,-2044,-2044,1,1,0.5611130246494148,0.5611130246494148,A,A
2045,2045,4090,4090,-2045,-2045,1,1,0.3409259913258007,0.3409259913258007,A,A
2046,2046,4092,4092,-2046,-2046,1,1,0.574647979423549,0.574647979423549,A,A
2047,2047,4094,4094,-2047,-2047,1,1,0.17040669177981582,0.17040669177981582,A,A
2049,2049,4098,4098,-2049,-2049,1,1,0.1750112369778154,0.1750112369778154,A,A
2050,2050,4100,4100,-2050,-2050,1,1,0.7366222464512229,0.7366222464512229,A,A
2051,2051,4102,4102,-2051,-2051,1,1,0.9124061119786153,0.9124061119786153,A,A
2054,2054,4108,4108,-2054,-2054,1,1,0.2490335441998267,0.2490335441998267,A,A
2056,2056,4112,4112,-2056,-2056,1,1,0.9160700687756176,0.9160700687756176,A,A
2057,2057,4114,4114,-2057,-2057,1,1,0.4672983169397913,0.4672983169397913,A,A
2058,2058,4116,4116,-2058,-2058,1,1,0.4566778162898468,0.4566778162898468,A,A
2061,2061,4122,4122,-2061,-2061,1,1,0.39421473718921796,0.39421473718921796,A,A
2062,2062,4124,4124,-2062,-2062,1,1,0.07107758447968371,0.07107758447968371,A,A
2063,2063,4126,4126,-2063,-2063,1,1,0.23580030874265523,0.23580030874265523,A,A
2064,2064,4128,4128,-2064,-2064,1,1,0.15584863177241426,0.15584863177241426,A,A
2065,2065,4130,4130,-2065,-2065,1,1,0.6674685777074681,0.6674685777074681,A,A
2068,2068,4136,4136,-2068,-2068,1,1,0.5357947542214073,0.5357947542214073,A,A
2070,2070,4140,4140,-2070,-2070,1,1,0.7855071978095947,0.7855071978095947,A,A
2071,2071,4142,4142,-2071,-2071,1,1,0.48646223956264134,0.48646223956264134,A,A
2072,2072,4144,4144,-2072,-2072,1,1,0.3806196914439903,0.3806196914439903,A,A
2073,2073,4146,4146,-2073,-2073,1,1,0.4568638180567851,0.4568638180567851,A,A
2075,2075,4150,4150,-2075,-2075,1,1,0.07125839506033993,0.07125839506033993,A,A
2076,2076,4152,4152,-2076,-2076,1,1,0.3826162392666178,0.3826162392666178,A,A
2078,2078,4156,4156,-2078,-2078,1,1,0.4997097627933492,0.4997097627933492,A,A
2080,2080,4160,4160,-2080,-2080,1,1,0.23080309445126634,0.23080309445126634,A,A
2081,2081,4162,4162,-2081,-2081,1,1,0.12942458033777282,0.12942458033777282,A,A
2082,2082,4164,4164,-2082,-2082,1,1,0.8786074046014228,0.8786074046014228,A,A
2083,2083,4166,4166,-2083,-2083,1,1,0.15342328920203419,0.15342328920203419,A,A
2085,2085,4170,4170,-2085,-2085,1,1,0.6152690989905591,0.6152690989905591,A,A
2087,2087,4174,4174,-2087,-2087,1,1,0.3957957907868842,0.3957957907868842,A,A
2090,2090,4180,4180,-2090,-2090,1,1,0.8893751712940692,0.8893751712940692,A,A
2091,2091,4182,4182,-2091,-2091,1,1,0.7715522176376897,0.7715522176376897,A,A
2092,2092,4184,4184,-2092,-2092,1,1,0.1480484735589509,0.1480484735589509,A,A
2093,2093,4186,4186,-2093,-2093,1,1,0.807010909880634,0.807010909880634,A,A
2094,2094,4188,4188,-2094,-2094,1,1,0.9745231792209262,0.9745231792209262,A,A
2095,2095,4190,4190,-2095,-2095,1,1,0.05329793703457664,0.05329793703457664,A,A
2097,2097,4194,4194,-2097,-2097,1,1,0.5123900447103281,0.5123900447103281,A,A
2098,2098,4196,4196,-2098,-2098,1,1,0.812538234070668,0.812538234070668,A,A
2099,2099,4198,4198,-2099,-2099,1,1,0.622702242103773,0.622702242103773,A,A
2101,2101,4202,4202,-2101,-2101,1,1,0.6429499257569231,0.6429499257569231,A,A
2102,2102,4204,4204,-2102,-2102,1,1,0.8713074291322984,0.8713074291322984,A,A
2105,2105,4210,4210,-2105,-2105,1,1,0.5143215789470467,0.5143215789470467,A,A
2106,2106,4212,4212,-2106,-2106,1,1,0.1797141319739075,0.1797141319739075,A,A
2107,2107,4214,4214,-2107,-2107,1,1,0.2656839218267324,0.2656839218267324,A,A
2109,2109,4218,4218,-2109,-2109,1,1,0.5874820736841256,0.5874820736841256,A,A
2110,2110,4220,4220,-2110,-2110,1,1,0.5072560018723871,0.5072560018723871,A,A
2111,2111,4222,4222,-2111,-2111,1,1,0.7160798077559304,0.7160798077559304,A,A
2112,2112,4224,4224,-2112,-2112,1,1,0.4752171225373376,0.4752171225373376,A,A
2113,2113,4226,4226,-2113,-2113,1,1,0.07699443808276285,0.07699443808276285,A,A
2114,2114,4228,4228,-2114,-2114,1,1,0.0005862755720272839,0.0005862755720272839,A,A
2115,2115,4230,4230,-2115,-2115,1,1,0.4777761720203414,0.4777761720203414,A,A
2118,2118,4236,4236,-2118,-2118,1,1,0.7773361364974962,0.7773361364974962,A,A
2119,2119,4238,4238,-2119,-2119,1,1,0.28290131940236585,0.28290131940236585,A,A
2120,2120,4240,4240,-2120,-2120,1,1,0.029139646644029238,0.029139646644029238,A,A
2122,2122,4244,4244,-2122,-2122,1,1,0.16791369286963842,0.16791369286963842,A,A
2125,2125,4250,4250,-2125,-2125,1,1,0.8803602966587013,0.8803602966587013,A,A
2126,2126,4252,4252,-2126,-2126,1,1,0.9173760261195287,0.9173760261195287,A,A
2128,2128,4256,4256,-2128,-2128,1,1,0.5424533096266543,0.5424533096266543,A,A
2129,2129,4258,4258,-2129,-2129,1,1,0.4893348192159954,0.4893348192159954,A,A
2131,2131,4262,4262,-2131,-2131,1,1,0.06569958011146215,0.06569958011146215,A,A
2133,2133,4266,4266,-2133,-2133,1,1,0.2678270454113162,0.2678270454113162,A,A
2135,2135,4270,4270,-2135,-2135,1,1,0.44791407477293554,0.44791407477293554,A,A
2136,2136,4272,4272,-2136,-2136,1,1,0.011161604706086847,0.011161604706086847,A,A
2138,2138,4276,4276,-2138,-2138,1,1,0.1776836160585159,0.1776836160585159,A,A
2139,2139,4278,4278,-2139,-2139,1,1,0.24523271388698897,0.24523271388698897,A,A
2140,2140,4280,4280,-2140,-2140,1,1,0.9051455805381174,0.9051455805381174,A,A
2141,2141,4282,4282,-2141,-2141,1,1,0.5099791775909549,0.5099791775909549,A,A
2142,2142,4284,4284,-2142,-2142,1,1,0.28453170504424685,0.28453170504424685,A,A
2143,2143,4286,4286,-2143,-2143,1,1,0.29295869540016994,0.29295869540016994,A,A
2144,2144,4288,4288,-2144,-2144,1,1,0.6426050535196779,0.6426050535196779,A,A
2145,2145,4290,4290,-2145,-2145,1,1,0.4274099210760678,0.4274099210760678,A,A
2146,2146,4292,4292,-2146,-2146,1,1,0.7349411616590555,0.7349411616590555,A,A
2147,2147,4294,4294,-2147,-2147,1,1,0.5537857324432028,0.5537857324432028,A,A
2148,2148,4296,4296,-2148,-2148,1,1,0.23904474131756448,0.23904474131756448,A,A
2150,2150,4300,4300,-2150,-2150,1,1,0.08497791966918211,0.08497791966918211,A,A
2154,2154,4308,4308,-2154,-2154,1,1,0.0467419194450901,0.0467419194450901,A,A
2155,2155,4310,4310,-2155,-2155,1,1,0.7203109254315232,0.7203109254315232,A,A
2156,2156,4312,4312,-2156,-2156,1,1,0.28415532690733325,0.28415532690733325,A,A
2157,2157,4314,4314,-2157,-2157,1,1,0.6301820915113294,0.6301820915113294,A,A
2158,2158,4316,4316,-2158,-2158,1,1,0.5487963107817333,0.5487963107817333,A,A
2161,2161,4322,4322,-2161,-2161,1,1,0.4499466006023465,0.4499466006023465,A,A
2162,2162,4324,4324,-2162,-2162,1,1,0.5843679342824786,0.5843679342824786,A,A
2163,2163,4326,4326,-2163,-2163,1,1,0.1139720455400729,0.1139720455400729,A,A
2164,2164,4328,4328,-2164,-2164,1,1,0.6343812693145634,0.6343812693145634,A,A
2165,2165,4330,4330,-2165,-2165,1,1,0.8806308400057437,0.8806308400057437,A,A
2166,2166,4332,4332,-2166,-2166,1,1,0.6683871548832393,0.6683871548832393,A,A
2168,2168,4336,4336,-2168,-2168,1,1,0.7854281727506399,0.7854281727506399,A,A
2170,2170,4340,4340,-2170,-2170,1,1,0.023272108826848048,0.023272108826848048,A,A
2173,2173,4346,4346,-2173,-2173,1,1,0.35537413415374064,0.35537413415374064,A,A
2174,2174,4348,4348,-2174,-2174,1,1,0.7723611715611925,0.7723611715611925,A,A
2175,2175,4350,4350,-2175,-2175,1,1,0.46339958722646524,0.46339958722646524,A,A
2176,2176,4352,4352,-2176,-2176,1,1,0.20308697943595755,0.20308697943595755,A,A
2178,2178,4356,4356,-2178,-2178,1,1,0.33384980620795646,0.33384980620795646,A,A
2179,2179,4358,4358,-2179,-2179,1,1,0.9814806502901894,0.9814806502901894,A,A
2180,2180,4360,4360,-2180,-2180,1,1,0.17046840018839182,0.17046840018839182,A,A
2183,2183,4366,4366,-2183,-2183,1,1,0.30151875667202377,0.30151875667202377,A,A
2188,2188,4376,4376,-2188,-2188,1,1,0.4515667646561652,0.4515667646561652,A,A
2190,2190,4380,4380,-2190,-2190,1,1,0.7281985316825634,0.7281985316825634,A,A
2192,2192,4384,4384,-2192,-2192,1,1,0.968240727909708,0.968240727909708,A,A
2194,2194,4388,4388,-2194,-2194,1,1,0.599445628252835,0.599445628252835,A,A
2196,2196,4392,4392,-2196,-2196,1,1,0.13109339653155683,0.13109339653155683,A,A
2197,2197,4394,4394,-2197,-2197,1,1,0.04199087687295433,0.04199087687295433,A,A
2198,2198,4396,4396,-2198,-2198,1,1,0.8826017966023466,0.8826017966023466,A,A
2199,2199,4398,4398,-2199,-2199,1,1,0.7714341130987415,0.7714341130987415,A,A
2201,2201,4402,4402,-2201,-2201,1,1,0.47793511975945824,0.47793511975945824,A,A
2202,2202,4404,4404,-2202,-2202,1,1,0.5826210105061724,0.5826210105061724,A,A
2203,2203,4406,4406,-2203,-2203,1,1,0.8947437631635345,0.8947437631635345,A,A
2206,2206,4412,4412,-2206,-2206,1,1,0.32285797622359846,0.32285797622359846,A,A
2207,2207,4414,4414,-2207,-2207,1,1,0.21907864231005747,0.21907864231005747,A,A
2208,2208,4416,4416,-2208,-2208,1,1,0.24350045571435885,0.24350045571435885,A,A
2209,2209,4418,4418,-2209,-2209,1,1,0.6669891667689207,0.6669891667689207,A,A
2210,2210,4420,4420,-2210,-2210,1,1,0.3031573130513122,0.3031573130513122,A,A
2211,2211,4422,4422,-2211,-2211,1,1,0.41955900042712,0.41955900042712,A,A
2212,2212,4424,4424,-2212,-2212,1,1,0.16754510712536064,0.16754510712536064,A,A
2214,2214,4428,4428,-2214,-2214,1,1,0.09314867922005265,0.09314867922005265,A,A
2215,2215,4430,4430,-2215,-2215,1,1,0.8101830892797387,0.8101830892797387,A,A
2216,2216,4432,4432,-2216,-2216,1,1,0.09484892181673654,0.09484892181673654,A,A
2217,2217,4434,4434,-2217,-2217,1,1,0.9200556959835261,0.9200556959835261,A,A
2218,2218,4436,4436,-2218,-2218,1,1,0.1274918551046238,0.1274918551046238,A,A
2219,2219,4438,4438,-2219,-2219,1,1,0.17402370996639738,0.17402370996639738,A,A
2220,2220,4440,4440,-2220,-2220,1,1,0.14309969767713626,0.14309969767713626,A,A
2221,2221,4442,4442,-2221,-2221,1,1,0.41569078050807995,0.41569078050807995,A,A
2222,2222,4444,4444,-2222,-2222,1,1,0.3576297246390019,0.3576297246390019,A,A
2224,2224,4448,4448,-2224,-2224,1,1,0.5208334575545187,0.5208334575545187,A,A
2225,2225,4450,4450,-2225,-2225,1,1,0.7363900549970349,0.7363900549970349,A,A
2229,2229,4458,4458,-2229,-2229,1,1,0.4683265412049272,0.4683265412049272,A,A
2230,2230,4460,4460,-2230,-2230,1,1,0.02997519191820197,0.02997519191820197,A,A
2231,2231,4462,4462,-2231,-2231,1,1,0.22441458257948288,0.22441458257948288,A,A
2232,2232,4464,4464,-2232,-2232,1,1,0.51200063932759,0.51200063932759,A,A
2233,2233,4466,4466,-2233,-2233,1,1,0.763667374100366,0.763667374100366,A,A
2235,2235,4470,4470,-2235,-2235,1,1,0.41258156317099604,0.41258156317099604,A,A
2237,2237,4474,4474,-2237,-2237,1,1,0.8692594699761883,0.8692594699761883,A,A
2238,2238,4476,4476,-2238,-2238,1,1,0.8206516089098611,0.8206516089098611,A,A
2239,2239,4478,4478,-2239,-2239,1,1,0.7277342255062632,0.7277342255062632,A,A
2242,2242,4484,4484,-2242,-2242,1,1,0.7234357766904325,0.7234357766904325,A,A
2243,2243,4486,4486,-2243,-2243,1,1,0.9164372949626796,0.9164372949626796,A,A
2244,2244,4488,4488,-2244,-2244,1,1,0.816100914638418,0.816100914638418,A,A
2245,2245,4490,4490,-2245,-2245,1,1,0.8731897373745008,0.8731897373745008,A,A
2246,2246,4492,4492,-2246,-2246,1,1,0.5192511396058143,0.5192511396058143,A,A
2247,2247,4494,4494,-2247,-2247,1,1,0.932797353669885,0.932797353669885,A,A
2248,2248,4496,4496,-2248,-2248,1,1,0.4104018167980026,0.4104018167980026,A,A
2251,2251,4502,4502,-2251,-2251,1,1,0.08062485441986278,0.08062485441986278,A,A
2253,2253,4506,4506,-2253,-2253,1,1,0.8485465521265141,0.8485465521265141,A,A
2254,2254,4508,4508,-2254,-2254,1,1,0.16615488444318083,0.16615488444318083,A,A
2255,2255,4510,4510,-2255,-2255,1,1,0.18901911290186946,0.18901911290186946,A,A
2256,2256,4512,4512,-2256,-2256,1,1,0.1580522716854832,0.1580522716854832,A,A
2257,2257,4514,4514,-2257,-2257,1,1,0.10606906907609492,0.10606906907609492,A,A
2259,2259,4518,4518,-2259,-2259,1,1,0.5821939684145087,0.5821939684145087,A,A
2262,2262,4524,4524,-2262,-2262,1,1,0.36821595905380566,0.36821595905380566,A,A
2264,2264,4528,4528,-2264,-2264,1,1,0.20531436901052114,0.20531436901052114,A,A
2265,2265,4530,4530,-2265,-2265,1,1,0.7461217044369083,0.7461217044369083,A,A
2270,2270,4540,4540,-2270,-2270,1,1,0.8718386085248406,0.8718386085248406,A,A
2274,2274,4548,4548,-2274,-2274,1,1,0.4178105962720632,0.4178105962720632,A,A
2275,2275,4550,4550,-2275,-2275,1,1,0.9427660510756388,0.9427660510756388,A,A
2276,2276,4552,4552,-2276,-2276,1,1,0.49791419988271823,0.49791419988271823,A,A
2278,2278,4556,4556,-2278,-2278,1,1,0.6944378255506827,0.6944378255506827,A,A
2279,2279,4558,4558,-2279,-2279,1,1,0.9285455193828478,0.9285455193828478,A,A
2280,2280,4560,4560,-2280,-2280,1,1,0.22317870947853602,0.22317870947853602,A,A
2281,2281,4562,4562,-2281,-2281,1,1,0.7750328015637515,0.7750328015637515,A,A
2283,2283,4566,4566,-2283,-2283,1,1,0.24445580716193904,0.24445580716193904,A,A
2285,2285,4570,4570,-2285,-2285,1,1,0.5219963722382602,0.5219963722382602,A,A
2286,2286,4572,4572,-2286,-2286,1,1,0.04372340290925014,0.04372340290925014,A,A
2287,2287,4574,4574,-2287,-2287,1,1,0.8224115489958967,0.8224115489958967,A,A
2288,2288,4576,4576,-2288,-2288,1,1,0.6164207773598013,0.6164207773598013,A,A
2289,2289,4578,4578,-2289,-2289,1,1,0.5393486527936738,0.5393486527936738,A,A
2290,2290,4580,4580,-2290,-2290,1,1,0.2686606507014291,0.2686606507014291,A,A
2291,2291,4582,4582,-2291,-2291,1,1,0.7514462364632483,0.7514462364632483,A,A
2293,2293,4586,4586,-2293,-2293,1,1,0.06551264876578144,0.06551264876578144,A,A
2294,2294,4588,4588,-2294,-2294,1,1,0.6615020390901767,0.6615020390901767,A,A
2295,2295,4590,4590,-2295,-2295,1,1,0.7681731165919942,0.7681731165919942,A,A
2296,2296,4592,4592,-2296,-2296,1,1,0.7512127338391599,0.7512127338391599,A,A
2297,2297,4594,4594,-2297,-2297,1,1,0.3704578210809776,0.3704578210809776,A,A
2299,2299,4598,4598,-2299,-2299,1,1,0.4734443937978863,0.4734443937978863,A,A
2300,2300,4600,4600,-2300,-2300,1,1,0.060772592704410155,0.060772592704410155,A,A
2301,2301,4602,4602,-2301,-2301,1,1,0.8045077062871218,0.8045077062871218,A,A
2303,2303,4606,4606,-2303,-2303,1,1,0.8190046561459551,0.8190046561459551,A,A
2305,2305,4610,4610,-2305,-2305,1,1,0.8114537583882862,0.8114537583882862,A,A
2306,2306,4612,4612,-2306,-2306,1,1,0.12340901515002523,0.12340901515002523,A,A
2307,2307,4614,4614,-2307,-2307,1,1,0.5049648790785284,0.5049648790785284,A,A
2308,2308,4616,4616,-2308,-2308,1,1,0.29306648550566483,0.29306648550566483,A,A
2309,2309,4618,4618,-2309,-2309,1,1,0.31028902464116326,0.31028902464116326,A,A
2312,2312,4624,4624,-2312,-2312,1,1,0.7781193804821055,0.7781193804821055,A,A
2313,2313,4626,4626,-2313,-2313,1,1,0.5692194918520017,0.5692194918520017,A,A
2314,2314,4628,4628,-2314,-2314,1,1,0.22512208083372487,0.22512208083372487,A,A
2315,2315,4630,4630,-2315,-2315,1,1,0.749468338677131,0.749468338677131,A,A
2316,2316,4632,4632,-2316,-2316,1,1,0.9800274797617181,0.9800274797617181,A,A
2318,2318,4636,4636,-2318,-2318,1,1,0.5553419711352048,0.5553419711352048,A,A
2319,2319,4638,4638,-2319,-2319,1,1,0.45893744098803424,0.45893744098803424,A,A
2321,2321,4642,4642,-2321,-2321,1,1,0.21657204591454804,0.21657204591454804,A,A
2323,2323,4646,4646,-2323,-2323,1,1,0.9787790558680011,0.9787790558680011,A,A
2324,2324,4648,4648,-2324,-2324,1,1,0.05968606183167502,0.05968606183167502,A,A
2325,2325,4650,4650,-2325,-2325,1,1,0.8138680182298264,0.8138680182298264,A,A
2326,2326,4652,4652,-2326,-2326,1,1,0.9432420432815224,0.9432420432815224,A,A
2328,2328,4656,4656,-2328,-2328,1,1,0.6652265231244602,0.6652265231244602,A,A
2330,2330,4660,4660,-2330,-2330,1,1,0.9280484876609427,0.9280484876609427,A,A
2331,2331,4662,4662,-2331,-2331,1,1,0.8317358872592439,0.8317358872592439,A,A
2332,2332,4664,4664,-2332,-2332,1,1,0.707635620555414,0.707635620555414,A,A
2333,2333,4666,4666,-2333,-2333,1,1,0.1572778617591467,0.1572778617591467,A,A
2334,2334,4668,4668,-2334,-2334,1,1,0.15848849825853129,0.15848849825853129,A,A
2336,2336,4672,4672,-2336,-2336,1,1,0.13266158892249025,0.13266158892249025,A,A
2338,2338,4676,4676,-2338,-2338,1,1,0.8908829958384744,0.8908829958384744,A,A
2339,2339,4678,4678,-2339,-2339,1,1,0.7806494209587239,0.7806494209587239,A,A
2340,2340,4680,4680,-2340,-2340,1,1,0.30535480774109824,0.30535480774109824,A,A
2341,2341,4682,4682,-2341,-2341,1,1,0.2120001349735965,0.2120001349735965,A,A
2342,2342,4684,4684,-2342,-2342,1,1,0.5382476452036438,0.5382476452036438,A,A
2344,2344,4688,4688,-2344,-2344,1,1,0.026131171053205393,0.026131171053205393,A,A
2345,2345,4690,4690,-2345,-2345,1,1,0.4131037474964152,0.4131037474964152,A,A
2346,2346,4692,4692,-2346,-2346,1,1,0.2722556141935669,0.2722556141935669,A,A
2347,2347,4694,4694,-2347,-2347,1,1,0.9479530891401423,0.9479530891401423,A,A
2348,2348,4696,4696,-2348,-2348,1,1,0.41980475731274347,0.41980475731274347,A,A
2349,2349,4698,4698,-2349,-2349,1,1,0.5271630841748565,0.5271630841748565,A,A
2350,2350,4700,4700,-2350,-2350,1,1,0.3101820016923468,0.3101820016923468,A,A
2352,2352,4704,4704,-2352,-2352,1,1,0.38677224485701,0.38677224485701,A,A
2354,2354,4708,4708,-2354,-2354,1,1,0.32313478924731354,0.32313478924731354,A,A
2356,2356,4712,4712,-2356,-2356,1,1,0.4868478333598163,0.4868478333598163,A,A
2357,2357,4714,4714,-2357,-2357,1,1,0.6573373475342142,0.6573373475342142,A,A
2358,2358,4716,4716,-2358,-2358,1,1,0.023446746327649093,0.023446746327649093,A,A
2361,2361,4722,4722,-2361,-2361,1,1,0.1144547249478095,0.1144547249478095,A,A
2362,2362,4724,4724,-2362,-2362,1,1,0.010302567181183053,0.010302567181183053,A,A
2363,2363,4726,4726,-2363,-2363,1,1,0.09153898983687248,0.09153898983687248,A,A
2364,2364,4728,4728,-2364,-2364,1,1,0.11361922813915515,0.11361922813915515,A,A
2366,2366,4732,4732,-2366,-2366,1,1,0.5535087460152621,0.5535087460152621,A,A
2367,2367,4734,4734,-2367,-2367,1,1,0.8507829818364935,0.8507829818364935,A,A
2368,2368,4736,4736,-2368,-2368,1,1,0.7875805293743146,0.7875805293743146,A,A
2372,2372,4744,4744,-2372,-2372,1,1,0.8223249557637718,0.8223249557637718,A,A
2374,2374,4748,4748,-2374,-2374,1,1,0.4731566899427718,0.4731566899427718,A,A
2376,2376,4752,4752,-2376,-2376,1,1,0.7704792023853271,0.7704792023853271,A,A
2377,2377,4754,4754,-2377,-2377,1,1,0.034059461947307135,0.034059461947307135,A,A
2378,2378,4756,4756,-2378,-2378,1,1,0.8353301012134624,0.8353301012134624,A,A
2379,2379,4758,4758,-2379,-2379,1,1,0.6906213490370421,0.6906213490370421,A,A
2380,2380,4760,4760,-2380,-2380,1,1,0.3203705700704511,0.3203705700704511,A,A
2381,2381,4762,4762,-2381,-2381,1,1,0.9597358655455461,0.9597358655455461,A,A
2383,2383,4766,4766,-2383,-2383,1,1,0.5412786304342284,0.5412786304342284,A,A
2384,2384,4768,4768,-2384,-2384,1,1,0.7273862928696309,0.7273862928696309,A,A
2386,2386,4772,4772,-2386,-2386,1,1,0.9784875217054333,0.9784875217054333,A,A
2387,2387,4774,4774,-2387,-2387,1,1,0.6842829111704137,0.6842829111704137,A,A
2389,2389,4778,4778,-2389,-2389,1,1,0.7177466500689298,0.7177466500689298,A,A
2390,2390,4780,4780,-2390,-2390,1,1,0.03625095515384358,0.03625095515384358,A,A
2391,2391,4782,4782,-2391,-2391,1,1,0.6945638975395411,0.6945638975395411,A,A
2395,2395,4790,4790,-2395,-2395,1,1,0.10536730958211649,0.10536730958211649,A,A
2398,2398,4796,4796,-2398,-2398,1,1,0.5323192565895075,0.5323192565895075,A,A
2399,2399,4798,4798,-2399,-2399,1,1,0.3541001588175644,0.3541001588175644,A,A
2400,2400,4800,4800,-2400,-2400,1,1,0.7589447666313061,0.7589447666313061,A,A
2403,2403,4806,4806,-2403,-2403,1,1,0.6185527316368549,0.6185527316368549,A,A
2404,2404,4808,4808,-2404,-2404,1,1,0.5687570592608042,0.5687570592608042,A,A
2405,2405,4810,4810,-2405,-2405,1,1,0.9624734981550711,0.9624734981550711,A,A
2406,2406,4812,4812,-2406,-2406,1,1,0.7177060098101862,0.7177060098101862,A,A
2409,2409,4818,4818,-2409,-2409,1,1,0.048773003397921344,0.048773003397921344,A,A
2413,2413,4826,4826,-2413,-2413,1,1,0.8055831730905977,0.8055831730905977,A,A
2414,2414,4828,4828,-2414,-2414,1,1,0.62137094563377,0.62137094563377,A,A
2419,2419,4838,4838,-2419,-2419,1,1,0.05163895871928581,0.05163895871928581,A,A
2420,2420,4840,4840,-2420,-2420,1,1,0.8500240787754924,0.8500240787754924,A,A
2421,2421,4842,4842,-2421,-2421,1,1,0.8558941142464112,0.8558941142464112,A,A
2422,2422,4844,4844,-2422,-2422,1,1,0.07513497758262244,0.07513497758262244,A,A
2423,2423,4846,4846,-2423,-2423,1,1,0.4562759381229924,0.4562759381229924,A,A
2424,2424,4848,4848,-2424,-2424,1,1,0.12539298233769047,0.12539298233769047,A,A
2425,2425,4850,4850,-2425,-2425,1,1,0.15613741893091948,0.15613741893091948,A,A
2427,2427,4854,4854,-2427,-2427,1,1,0.9391985798313252,0.9391985798313252,A,A
2429,2429,4858,4858,-2429,-2429,1,1,0.9786367809223782,0.9786367809223782,A,A
2430,2430,4860,4860,-2430,-2430,1,1,0.7985993780810869,0.7985993780810869,A,A
2431,2431,4862,4862,-2431,-2431,1,1,0.5632468355183504,0.5632468355183504,A,A
2432,2432,4864,4864,-2432,-2432,1,1,0.38568965851138715,0.38568965851138715,A,A
2433,2433,4866,4866,-2433,-2433,1,1,0.43357103161277677,0.43357103161277677,A,A
2435,2435,4870,4870,-2435,-2435,1,1,0.5405617544725073,0.5405617544725073,A,A
2436,2436,4872,4872,-2436,-2436,1,1,0.38582469844050815,0.38582469844050815,A,A
2437,2437,4874,4874,-2437,-2437,1,1,0.7492155230480998,0.7492155230480998,A,A
2440,2440,4880,4880,-2440,-2440,1,1,0.9531958013633713,0.9531958013633713,A,A
2441,2441,4882,4882,-2441,-2441,1,1,0.4682682966410028,0.4682682966410028,A,A
2442,2442,4884,4884,-2442,-2442,1,1,0.1243608760879995,0.1243608760879995,A,A
2443,2443,4886,4886,-2443,-2443,1,1,0.7172547596335666,0.7172547596335666,A,A
2444,2444,4888,4888,-2444,-2444,1,1,0.7561489363358621,0.7561489363358621,A,A
2449,2449,4898,4898,-2449,-2449,1,1,0.776377667016736,0.776377667016736,A,A
2452,2452,4904,4904,-2452,-2452,1,1,0.783237264309407,0.783237264309407,A,A
2454,2454,4908,4908,-2454,-2454,1,1,0.41173514771406994,0.41173514771406994,A,A
2455,2455,4910,4910,-2455,-2455,1,1,0.9722178141905211,0.9722178141905211,A,A
2457,2457,4914,4914,-2457,-2457,1,1,0.2998431518213357,0.2998431518213357,A,A
2458,2458,4916,4916,-2458,-2458,1,1,0.8888780928721461,0.8888780928721461,A,A
2459,2459,4918,4918,-2459,-2459,1,1,0.8390759610242211,0.8390759610242211,A,A
2460,2460,4920,4920,-2460,-2460,1,1,0.8066293354359845,0.8066293354359845,A,A
2461,2461,4922,4922,-2461,-2461,1,1,0.5652133187523326,0.5652133187523326,A,A
2463,2463,4926,4926,-2463,-2463,1,1,0.5131220818778354,0.5131220818778354,A,A
2467,2467,4934,4934,-2467,-2467,1,1,0.4039327835477513,0.4039327835477513,A,A
2468,2468,4936,4936,-2468,-2468,1,1,0.19729850004544291,0.19729850004544291,A,A
2469,2469,4938,4938,-2469,-2469,1,1,0.5825700063548302,0.5825700063548302,A,A
2470,2470,4940,4940,-2470,-2470,1,1,0.5918945398228712,0.5918945398228712,A,A
2471,2471,4942,4942,-2471,-2471,1,1,0.1661800000444743,0.1661800000444743,A,A
2472,2472,4944,4944,-2472,-2472,1,1,0.0343336007529198,0.0343336007529198,A,A
2473,2473,4946,4946,-2473,-2473,1,1,0.8980135088930742,0.8980135088930742,A,A
2475,2475,4950,4950,-2475,-2475,1,1,0.9819000251065109,0.9819000251065109,A,A
2476,2476,4952,4952,-2476,-2476,1,1,0.5233347840038641,0.5233347840038641,A,A
2477,2477,4954,4954,-2477,-2477,1,1,0.38771049634702803,0.38771049634702803,A,A
2478,2478,4956,4956,-2478,-2478,1,1,0.7162753439746626,0.7162753439746626,A,A
2479,2479,4958,4958,-2479,-2479,1,1,0.3285078760978557,0.3285078760978557,A,A
2481,2481,4962,4962,-2481,-2481,1,1,0.8818845700056125,0.8818845700056125,A,A
2482,2482,4964,4964,-2482,-2482,1,1,0.10688952020903575,0.10688952020903575,A,A
2483,2483,4966,4966,-2483,-2483,1,1,0.5395568285579065,0.5395568285579065,A,A
2484,2484,4968,4968,-2484,-2484,1,1,0.015538601756011627,0.015538601756011627,A,A
2489,2489,4978,4978,-2489,-2489,1,1,0.21244311841292907,0.21244311841292907,A,A
2490,2490,4980,4980,-2490,-2490,1,1,0.11490965647054241,0.11490965647054241,A,A
2491,2491,4982,4982,-2491,-2491,1,1,0.8513864756549224,0.8513864756549224,A,A
2492,2492,4984,4984,-2492,-2492,1,1,0.22500909436019112,0.22500909436019112,A,A
2494,2494,4988,4988,-2494,-2494,1,1,0.427319468973702,0.427319468973702,A,A
2497,2497,4994,4994,-2497,-2497,1,1,0.9522210921600855,0.9522210921600855,A,A
2498,2498,4996,4996,-2498,-2498,1,1,0.30365936983442554,0.30365936983442554,A,A
2499,2499,4998,4998,-2499,-2499,1,1,0.17702416056962456,0.17702416056962456,A,A
2500,2500,5000,5000,-2500,-2500,1,1,0.8965183846598592,0.8965183846598592,A,A
2501,2501,5002,5002,-2501,-2501,1,1,0.9395378628520558,0.9395378628520558,A,A
2503,2503,5006,5006,-2503,-2503,1,1,0.1344438394109978,0.1344438394109978,A,A
2504,2504,5008,5008,-2504,-2504,1,1,0.2015597617744872,0.2015597617744872,A,A
2505,2505,5010,5010,-2505,-2505,1,1,0.956218403902054,0.956218403902054,A,A
2508,2508,5016,5016,-2508,-2508,1,1,0.9792047409043386,0.9792047409043386,A,A
2510,2510,5020,5020,-2510,-2510,1,1,0.43911556035076027,0.43911556035076027,A,A
2511,2511,5022,5022,-2511,-2511,1,1,0.05309107909568789,0.05309107909568789,A,A
2512,2512,5024,5024,-2512,-2512,1,1,0.5106359800333069,0.5106359800333069,A,A
2514,2514,5028,5028,-2514,-2514,1,1,0.3387251632094218,0.3387251632094218,A,A
2517,2517,5034,5034,-2517,-2517,1,1,0.5872181674880885,0.5872181674880885,A,A
2518,2518,5036,5036,-2518,-2518,1,1,0.8672688296626163,0.8672688296626163,A,A
2519,2519,5038,5038,-2519,-2519,1,1,0.5187945402577213,0.5187945402577213,A,A
2521,2521,5042,5042,-2521,-2521,1,1,0.0541465757465156,0.0541465757465156,A,A
2522,2522,5044,5044,-2522,-2522,1,1,0.2047920581475252,0.2047920581475252,A,A
2523,2523,5046,5046,-2523,-2523,1,1,0.767477931863426,0.767477931863426,A,A
2524,2524,5048,5048,-2524,-2524,1,1,0.8809225796706706,0.8809225796706706,A,A
2527,2527,5054,5054,-2527,-2527,1,1,0.05153979993406688,0.05153979993406688,A,A
2529,2529,5058,5058,-2529,-2529,1,1,0.014927674388902079,0.014927674388902079,A,A
2531,2531,5062,5062,-2531,-2531,1,1,0.26370758372262415,0.26370758372262415,A,A
2533,2533,5066,5066,-2533,-2533,1,1,0.5316393826301075,0.5316393826301075,A,A
2534,2534,5068,5068,-2534,-2534,1,1,0.5295372076050702,0.5295372076050702,A,A
2535,2535,5070,5070,-2535,-2535,1,1,0.7156916681870208,0.7156916681870208,A,A
2536,2536,5072,5072,-2536,-2536,1,1,0.9756755240167134,0.9756755240167134,A,A
2537,2537,5074,5074,-2537,-2537,1,1,0.2667886604232311,0.2667886604232311,A,A
2538,2538,5076,5076,-2538,-2538,1,1,0.684590196762761,0.684590196762761,A,A
2539,2539,5078,5078,-2539,-2539,1,1,0.8334432844070989,0.8334432844070989,A,A
2540,2540,5080,5080,-2540,-2540,1,1,0.24937585821422503,0.24937585821422503,A,A
2543,2543,5086,5086,-2543,-2543,1,1,0.6661116189736204,0.6661116189736204,A,A
2545,2545,5090,5090,-2545,-2545,1,1,0.6285411931114208,0.6285411931114208,A,A
2546,2546,5092,5092,-2546,-2546,1,1,0.09950378878650568,0.09950378878650568,A,A
2547,2547,5094,5094,-2547,-2547,1,1,0.8164632480994188,0.8164632480994188,A,A
2548,2548,5096,5096,-2548,-2548,1,1,0.07393755552885761,0.07393755552885761,A,A
2550,2550,5100,5100,-2550,-2550,1,1,0.23446062733033135,0.23446062733033135,A,A
2551,2551,5102,5102,-2551,-2551,1,1,0.6185363828878045,0.6185363828878045,A,A
2552,2552,5104,5104,-2552,-2552,1,1,0.9473635275509227,0.9473635275509227,A,A
2554,2554,5108,5108,-2554,-2554,1,1,0.49897692438248065,0.49897692438248065,A,A
2555,2555,5110,5110,-2555,-2555,1,1,0.24384129535104637,0.24384129535104637,A,A
2556,2556,5112,5112,-2556,-2556,1,1,0.4847368497087078,0.4847368497087078,A,A
2558,2558,5116,5116,-2558,-2558,1,1,0.11380515279814407,0.11380515279814407,A,A
2559,2559,5118,5118,-2559,-2559,1,1,0.9939041168820932,0.9939041168820932,A,A
2560,2560,5120,5120,-2560,-2560,1,1,0.5957876465497108,0.5957876465497108,A,A
2561,2561,5122,5122,-2561,-2561,1,1,0.17271887284315435,0.17271887284315435,A,A
2562,2562,5124,5124,-2562,-2562,1,1,0.44580063340995413,0.44580063340995413,A,A
2563,2563,5126,5126,-2563,-2563,1,1,0.6159404931110968,0.6159404931110968,A,A
2564,2564,5128,5128,-2564,-2564,1,1,0.0773141991585542,0.0773141991585542,A,A
2565,2565,5130,5130,-2565,-2565,1,1,0.0013523340237887593,0.0013523340237887593,A,A
2567,2567,5134,5134,-2567,-2567,1,1,0.7087630632672746,0.7087630632672746,A,A
2568,2568,5136,5136,-2568,-2568,1,1,0.7338408682159698,0.7338408682159698,A,A
2569,2569,5138,5138,-2569,-2569,1,1,0.6290263512578307,0.6290263512578307,A,A
2572,2572,5144,5144,-2572,-2572,1,1,0.52708963661626,0.52708963661626,A,A
2573,2573,5146,5146,-2573,-2573,1,1,0.209684418197567,0.209684418197567,A,A
2574,2574,5148,5148,-2574,-2574,1,1,0.012176025275652647,0.012176025275652647,A,A
2575,2575,5150,5150,-2575,-2575,1,1,0.27791311378545447,0.27791311378545447,A,A
2576,2576,5152,5152,-2576,-2576,1,1,0.08073875784479878,0.08073875784479878,A,A
2577,2577,5154,5154,-2577,-2577,1,1,0.539653740910391,0.539653740910391,A,A
2579,2579,5158,5158,-2579,-2579,1,1,0.8403847734577515,0.8403847734577515,A,A
2580,2580,5160,5160,-2580,-2580,1,1,0.6951071640302654,0.6951071640302654,A,A
2581,2581,5162,5162,-2581,-2581,1,1,0.21411220787296725,0.21411220787296725,A,A
2583,2583,5166,5166,-2583,-2583,1,1,0.15099628624868688,0.15099628624868688,A,A
2585,2585,5170,5170,-2585,-2585,1,1,0.43568314688550336,0.43568314688550336,A,A
2588,2588,5176,5176,-2588,-2588,1,1,0.9320890287982917,0.9320890287982917,A,A
2589,2589,5178,5178,-2589,-2589,1,1,0.8438628143612071,0.8438628143612071,A,A
2591,2591,5182,5182,-2591,-2591,1,1,0.747702876310171,0.747702876310171,A,A
2594,2594,5188,5188,-2594,-2594,1,1,0.7947272099978191,0.7947272099978191,A,A
2596,2596,5192,5192,-2596,-2596,1,1,0.18796649703748347,0.18796649703748347,A,A
2597,2597,5194,5194,-2597,-2597,1,1,0.6088698255754519,0.6088698255754519,A,A
2598,2598,5196,5196,-2598,-2598,1,1,0.7228992737248141,0.7228992737248141,A,A
2599,2599,5198,5198,-2599,-2599,1,1,0.7625971989456929,0.7625971989456929,A,A
2600,2600,5200,5200,-2600,-2600,1,1,0.3787745272214268,0.3787745272214268,A,A
2602,2602,5204,5204,-2602,-2602,1,1,0.7589559416171182,0.7589559416171182,A,A
2604,2604,5208,5208,-2604,-2604,1,1,0.8050110628067196,0.8050110628067196,A,A
2608,2608,5216,5216,-2608,-2608,1,1,0.032300082431046984,0.032300082431046984,A,A
2613,2613,5226,5226,-2613,-2613,1,1,0.8013879512200878,0.8013879512200878,A,A
2614,2614,5228,5228,-2614,-2614,1,1,0.6366431262313743,0.6366431262313743,A,A
2615,2615,5230,5230,-2615,-2615,1,1,0.6773442543518363,0.6773442543518363,A,A
2616,2616,5232,5232,-2616,-2616,1,1,0.07381331399651603,0.07381331399651603,A,A
2617,2617,5234,5234,-2617,-2617,1,1,0.5660021079789544,0.5660021079789544,A,A
2618,2618,5236,5236,-2618,-2618,1,1,0.09372273195288683,0.09372273195288683,A,A
2619,2619,5238,5238,-2619,-2619,1,1,0.05935480798173509,0.05935480798173509,A,A
2620,2620,5240,5240,-2620,-2620,1,1,0.052201246961478764,0.052201246961478764,A,A
2624,2624,5248,5248,-2624,-2624,1,1,0.9304014286261386,0.9304014286261386,A,A
2625,2625,5250,5250,-2625,-2625,1,1,0.6046258515179199,0.6046258515179199,A,A
2627,2627,5254,5254,-2627,-2627,1,1,0.8533189822501026,0.8533189822501026,A,A
2628,2628,5256,5256,-2628,-2628,1,1,0.7382178059958908,0.7382178059958908,A,A
2629,2629,5258,5258,-2629,-2629,1,1,0.5343223085244526,0.5343223085244526,A,A
2630,2630,5260,5260,-2630,-2630,1,1,0.49473717152804453,0.49473717152804453,A,A
2631,2631,5262,5262,-2631,-2631,1,1,0.9151704069280934,0.9151704069280934,A,A
2633,2633,5266,5266,-2633,-2633,1,1,0.15138806577314246,0.15138806577314246,A,A
2634,2634,5268,5268,-2634,-2634,1,1,0.5155073419178595,0.5155073419178595,A,A
2635,2635,5270,5270,-2635,-2635,1,1,0.4964391675093396,0.4964391675093396,A,A
2638,2638,5276,5276,-2638,-2638,1,1,0.7904925759463092,0.7904925759463092,A,A
2639,2639,5278,5278,-2639,-2639,1,1,0.5030475031216542,0.5030475031216542,A,A
2642,2642,5284,5284,-2642,-2642,1,1,0.009803630876420888,0.009803630876420888,A,A
2644,2644,5288,5288,-2644,-2644,1,1,0.053127287160686376,0.053127287160686376,A,A
2646,2646,5292,5292,-2646,-2646,1,1,0.6185241032511138,0.6185241032511138,A,A
2648,2648,5296,5296,-2648,-2648,1,1,0.09895652066837168,0.09895652066837168,A,A
2649,2649,5298,5298,-2649,-2649,1,1,0.6989828631107101,0.6989828631107101,A,A
2650,2650,5300,5300,-2650,-2650,1,1,0.22332117358279469,0.22332117358279469,A,A
2652,2652,5304,5304,-2652,-2652,1,1,0.23999826165393157,0.23999826165393157,A,A
2653,2653,5306,5306,-2653,-2653,1,1,0.5503321423552897,0.5503321423552897,A,A
2654,2654,5308,5308,-2654,-2654,1,1,0.2748799372826922,0.2748799372826922,A,A
2655,2655,5310,5310,-2655,-2655,1,1,0.4064042911178969,0.4064042911178969,A,A
2656,2656,5312,5312,-2656,-2656,1,1,0.11071696179303891,0.11071696179303891,A,A
2657,2657,5314,5314,-2657,-2657,1,1,0.5975870908200787,0.5975870908200787,A,A
2658,2658,5316,5316,-2658,-2658,1,1,0.9292095021513566,0.9292095021513566,A,A
2661,2661,5322,5322,-2661,-2661,1,1,0.501627058383971,0.501627058383971,A,A
2662,2662,5324,5324,-2662,-2662,1,1,0.2601718552531178,0.2601718552531178,A,A
2663,2663,5326,5326,-2663,-2663,1,1,0.8045771287604819,0.8045771287604819,A,A
2664,2664,5328,5328,-2664,-2664,1,1,0.9093561072205485,0.9093561072205485,A,A
2666,2666,5332,5332,-2666,-2666,1,1,0.16994365447523363,0.16994365447523363,A,A
2667,2667,5334,5334,-2667,-2667,1,1,0.3932323378579904,0.3932323378579904,A,A
2669,2669,5338,5338,-2669,-2669,1,1,0.8780322683752229,0.8780322683752229,A,A
2670,2670,5340,5340,-2670,-2670,1,1,0.33409153925475255,0.33409153925475255,A,A
2671,2671,5342,5342,-2671,-2671,1,1,0.6184013408239748,0.6184013408239748,A,A
2673,2673,5346,5346,-2673,-2673,1,1,0.6826683658652147,0.6826683658652147,A,A
2674,2674,5348,5348,-2674,-2674,1,1,0.010950396809203955,0.010950396809203955,A,A
2675,2675,5350,5350,-2675,-2675,1,1,0.22250980561018252,0.22250980561018252,A,A
2679,2679,5358,5358,-2679,-2679,1,1,0.06452826964875602,0.06452826964875602,A,A
2681,2681,5362,5362,-2681,-2681,1,1,0.3433811448835312,0.3433811448835312,A,A
2682,2682,5364,5364,-2682,-2682,1,1,0.16940345011099422,0.16940345011099422,A,A
2688,2688,5376,5376,-2688,-2688,1,1,0.629464813676863,0.629464813676863,A,A
2689,2689,5378,5378,-2689,-2689,1,1,0.7587100077496882,0.7587100077496882,A,A
2690,2690,5380,5380,-2690,-2690,1,1,0.7087363901031644,0.7087363901031644,A,A
2692,2692,5384,5384,-2692,-2692,1,1,0.7836647106696522,0.7836647106696522,A,A
2693,2693,5386,5386,-2693,-2693,1,1,0.20198400398775274,0.20198400398775274,A,A
2694,2694,5388,5388,-2694,-2694,1,1,0.19610737506131526,0.19610737506131526,A,A
2695,2695,5390,5390,-2695,-2695,1,1,0.7998702960465699,0.7998702960465699,A,A
2696,2696,5392,5392,-2696,-2696,1,1,0.9407084096563559,0.9407084096563559,A,A
2697,2697,5394,5394,-2697,-2697,1,1,0.28914707203597645,0.28914707203597645,A,A
2698,2698,5396,5396,-2698,-2698,1,1,0.1297437323079167,0.1297437323079167,A,A
2699,2699,5398,5398,-2699,-2699,1,1,0.37484068908084167,0.37484068908084167,A,A
2700,2700,5400,5400,-2700,-2700,1,1,0.2370324785745288,0.2370324785745288,A,A
2701,2701,5402,5402,-2701,-2701,1,1,0.8492956014546722,0.8492956014546722,A,A
2702,2702,5404,5404,-2702,-2702,1,1,0.5080854920146518,0.5080854920146518,A,A
2705,2705,5410,5410,-2705,-2705,1,1,0.33652477035249784,0.33652477035249784,A,A
2706,2706,5412,5412,-2706,-2706,1,1,0.002119840182230881,0.002119840182230881,A,A
2707,2707,5414,5414,-2707,-2707,1,1,0.4427794212608689,0.4427794212608689,A,A
2709,2709,5418,5418,-2709,-2709,1,1,0.9364503289295724,0.9364503289295724,A,A
2710,2710,5420,5420,-2710,-2710,1,1,0.9663791569702304,0.9663791569702304,A,A
2711,2711,5422,5422,-2711,-2711,1,1,0.5500529701340874,0.5500529701340874,A,A
2712,2712,5424,5424,-2712,-2712,1,1,0.0024734483613154667,0.0024734483613154667,A,A
2714,2714,5428,5428,-2714,-2714,1,1,0.5761306890635034,0.5761306890635034,A,A
2719,2719,5438,5438,-2719,-2719,1,1,0.2512963492809337,0.2512963492809337,A,A
2721,2721,5442,5442,-2721,-2721,1,1,0.3875568085166936,0.3875568085166936,A,A
2723,2723,5446,5446,-2723,-2723,1,1,0.11514916869505987,0.11514916869505987,A,A
2726,2726,5452,5452,-2726,-2726,1,1,0.2781680185798535,0.2781680185798535,A,A
2728,2728,5456,5456,-2728,-2728,1,1,0.15436720151537997,0.15436720151537997,A,A
2733,2733,5466,5466,-2733,-2733,1,1,0.8745004304969708,0.8745004304969708,A,A
2734,2734,5468,5468,-2734,-2734,1,1,0.4148394984028383,0.4148394984028383,A,A
2735,2735,5470,5470,-2735,-2735,1,1,0.733700040110857,0.733700040110857,A,A
2736,2736,5472,5472,-2736,-2736,1,1,0.7732471923804375,0.7732471923804375,A,A
2737,2737,5474,5474,-2737,-2737,1,1,0.18253668202849038,0.18253668202849038,A,A
2738,2738,5476,5476,-2738,-2738,1,1,0.9883568343185795,0.9883568343185795,A,A
2739,2739,5478,5478,-2739,-2739,1,1,0.5302992588237551,0.5302992588237551,A,A
2741,2741,5482,5482,-2741,-2741,1,1,0.7039793846581421,0.7039793846581421,A,A
2742,2742,5484,5484,-2742,-2742,1,1,0.4839686999411731,0.4839686999411731,A,A
2743,2743,5486,5486,-2743,-2743,1,1,0.6541538633047559,0.6541538633047559,A,A
2744,2744,5488,5488,-2744,-2744,1,1,0.6695599303661085,0.6695599303661085,A,A
2746,2746,5492,5492,-2746,-2746,1,1,0.5847825171682814,0.5847825171682814,A,A
2747,2747,5494,5494,-2747,-2747,1,1,0.9663715259586336,0.9663715259586336,A,A
2749,2749,5498,5498,-2749,-2749,1,1,0.9816572234446844,0.9816572234446844,A,A
2750,2750,5500,5500,-2750,-2750,1,1,0.19826342608671021,0.19826342608671021,A,A
2751,2751,5502,5502,-2751,-2751,1,1,0.5639798964492758,0.5639798964492758,A,A
2752,2752,5504,5504,-2752,-2752,1,1,0.1971298121524011,0.1971298121524011,A,A
2753,2753,5506,5506,-2753,-2753,1,1,0.494833775220371,0.494833775220371,A,A
2754,2754,5508,5508,-2754,-2754,1,1,0.5259853910310692,0.5259853910310692,A,A
2759,2759,5518,5518,-2759,-2759,1,1,0.41365507368081655,0.41365507368081655,A,A
2760,2760,5520,5520,-2760,-2760,1,1,0.1252817409724284,0.1252817409724284,A,A
2761,2761,5522,5522,-2761,-2761,1,1,0.1384508484125191,0.1384508484125191,A,A
2762,2762,5524,5524,-2762,-2762,1,1,0.4133798686102085,0.4133798686102085,A,A
2763,2763,5526,5526,-2763,-2763,1,1,0.17510694846914376,0.17510694846914376,A,A
2764,2764,5528,5528,-2764,-2764,1,1,0.35394899225645593,0.35394899225645593,A,A
2765,2765,5530,5530,-2765,-2765,1,1,0.8676883710629171,0.8676883710629171,A,A
2767,2767,5534,5534,-2767,-2767,1,1,0.9770743664240338,0.9770743664240338,A,A
2768,2768,5536,5536,-2768,-2768,1,1,0.10353795505437102,0.10353795505437102,A,A
2769,2769,5538,5538,-2769,-2769,1,1,0.19677163476984028,0.19677163476984028,A,A
2772,2772,5544,5544,-2772,-2772,1,1,0.3382615949559581,0.3382615949559581,A,A
2773,2773,5546,5546,-2773,-2773,1,1,0.38343439007126356,0.38343439007126356,A,A
2774,2774,5548,5548,-2774,-2774,1,1,0.7907549320910406,0.7907549320910406,A,A
2775,2775,5550,5550,-2775,-2775,1,1,0.861274705217188,0.861274705217188,A,A
2776,2776,5552,5552,-2776,-2776,1,1,0.28516715300814444,0.28516715300814444,A,A
2777,2777,5554,5554,-2777,-2777,1,1,0.7394709257782179,0.7394709257782179,A,A
2778,2778,5556,5556,-2778,-2778,1,1,0.521259060275742,0.521259060275742,A,A
2780,2780,5560,5560,-2780,-2780,1,1,0.10181376507022422,0.10181376507022422,A,A
2781,2781,5562,5562,-2781,-2781,1,1,0.21386780879355483,0.21386780879355483,A,A
2783,2783,5566,5566,-2783,-2783,1,1,0.5300956478086879,0.5300956478086879,A,A
2784,2784,5568,5568,-2784,-2784,1,1,0.3770821598830879,0.3770821598830879,A,A
2786,2786,5572,5572,-2786,-2786,1,1,0.6886482864360086,0.6886482864360086,A,A
2787,2787,5574,5574,-2787,-2787,1,1,0.7604284412838406,0.7604284412838406,A,A
2788,2788,5576,5576,-2788,-2788,1,1,0.8997255429563745,0.8997255429563745,A,A
2790,2790,5580,5580,-2790,-2790,1,1,0.08534517310219791,0.08534517310219791,A,A
2791,2791,5582,5582,-2791,-2791,1,1,0.781663740725253,0.781663740725253,A,A
2792,2792,5584,5584,-2792,-2792,1,1,0.728177294049918,0.728177294049918,A,A
2793,2793,5586,5586,-2793,-2793,1,1,0.3416087417480237,0.3416087417480237,A,A
2794,2794,5588,5588,-2794,-2794,1,1,0.7071329374522689,0.7071329374522689,A,A
2796,2796,5592,5592,-2796,-2796,1,1,0.4710519337201282,0.4710519337201282,A,A
2797,2797,5594,5594,-2797,-2797,1,1,0.06738690929187185,0.06738690929187185,A,A
2798,2798,5596,5596,-2798,-2798,1,1,0.6480394550738191,0.6480394550738191,A,A
2799,2799,5598,5598,-2799,-2799,1,1,0.15635736330717365,0.15635736330717365,A,A
2800,2800,5600,5600,-2800,-2800,1,1,0.42787849076828455,0.42787849076828455,A,A
2801,2801,5602,5602,-2801,-2801,1,1,0.9273963782611087,0.9273963782611087,A,A
2802,2802,5604,5604,-2802,-2802,1,1,0.5678276178771463,0.5678276178771463,A,A
2803,2803,5606,5606,-2803,-2803,1,1,0.47567662290366863,0.47567662290366863,A,A
2804,2804,5608,5608,-2804,-2804,1,1,0.5478141759732784,0.5478141759732784,A,A
2805,2805,5610,5610,-2805,-2805,1,1,0.890332376213451,0.890332376213451,A,A
2806,2806,5612,5612,-2806,-2806,1,1,0.8669882220839074,0.8669882220839074,A,A
2807,2807,5614,5614,-2807,-2807,1,1,0.27369343092026777,0.27369343092026777,A,A
2808,2808,5616,5616,-2808,-2808,1,1,0.006895245841071707,0.006895245841071707,A,A
2809,2809,5618,5618,-2809,-2809,1,1,0.2809436813283247,0.2809436813283247,A,A
2810,2810,5620,5620,-2810,-2810,1,1,0.6346253404654582,0.6346253404654582,A,A
2812,2812,5624,5624,-2812,-2812,1,1,0.2943267364969656,0.2943267364969656,A,A
2813,2813,5626,5626,-2813,-2813,1,1,0.8433915134727971,0.8433915134727971,A,A
2815,2815,5630,5630,-2815,-2815,1,1,0.015558497443200703,0.015558497443200703,A,A
2817,2817,5634,5634,-2817,-2817,1,1,0.035121154743001703,0.035121154743001703,A,A
2819,2819,5638,5638,-2819,-2819,1,1,0.914329542042766,0.914329542042766,A,A
2822,2822,5644,5644,-2822,-2822,1,1,0.18848263996997572,0.18848263996997572,A,A
2823,2823,5646,5646,-2823,-2823,1,1,0.35857179445949594,0.35857179445949594,A,A
2824,2824,5648,5648,-2824,-2824,1,1,0.746205267921331,0.746205267921331,A,A
2826,2826,5652,5652,-2826,-2826,1,1,0.5618584628857307,0.5618584628857307,A,A
2827,2827,5654,5654,-2827,-2827,1,1,0.6598026114260223,0.6598026114260223,A,A
2828,2828,5656,5656,-2828,-2828,1,1,0.17666090956848735,0.17666090956848735,A,A
2829,2829,5658,5658,-2829,-2829,1,1,0.8770692005784678,0.8770692005784678,A,A
2833,2833,5666,5666,-2833,-2833,1,1,0.3622844436920112,0.3622844436920112,A,A
2834,2834,5668,5668,-2834,-2834,1,1,0.9667810517671166,0.9667810517671166,A,A
2836,2836,5672,5672,-2836,-2836,1,1,0.4696687189412273,0.4696687189412273,A,A
2837,2837,5674,5674,-2837,-2837,1,1,0.5964879307537609,0.5964879307537609,A,A
2838,2838,5676,5676,-2838,-2838,1,1,0.12437492722543564,0.12437492722543564,A,A
2842,2842,5684,5684,-2842,-2842,1,1,0.02890641259804505,0.02890641259804505,A,A
2843,2843,5686,5686,-2843,-2843,1,1,0.9224594096200677,0.9224594096200677,A,A
2844,2844,5688,5688,-2844,-2844,1,1,0.6443052770241086,0.6443052770241086,A,A
2846,2846,5692,5692,-2846,-2846,1,1,0.9487907719157684,0.9487907719157684,A,A
2847,2847,5694,5694,-2847,-2847,1,1,0.8656258932598269,0.8656258932598269,A,A
2848,2848,5696,5696,-2848,-2848,1,1,0.3939824335709884,0.3939824335709884,A,A
2849,2849,5698,5698,-2849,-2849,1,1,0.2864421414520685,0.2864421414520685,A,A
2850,2850,5700,5700,-2850,-2850,1,1,0.935929566933884,0.935929566933884,A,A
2852,2852,5704,5704,-2852,-2852,1,1,0.6043172588172853,0.6043172588172853,A,A
2853,2853,5706,5706,-2853,-2853,1,1,0.10244367751293171,0.10244367751293171,A,A
2854,2854,5708,5708,-2854,-2854,1,1,0.14051705430462835,0.14051705430462835,A,A
2855,2855,5710,5710,-2855,-2855,1,1,0.6121676843672768,0.6121676843672768,A,A
2856,2856,5712,5712,-2856,-2856,1,1,0.2901125270957282,0.2901125270957282,A,A
2859,2859,5718,5718,-2859,-2859,1,1,0.35558225652798003,0.35558225652798003,A,A
2860,2860,5720,5720,-2860,-2860,1,1,0.9426128907457082,0.9426128907457082,A,A
2862,2862,5724,5724,-2862,-2862,1,1,0.10747286348630913,0.10747286348630913,A,A
2863,2863,5726,5726,-2863,-2863,1,1,0.24144886919663955,0.24144886919663955,A,A
2867,2867,5734,5734,-2867,-2867,1,1,0.6978730723123509,0.6978730723123509,A,A
2868,2868,5736,5736,-2868,-2868,1,1,0.6043397905865046,0.6043397905865046,A,A
2869,2869,5738,5738,-2869,-2869,1,1,0.821421751410485,0.821421751410485,A,A
2870,2870,5740,5740,-2870,-2870,1,1,0.5633600921490911,0.5633600921490911,A,A
2871,2871,5742,5742,-2871,-2871,1,1,0.7180194625122124,0.7180194625122124,A,A
2872,2872,5744,5744,-2872,-2872,1,1,0.49234733945286435,0.49234733945286435,A,A
2874,2874,5748,5748,-2874,-2874,1,1,0.38359182289743265,0.38359182289743265,A,A
2875,2875,5750,5750,-2875,-2875,1,1,0.25510181021337597,0.25510181021337597,A,A
2876,2876,5752,5752,-2876,-2876,1,1,0.21044918915883382,0.21044918915883382,A,A
2878,2878,5756,5756,-2878,-2878,1,1,0.6806610622326654,0.6806610622326654,A,A
2879,2879,5758,5758,-2879,-2879,1,1,0.42595429888758674,0.42595429888758674,A,A
2882,2882,5764,5764,-2882,-2882,1,1,0.19068018047762636,0.19068018047762636,A,A
2883,2883,5766,5766,-2883,-2883,1,1,0.5495945090147358,0.5495945090147358,A,A
2884,2884,5768,5768,-2884,-2884,1,1,0.3477884757557017,0.3477884757557017,A,A
2886,2886,5772,5772,-2886,-2886,1,1,0.42037582684305796,0.42037582684305796,A,A
2887,2887,5774,5774,-2887,-2887,1,1,0.423648850762522,0.423648850762522,A,A
2890,2890,5780,5780,-2890,-2890,1,1,0.3947884433232508,0.3947884433232508,A,A
2892,2892,5784,5784,-2892,-2892,1,1,0.15260427641690721,0.15260427641690721,A,A
2894,2894,5788,5788,-2894,-2894,1,1,0.28514416931445896,0.28514416931445896,A,A
2896,2896,5792,5792,-2896,-2896,1,1,0.823735044422813,0.823735044422813,A,A
2897,2897,5794,5794,-2897,-2897,1,1,0.37076041926504044,0.37076041926504044,A,A
2898,2898,5796,5796,-2898,-2898,1,1,0.8125585996289602,0.8125585996289602,A,A
2899,2899,5798,5798,-2899,-2899,1,1,0.635242884869809,0.635242884869809,A,A
2902,2902,5804,5804,-2902,-2902,1,1,0.9529283352012533,0.9529283352012533,A,A
2905,2905,5810,5810,-2905,-2905,1,1,0.12695676142111956,0.12695676142111956,A,A
2908,2908,5816,5816,-2908,-2908,1,1,0.3750797499036297,0.3750797499036297,A,A
2909,2909,5818,5818,-2909,-2909,1,1,0.06934123993184116,0.06934123993184116,A,A
2910,2910,5820,5820,-2910,-2910,1,1,0.32954657536777154,0.32954657536777154,A,A
2912,2912,5824,5824,-2912,-2912,1,1,0.6062084388931648,0.6062084388931648,A,A
2913,2913,5826,5826,-2913,-2913,1,1,0.006221124010080792,0.006221124010080792,A,A
2914,2914,5828,5828,-2914,-2914,1,1,0.1254149008855543,0.1254149008855543,A,A
2915,2915,5830,5830,-2915,-2915,1,1,0.6039819546846292,0.6039819546846292,A,A
2917,2917,5834,5834,-2917,-2917,1,1,0.471214888208936,0.471214888208936,A,A
2919,2919,5838,5838,-2919,-2919,1,1,0.7050831519865121,0.7050831519865121,A,A
2923,2923,5846,5846,-2923,-2923,1,1,0.8498521650123418,0.8498521650123418,A,A
2924,2924,5848,5848,-2924,-2924,1,1,0.5834380096235268,0.5834380096235268,A,A
2925,2925,5850,5850,-2925,-2925,1,1,0.3839774973189355,0.3839774973189355,A,A
2927,2927,5854,5854,-2927,-2927,1,1,0.5186574656933443,0.5186574656933443,A,A
2930,2930,5860,5860,-2930,-2930,1,1,0.641771747583765,0.641771747583765,A,A
2931,2931,5862,5862,-2931,-2931,1,1,0.23981575392495968,0.23981575392495968,A,A
2932,2932,5864,5864,-2932,-2932,1,1,0.5477534603663531,0.5477534603663531,A,A
2934,2934,5868,5868,-2934,-2934,1,1,0.1349833327553407,0.1349833327553407,A,A
2936,2936,5872,5872,-2936,-2936,1,1,0.6101673794994423,0.6101673794994423,A,A
2938,2938,5876,5876,-2938,-2938,1,1,0.9840133261851924,0.9840133261851924,A,A
2941,2941,5882,5882,-2941,-2941,1,1,0.8871531201447668,0.8871531201447668,A,A
2943,2943,5886,5886,-2943,-2943,1,1,0.7276460737136624,0.7276460737136624,A,A
2944,2944,5888,5888,-2944,-2944,1,1,0.6992126496862238,0.6992126496862238,A,A
2945,2945,5890,5890,-2945,-2945,1,1,0.8223934284602581,0.8223934284602581,A,A
2946,2946,5892,5892,-2946,-2946,1,1,0.345015796290708,0.345015796290708,A,A
2950,2950,5900,5900,-2950,-2950,1,1,0.26544341545609773,0.26544341545609773,A,A
2951,2951,5902,5902,-2951,-2951,1,1,0.7436154142542545,0.7436154142542545,A,A
2952,2952,5904,5904,-2952,-2952,1,1,0.7553192102423594,0.7553192102423594,A,A
2953,2953,5906,5906,-2953,-2953,1,1,0.29718743497505395,0.29718743497505395,A,A
2954,2954,5908,5908,-2954,-2954,1,1,0.26780707174078944,0.26780707174078944,A,A
2955,2955,5910,5910,-2955,-2955,1,1,0.4490034069812525,0.4490034069812525,A,A
2956,2956,5912,5912,-2956,-2956,1,1,0.5160475246992712,0.5160475246992712,A,A
2957,2957,5914,5914,-2957,-2957,1,1,0.4409054793599425,0.4409054793599425,A,A
2958,2958,5916,5916,-2958,-2958,1,1,0.43821040098362085,0.43821040098362085,A,A
2959,2959,5918,5918,-2959,-2959,1,1,0.7931170132928484,0.7931170132928484,A,A
2960,2960,5920,5920,-2960,-2960,1,1,0.9854914901363603,0.9854914901363603,B,A
2962,2962,5924,5924,-2962,-2962,1,1,0.1289957669106404,0.1289957669106404,A,A
2963,2963,5926,5926,-2963,-2963,1,1,0.010635615156639244,0.010635615156639244,A,A
2964,2964,5928,5928,-2964,-2964,1,1,0.8895245390741146,0.8895245390741146,A,A
2966,2966,5932,5932,-2966,-2966,1,1,0.43272561576594626,0.43272561576594626,A,A
2968,2968,5936,5936,-2968,-2968,1,1,0.8562838930342606,0.8562838930342606,B,A
2969,2969,5938,5938,-2969,-2969,1,1,0.038279013072844426,0.038279013072844426,A,A
2970,2970,5940,5940,-2970,-2970,1,1,0.24557165046987528,0.24557165046987528,A,A
2972,2972,5944,5944,-2972,-2972,1,1,0.5535903143071782,0.5535903143071782,A,A
2973,2973,5946,5946,-2973,-2973,1,1,0.5893143533926143,0.5893143533926143,A,A
2974,2974,5948,5948,-2974,-2974,1,1,0.45656515567007805,0.45656515567007805,A,A
2975,2975,5950,5950,-2975,-2975,1,1,0.40529944517643124,0.40529944517643124,A,A
2976,2976,5952,5952,-2976,-2976,1,1,0.6602199382280252,0.6602199382280252,A,A
2980,2980,5960,5960,-2980,-2980,1,1,0.7893151812311494,0.7893151812311494,B,A
2981,2981,5962,5962,-2981,-2981,1,1,0.22847658878441812,0.22847658878441812,A,A
2983,2983,5966,5966,-2983,-2983,1,1,0.7696977249688464,0.7696977249688464,B,A
2984,2984,5968,5968,-2984,-2984,1,1,0.22051450010509088,0.22051450010509088,A,A
2985,2985,5970,5970,-2985,-2985,1,1,0.3309751500190784,0.3309751500190784,A,A
2986,2986,5972,5972,-2986,-2986,1,1,0.33820445033239166,0.33820445033239166,A,A
2990,2990,5980,5980,-2990,-2990,1,1,0.44116033734573057,0.44116033734573057,A,A
2992,2992,5984,5984,-2992,-2992,1,1,0.557293485489418,0.557293485489418,B,A
2994,2994,5988,5988,-2994,-2994,1,1,0.6193926951725368,0.6193926951725368,B,A
2996,2996,5992,5992,-2996,-2996,1,1,0.3264531483908514,0.3264531483908514,A,A
2998,2998,5996,5996,-2998,-2998,1,1,0.5429800779700339,0.5429800779700339,B,A
2999,2999,5998,5998,-2999,-2999,1,1,0.5643649797470728,0.5643649797470728,B,A
3000,3000,6000,6000,-3000,-3000,1,1,0.7729588631138424,0.7729588631138424,B,B
3001,3001,6002,6002,-3001,-3001,1,1,0.7881952885812451,0.7881952885812451,B,B
3002,3002,6004,6004,-3002,-3002,1,1,0.7522054182851269,0.7522054182851269,B,B
3003,3003,6006,6006,-3003,-3003,1,1,0.1188775759160352,0.1188775759160352,A,B
3004,3004,6008,6008,-3004,-3004,1,1,0.12904397678706614,0.12904397678706614,A,B
3006,3006,6012,6012,-3006,-3006,1,1,0.24750906783014015,0.24750906783014015,A,B
3009,3009,6018,6018,-3009,-3009,1,1,0.45806368240242634,0.45806368240242634,B,B
3010,3010,6020,6020,-3010,-3010,1,1,0.5792429617087064,0.5792429617087064,B,B
3011,3011,6022,6022,-3011,-3011,1,1,0.7230555525556034,0.7230555525556034,B,B
3012,3012,6024,6024,-3012,-3012,1,1,0.7279085906794255,0.7279085906794255,B,B
3013,3013,6026,6026,-3013,-3013,1,1,0.9183217932317402,0.9183217932317402,B,B
3014,3014,6028,6028,-3014,-3014,1,1,0.9328162813305728,0.9328162813305728,B,B
3015,3015,6030,6030,-3015,-3015,1,1,0.5923188988865885,0.5923188988865885,B,B
3016,3016,6032,6032,-3016,-3016,1,1,0.5950448395088306,0.5950448395088306,B,B
3019,3019,6038,6038,-3019,-3019,1,1,0.77435455478533,0.77435455478533,B,B
3022,3022,6044,6044,-3022,-3022,1,1,0.2432153137029256,0.2432153137029256,B,B
3023,3023,6046,6046,-3023,-3023,1,1,0.1747713657890092,0.1747713657890092,B,B
3025,3025,6050,6050,-3025,-3025,1,1,0.9539317611485757,0.9539317611485757,B,B
3029,3029,6058,6058,-3029,-3029,1,1,0.8195547680451946,0.8195547680451946,B,B
3034,3034,6068,6068,-3034,-3034,1,1,0.14395205271000544,0.14395205271000544,B,B
3035,3035,6070,6070,-3035,-3035,1,1,0.4611057029069918,0.4611057029069918,B,B
3037,3037,6074,6074,-3037,-3037,1,1,0.962224669216152,0.962224669216152,B,B
3038,3038,6076,6076,-3038,-3038,1,1,0.12811453156785158,0.12811453156785158,B,B
3039,3039,6078,6078,-3039,-3039,1,1,0.7823682999234448,0.7823682999234448,B,B
3040,3040,6080,6080,-3040,-3040,1,1,0.9640804652263738,0.9640804652263738,B,B
3041,3041,6082,6082,-3041,-3041,1,1,0.8602913997230367,0.8602913997230367,B,B
3042,3042,6084,6084,-3042,-3042,1,1,0.8338744151809386,0.8338744151809386,B,B
3045,3045,6090,6090,-3045,-3045,1,1,0.35580319324383214,0.35580319324383214,B,B
3046,3046,6092,6092,-3046,-3046,1,1,0.7773027821670419,0.7773027821670419,B,B
3047,3047,6094,6094,-3047,-3047,1,1,0.9940890402655557,0.9940890402655557,B,B
3048,3048,6096,6096,-3048,-3048,1,1,0.5830612592087259,0.5830612592087259,B,B
3049,3049,6098,6098,-3049,-3049,1,1,0.9642418594917185,0.9642418594917185,B,B
3050,3050,6100,6100,-3050,-3050,1,1,0.22687699415132256,0.22687699415132256,B,B
3051,3051,6102,6102,-3051,-3051,1,1,0.5754139422501542,0.5754139422501542,B,B
3052,3052,6104,6104,-3052,-3052,1,1,0.9143554077433366,0.9143554077433366,B,B
3053,3053,6106,6106,-3053,-3053,1,1,0.22052156170675608,0.22052156170675608,B,B
3054,3054,6108,6108,-3054,-3054,1,1,0.4761102456180568,0.4761102456180568,B,B
3055,3055,6110,6110,-3055,-3055,1,1,0.9122032421815569,0.9122032421815569,B,B
3057,3057,6114,6114,-3057,-3057,1,1,0.16753341352978401,0.16753341352978401,B,B
3061,3061,6122,6122,-3061,-3061,1,1,0.5012802330723236,0.5012802330723236,B,B
3062,3062,6124,6124,-3062,-3062,1,1,0.9886533035993095,0.9886533035993095,B,B
3064,3064,6128,6128,-3064,-3064,1,1,0.5223229214455146,0.5223229214455146,B,B
3065,3065,6130,6130,-3065,-3065,1,1,0.16435785059483055,0.16435785059483055,B,B
3066,3066,6132,6132,-3066,-3066,1,1,0.10444767179668712,0.10444767179668712,B,B
3068,3068,6136,6136,-3068,-3068,1,1,0.5413115260830322,0.5413115260830322,B,B
3069,3069,6138,6138,-3069,-3069,1,1,0.7115196637650324,0.7115196637650324,B,B
3071,3071,6142,6142,-3071,-3071,1,1,0.9918081175571364,0.9918081175571364,B,B
3073,3073,6146,6146,-3073,-3073,1,1,0.6369045866801039,0.6369045866801039,B,B
3074,3074,6148,6148,-3074,-3074,1,1,0.9666295917172255,0.9666295917172255,B,B
3075,3075,6150,6150,-3075,-3075,1,1,0.30636599051241253,0.30636599051241253,B,B
3076,3076,6152,6152,-3076,-3076,1,1,0.6598005695036134,0.6598005695036134,B,B
3077,3077,6154,6154,-3077,-3077,1,1,0.10412971509164037,0.10412971509164037,B,B
3078,3078,6156,6156,-3078,-3078,1,1,0.4034478473910841,0.4034478473910841,B,B
3079,3079,6158,6158,-3079,-3079,1,1,0.050963062701003814,0.050963062701003814,B,B
3080,3080,6160,6160,-3080,-3080,1,1,0.4837431388273862,0.4837431388273862,B,B
3082,3082,6164,6164,-3082,-3082,1,1,0.4552628204992434,0.4552628204992434,B,B
3083,3083,6166,6166,-3083,-3083,1,1,0.653204887758546,0.653204887758546,B,B
3084,3084,6168,6168,-3084,-3084,1,1,0.190652253899126,0.190652253899126,B,B
3086,3086,6172,6172,-3086,-3086,1,1,0.2842422400091734,0.2842422400091734,B,B
3087,3087,6174,6174,-3087,-3087,1,1,0.7757230329844095,0.7757230329844095,B,B
3090,3090,6180,6180,-3090,-3090,1,1,0.7972853880475548,0.7972853880475548,B,B
3091,3091,6182,6182,-3091,-3091,1,1,0.8656619271324195,0.8656619271324195,B,B
3092,3092,6184,6184,-3092,-3092,1,1,0.12012502704446648,0.12012502704446648,B,B
3093,3093,6186,6186,-3093,-3093,1,1,0.20931453319407256,0.20931453319407256,B,B
3094,3094,6188,6188,-3094,-3094,1,1,0.4131670389256772,0.4131670389256772,B,B
3095,3095,6190,6190,-3095,-3095,1,1,0.7534604871873469,0.7534604871873469,B,B
3098,3098,6196,6196,-3098,-3098,1,1,0.5492651111446324,0.5492651111446324,B,B
3099,3099,6198,6198,-3099,-3099,1,1,0.23987102636506186,0.23987102636506186,B,B
3101,3101,6202,6202,-3101,-3101,1,1,0.7844751104994518,0.7844751104994518,B,B
3103,3103,6206,6206,-3103,-3103,1,1,0.7999115791722591,0.7999115791722591,B,B
3104,3104,6208,6208,-3104,-3104,1,1,0.323559057851296,0.323559057851296,B,B
3105,3105,6210,6210,-3105,-3105,1,1,0.9033943696203136,0.9033943696203136,B,B
3106,3106,6212,6212,-3106,-3106,1,1,0.9239755549355453,0.9239755549355453,B,B
3107,3107,6214,6214,-3107,-3107,1,1,0.5513922203005269,0.5513922203005269,B,B
3109,3109,6218,6218,-3109,-3109,1,1,0.2125679937282996,0.2125679937282996,B,B
3110,3110,6220,6220,-3110,-3110,1,1,0.5200054129127154,0.5200054129127154,B,B
3112,3112,6224,6224,-3112,-3112,1,1,0.06804533255159972,0.06804533255159972,B,B
3117,3117,6234,6234,-3117,-3117,1,1,0.8867957743922169,0.8867957743922169,B,B
3118,3118,6236,6236,-3118,-3118,1,1,0.6031931197542624,0.6031931197542624,B,B
3119,3119,6238,6238,-3119,-3119,1,1,0.4450635545163397,0.4450635545163397,B,B
3120,3120,6240,6240,-3120,-3120,1,1,0.915905210725242,0.915905210725242,B,B
3121,3121,6242,6242,-3121,-3121,1,1,0.5049245676457758,0.5049245676457758,B,B
3123,3123,6246,6246,-3123,-3123,1,1,0.8497430868946405,0.8497430868946405,B,B
3124,3124,6248,6248,-3124,-3124,1,1,0.5156617203563513,0.5156617203563513,B,B
3125,3125,6250,6250,-3125,-3125,1,1,0.825351761627966,0.825351761627966,B,B
3126,3126,6252,6252,-3126,-3126,1,1,0.6679227602344352,0.6679227602344352,B,B
3127,3127,6254,6254,-3127,-3127,1,1,0.8720517564444695,0.8720517564444695,B,B
3129,3129,6258,6258,-3129,-3129,1,1,0.5618051490661241,0.5618051490661241,B,B
3130,3130,6260,6260,-3130,-3130,1,1,0.10518361623815298,0.10518361623815298,B,B
3132,3132,6264,6264,-3132,-3132,1,1,0.7863143964531846,0.7863143964531846,B,B
3134,3134,6268,6268,-3134,-3134,1,1,0.460074830114808,0.460074830114808,B,B
3135,3135,6270,6270,-3135,-3135,1,1,0.8824823283085454,0.8824823283085454,B,B
3138,3138,6276,6276,-3138,-3138,1,1,0.6656244617573407,0.6656244617573407,B,B
3139,3139,6278,6278,-3139,-3139,1,1,0.4456291878446519,0.4456291878446519,B,B
3140,3140,6280,6280,-3140,-3140,1,1,0.6099918534577953,0.6099918534577953,B,B
3141,3141,6282,6282,-3141,-3141,1,1,0.7960330718429853,0.7960330718429853,B,B
3143,3143,6286,6286,-3143,-3143,1,1,0.6849176141777525,0.6849176141777525,B,B
3144,3144,6288,6288,-3144,-3144,1,1,0.3241152154455371,0.3241152154455371,B,B
3145,3145,6290,6290,-3145,-3145,1,1,0.1347995801618168,0.1347995801618168,B,B
3146,3146,6292,6292,-3146,-3146,1,1,0.6925362445160747,0.6925362445160747,B,B
3147,3147,6294,6294,-3147,-3147,1,1,0.4744712196830394,0.4744712196830394,B,B
3150,3150,6300,6300,-3150,-3150,1,1,0.38315961542472643,0.38315961542472643,B,B
3151,3151,6302,6302,-3151,-3151,1,1,0.9841312393436066,0.9841312393436066,B,B
3152,3152,6304,6304,-3152,-3152,1,1,0.22068583379737117,0.22068583379737117,B,B
3153,3153,6306,6306,-3153,-3153,1,1,0.7243171622692642,0.7243171622692642,B,B
3155,3155,6310,6310,-3155,-3155,1,1,0.9491295354069864,0.9491295354069864,B,B
3156,3156,6312,6312,-3156,-3156,1,1,0.3801626496987416,0.3801626496987416,B,B
3157,3157,6314,6314,-3157,-3157,1,1,0.7646529085544278,0.7646529085544278,B,B
3158,3158,6316,6316,-3158,-3158,1,1,0.25977519014162176,0.25977519014162176,B,B
3159,3159,6318,6318,-3159,-3159,1,1,0.9534435387121504,0.9534435387121504,B,B
3161,3161,6322,6322,-3161,-3161,1,1,0.10374627639537615,0.10374627639537615,B,B
3162,3162,6324,6324,-3162,-3162,1,1,0.8601362601297632,0.8601362601297632,B,B
3164,3164,6328,6328,-3164,-3164,1,1,0.07139048584747587,0.07139048584747587,B,B
3166,3166,6332,6332,-3166,-3166,1,1,0.7580556250663613,0.7580556250663613,B,B
3167,3167,6334,6334,-3167,-3167,1,1,0.5667986727977471,0.5667986727977471,B,B
3168,3168,6336,6336,-3168,-3168,1,1,0.7415807044276106,0.7415807044276106,B,B
3169,3169,6338,6338,-3169,-3169,1,1,0.8087498054711412,0.8087498054711412,B,B
3171,3171,6342,6342,-3171,-3171,1,1,0.32418090815429046,0.32418090815429046,B,B
3172,3172,6344,6344,-3172,-3172,1,1,0.5804897619867255,0.5804897619867255,B,B
3175,3175,6350,6350,-3175,-3175,1,1,0.6364080175023646,0.6364080175023646,B,B
3177,3177,6354,6354,-3177,-3177,1,1,0.49984308454833604,0.49984308454833604,B,B
3178,3178,6356,6356,-3178,-3178,1,1,0.494322809117524,0.494322809117524,B,B
3179,3179,6358,6358,-3179,-3179,1,1,0.33451915291634926,0.33451915291634926,B,B
3181,3181,6362,6362,-3181,-3181,1,1,0.6830623773615659,0.6830623773615659,B,B
3182,3182,6364,6364,-3182,-3182,1,1,0.29484339412990823,0.29484339412990823,B,B
3183,3183,6366,6366,-3183,-3183,1,1,0.6532521788360667,0.6532521788360667,B,B
3184,3184,6368,6368,-3184,-3184,1,1,0.6645359901425676,0.6645359901425676,B,B
3187,3187,6374,6374,-3187,-3187,1,1,0.5759740229436665,0.5759740229436665,B,B
3188,3188,6376,6376,-3188,-3188,1,1,0.06868339027570891,0.06868339027570891,B,B
3191,3191,6382,6382,-3191,-3191,1,1,0.2604279484061641,0.2604279484061641,B,B
3192,3192,6384,6384,-3192,-3192,1,1,0.07290075284686692,0.07290075284686692,B,B
3193,3193,6386,6386,-3193,-3193,1,1,0.9452116991909318,0.9452116991909318,B,B
3194,3194,6388,6388,-3194,-3194,1,1,0.846340323154464,0.846340323154464,B,B
3197,3197,6394,6394,-3197,-3197,1,1,0.2761139761135414,0.2761139761135414,B,B
3198,3198,6396,6396,-3198,-3198,1,1,0.9602015853638857,0.9602015853638857,B,B
3200,3200,6400,6400,-3200,-3200,1,1,0.09438771000465307,0.09438771000465307,B,B
3202,3202,6404,6404,-3202,-3202,1,1,0.7200856028006569,0.7200856028006569,B,B
3203,3203,6406,6406,-3203,-3203,1,1,0.7338715064629717,0.7338715064629717,B,B
3204,3204,6408,6408,-3204,-3204,1,1,0.6937743082913993,0.6937743082913993,B,B
3205,3205,6410,6410,-3205,-3205,1,1,0.7845146213411933,0.7845146213411933,B,B
3206,3206,6412,6412,-3206,-3206,1,1,0.6115661253195905,0.6115661253195905,B,B
3207,3207,6414,6414,-3207,-3207,1,1,0.07687654882257566,0.07687654882257566,B,B
3208,3208,6416,6416,-3208,-3208,1,1,0.14003036217084175,0.14003036217084175,B,B
3209,3209,6418,6418,-3209,-3209,1,1,0.4402943289592991,0.4402943289592991,B,B
3210,3210,6420,6420,-3210,-3210,1,1,0.6095633434243299,0.6095633434243299,B,B
3211,3211,6422,6422,-3211,-3211,1,1,0.7503056593425192,0.7503056593425192,B,B
3212,3212,6424,6424,-3212,-3212,1,1,0.45841230116790765,0.45841230116790765,B,B
3213,3213,6426,6426,-3213,-3213,1,1,0.4252326923349937,0.4252326923349937,B,B
3214,3214,6428,6428,-3214,-3214,1,1,0.28092883068248276,0.28092883068248276,B,B
3215,3215,6430,6430,-3215,-3215,1,1,0.30058736668498964,0.30058736668498964,B,B
3216,3216,6432,6432,-3216,-3216,1,1,0.18417748394307254,0.18417748394307254,B,B
3217,3217,6434,6434,-3217,-3217,1,1,0.3918173570293685,0.3918173570293685,B,B
3218,3218,6436,6436,-3218,-3218,1,1,0.9795380944601795,0.9795380944601795,B,B
3219,3219,6438,6438,-3219,-3219,1,1,0.6540519974115205,0.6540519974115205,B,B
3223,3223,6446,6446,-3223,-3223,1,1,0.7075251415452062,0.7075251415452062,B,B
3224,3224,6448,6448,-3224,-3224,1,1,0.8271320029923178,0.8271320029923178,B,B
3225,3225,6450,6450,-3225,-3225,1,1,0.3013065499418326,0.3013065499418326,B,B
3226,3226,6452,6452,-3226,-3226,1,1,0.3830992949902784,0.3830992949902784,B,B
3227,3227,6454,6454,-3227,-3227,1,1,0.33711299242416526,0.33711299242416526,B,B
3228,3228,6456,6456,-3228,-3228,1,1,0.4745095656292221,0.4745095656292221,B,B
3229,3229,6458,6458,-3229,-3229,1,1,0.4303918862769075,0.4303918862769075,B,B
3232,3232,6464,6464,-3232,-3232,1,1,0.060975426853905224,0.060975426853905224,B,B
3235,3235,6470,6470,-3235,-3235,1,1,0.3205105515612864,0.3205105515612864,B,B
3236,3236,6472,6472,-3236,-3236,1,1,0.20573484405153264,0.20573484405153264,B,B
3237,3237,6474,6474,-3237,-3237,1,1,0.5198101048349392,0.5198101048349392,B,B
3238,3238,6476,6476,-3238,-3238,1,1,0.903766037417702,0.903766037417702,B,B
3239,3239,6478,6478,-3239,-3239,1,1,0.1785334501072302,0.1785334501072302,B,B
3241,3241,6482,6482,-3241,-3241,1,1,0.35312476265473236,0.35312476265473236,B,B
3242,3242,6484,6484,-3242,-3242,1,1,0.39767055414002206,0.39767055414002206,B,B
3243,3243,6486,6486,-3243,-3243,1,1,0.21900815297986842,0.21900815297986842,B,B
3244,3244,6488,6488,-3244,-3244,1,1,0.5672682181027064,0.5672682181027064,B,B
3245,3245,6490,6490,-3245,-3245,1,1,0.9947493874066167,0.9947493874066167,B,B
3246,3246,6492,6492,-3246,-3246,1,1,0.45381244937352616,0.45381244937352616,B,B
3247,3247,6494,6494,-3247,-3247,1,1,0.9789564371119991,0.9789564371119991,B,B
3248,3248,6496,6496,-3248,-3248,1,1,0.8534933390721874,0.8534933390721874,B,B
3249,3249,6498,6498,-3249,-3249,1,1,0.27839906783122026,0.27839906783122026,B,B
3251,3251,6502,6502,-3251,-3251,1,1,0.250677483967516,0.250677483967516,B,B
3252,3252,6504,6504,-3252,-3252,1,1,0.7639860250737197,0.7639860250737197,B,B
3253,3253,6506,6506,-3253,-3253,1,1,0.23816390295870593,0.23816390295870593,B,B
3254,3254,6508,6508,-3254,-3254,1,1,0.46550557059661446,0.46550557059661446,B,B
3256,3256,6512,6512,-3256,-3256,1,1,0.8865601512262898,0.8865601512262898,B,B
3257,3257,6514,6514,-3257,-3257,1,1,0.8808470602777444,0.8808470602777444,B,B
3258,3258,6516,6516,-3258,-3258,1,1,0.7434981974992501,0.7434981974992501,B,B
3261,3261,6522,6522,-3261,-3261,1,1,0.033750663786897395,0.033750663786897395,B,B
3263,3263,6526,6526,-3263,-3263,1,1,0.5751215618929866,0.5751215618929866,B,B
3264,3264,6528,6528,-3264,-3264,1,1,0.3718600823294552,0.3718600823294552,B,B
3265,3265,6530,6530,-3265,-3265,1,1,0.2721062814957357,0.2721062814957357,B,B
3266,3266,6532,6532,-3266,-3266,1,1,0.13108291668341698,0.13108291668341698,B,B
3267,3267,6534,6534,-3267,-3267,1,1,0.12843221972719154,0.12843221972719154,B,B
3268,3268,6536,6536,-3268,-3268,1,1,0.7092975686108832,0.7092975686108832,B,B
3269,3269,6538,6538,-3269,-3269,1,1,0.3295572078804816,0.3295572078804816,B,B
3270,3270,6540,6540,-3270,-3270,1,1,0.05596320470147531,0.05596320470147531,B,B
3273,3273,6546,6546,-3273,-3273,1,1,0.7731736347502596,0.7731736347502596,B,B
3274,3274,6548,6548,-3274,-3274,1,1,0.9896881565717485,0.9896881565717485,B,B
3275,3275,6550,6550,-3275,-3275,1,1,0.6109066452084575,0.6109066452084575,B,B
3278,3278,6556,6556,-3278,-3278,1,1,0.8702634765644942,0.8702634765644942,B,B
3279,3279,6558,6558,-3279,-3279,1,1,0.8447044110528008,0.8447044110528008,B,B
3280,3280,6560,6560,-3280,-3280,1,1,0.14945783716408212,0.14945783716408212,B,B
3286,3286,6572,6572,-3286,-3286,1,1,0.6990369513280704,0.6990369513280704,B,B
3287,3287,6574,6574,-3287,-3287,1,1,0.9778490418752207,0.9778490418752207,B,B
3290,3290,6580,6580,-3290,-3290,1,1,0.7184314053505323,0.7184314053505323,B,B
3292,3292,6584,6584,-3292,-3292,1,1,0.2905384670201395,0.2905384670201395,B,B
3293,3293,6586,6586,-3293,-3293,1,1,0.948732922882207,0.948732922882207,B,B
3294,3294,6588,6588,-3294,-3294,1,1,0.343389102631369,0.343389102631369,B,B
3298,3298,6596,6596,-3298,-3298,1,1,0.48968515893089826,0.48968515893089826,B,B
3299,3299,6598,6598,-3299,-3299,1,1,0.8902912029108182,0.8902912029108182,B,B
3300,3300,6600,6600,-3300,-3300,1,1,0.43991640660398723,0.43991640660398723,B,B
3301,3301,6602,6602,-3301,-3301,1,1,0.18584641019991688,0.18584641019991688,B,B
3302,3302,6604,6604,-3302,-3302,1,1,0.5953446812248427,0.5953446812248427,B,B
3303,3303,6606,6606,-3303,-3303,1,1,0.5934539532909999,0.5934539532909999,B,B
3304,3304,6608,6608,-3304,-3304,1,1,0.4737526404175101,0.4737526404175101,B,B
3305,3305,6610,6610,-3305,-3305,1,1,0.06168762431138386,0.06168762431138386,B,B
3307,3307,6614,6614,-3307,-3307,1,1,0.6087059160746676,0.6087059160746676,B,B
3308,3308,6616,6616,-3308,-3308,1,1,0.4644897433830574,0.4644897433830574,B,B
3311,3311,6622,6622,-3311,-3311,1,1,0.15329220834716362,0.15329220834716362,B,B
3312,3312,6624,6624,-3312,-3312,1,1,0.7281753149833974,0.7281753149833974,B,B
3313,3313,6626,6626,-3313,-3313,1,1,0.9390650360142528,0.9390650360142528,B,B
3314,3314,6628,6628,-3314,-3314,1,1,0.35027347022577215,0.35027347022577215,B,B
3315,3315,6630,6630,-3315,-3315,1,1,0.9187983662378779,0.9187983662378779,B,B
3316,3316,6632,6632,-3316,-3316,1,1,0.1400095394927644,0.1400095394927644,B,B
3317,3317,6634,6634,-3317,-3317,1,1,0.8037860521402834,0.8037860521402834,B,B
3318,3318,6636,6636,-3318,-3318,1,1,0.33172924603550846,0.33172924603550846,B,B
3321,3321,6642,6642,-3321,-3321,1,1,0.6081704686204044,0.6081704686204044,B,B
3322,3322,6644,6644,-3322,-3322,1,1,0.9444157982495354,0.9444157982495354,B,B
3323,3323,6646,6646,-3323,-3323,1,1,0.044242961795357694,0.044242961795357694,B,B
3326,3326,6652,6652,-3326,-3326,1,1,0.8167701263281081,0.8167701263281081,B,B
3329,3329,6658,6658,-3329,-3329,1,1,0.31796190817312164,0.31796190817312164,B,B
3330,3330,6660,6660,-3330,-3330,1,1,0.048284313146973123,0.048284313146973123,B,B
3331,3331,6662,6662,-3331,-3331,1,1,0.5871347307142757,0.5871347307142757,B,B
3332,3332,6664,6664,-3332,-3332,1,1,0.5105567836695063,0.5105567836695063,B,B
3334,3334,6668,6668,-3334,-3334,1,1,0.06687109597726348,0.06687109597726348,B,B
3336,3336,6672,6672,-3336,-3336,1,1,0.843748855768567,0.843748855768567,B,B
3339,3339,6678,6678,-3339,-3339,1,1,0.1995160150981229,0.1995160150981229,B,B
3341,3341,6682,6682,-3341,-3341,1,1,0.2324446147912106,0.2324446147912106,B,B
3342,3342,6684,6684,-3342,-3342,1,1,0.5705053289114107,0.5705053289114107,B,B
3345,3345,6690,6690,-3345,-3345,1,1,0.21740433022234684,0.21740433022234684,B,B
3346,3346,6692,6692,-3346,-3346,1,1,0.41091399025227404,0.41091399025227404,B,B
3347,3347,6694,6694,-3347,-3347,1,1,0.32651672338555837,0.32651672338555837,B,B
3349,3349,6698,6698,-3349,-3349,1,1,0.48777265788790447,0.48777265788790447,B,B
3350,3350,6700,6700,-3350,-3350,1,1,0.6541384240046583,0.6541384240046583,B,B
3351,3351,6702,6702,-3351,-3351,1,1,0.4277600745754635,0.4277600745754635,B,B
3352,3352,6704,6704,-3352,-3352,1,1,0.385834006551368,0.385834006551368,B,B
3355,3355,6710,6710,-3355,-3355,1,1,0.2273821162044395,0.2273821162044395,B,B
3356,3356,6712,6712,-3356,-3356,1,1,0.17284533907755562,0.17284533907755562,B,B
3357,3357,6714,6714,-3357,-3357,1,1,0.6500145504979241,0.6500145504979241,B,B
3359,3359,6718,6718,-3359,-3359,1,1,0.3241609306816823,0.3241609306816823,B,B
3360,3360,6720,6720,-3360,-3360,1,1,0.3318369418851005,0.3318369418851005,B,B
3362,3362,6724,6724,-3362,-3362,1,1,0.35387580360538007,0.35387580360538007,B,B
3364,3364,6728,6728,-3364,-3364,1,1,0.14363778523454762,0.14363778523454762,B,B
3366,3366,6732,6732,-3366,-3366,1,1,0.8156251974072213,0.8156251974072213,B,B
3367,3367,6734,6734,-3367,-3367,1,1,0.06148966552683266,0.06148966552683266,B,B
3370,3370,6740,6740,-3370,-3370,1,1,0.881276103393541,0.881276103393541,B,B
3373,3373,6746,6746,-3373,-3373,1,1,0.6573840011671135,0.6573840011671135,B,B
3374,3374,6748,6748,-3374,-3374,1,1,0.5369563188367648,0.5369563188367648,B,B
3375,3375,6750,6750,-3375,-3375,1,1,0.5536506066517353,0.5536506066517353,B,B
3376,3376,6752,6752,-3376,-3376,1,1,0.23849074099552614,0.23849074099552614,B,B
3379,3379,6758,6758,-3379,-3379,1,1,0.9012763624627044,0.9012763624627044,B,B
3382,3382,6764,6764,-3382,-3382,1,1,0.025968304222216188,0.025968304222216188,B,B
3383,3383,6766,6766,-3383,-3383,1,1,0.8479530245930129,0.8479530245930129,B,B
3384,3384,6768,6768,-3384,-3384,1,1,0.8515888438732022,0.8515888438732022,B,B
3385,3385,6770,6770,-3385,-3385,1,1,0.41328736746549166,0.41328736746549166,B,B
3386,3386,6772,6772,-3386,-3386,1,1,0.17018435748215965,0.17018435748215965,B,B
3387,3387,6774,6774,-3387,-3387,1,1,0.9443675982005694,0.9443675982005694,B,B
3388,3388,6776,6776,-3388,-3388,1,1,0.9599041778468858,0.9599041778468858,B,B
3390,3390,6780,6780,-3390,-3390,1,1,0.9921771095207856,0.9921771095207856,B,B
3391,3391,6782,6782,-3391,-3391,1,1,0.6194276180445482,0.6194276180445482,B,B
3392,3392,6784,6784,-3392,-3392,1,1,0.4243127599558294,0.4243127599558294,B,B
3393,3393,6786,6786,-3393,-3393,1,1,0.18812726135163915,0.18812726135163915,B,B
3394,3394,6788,6788,-3394,-3394,1,1,0.47551697311388685,0.47551697311388685,B,B
3397,3397,6794,6794,-3397,-3397,1,1,0.4021065288174309,0.4021065288174309,B,B
3398,3398,6796,6796,-3398,-3398,1,1,0.27915307801576295,0.27915307801576295,B,B
3399,3399,6798,6798,-3399,-3399,1,1,0.37724270496003975,0.37724270496003975,B,B
3400,3400,6800,6800,-3400,-3400,1,1,0.716828536905627,0.716828536905627,B,B
3401,3401,6802,6802,-3401,-3401,1,1,0.927636691036431,0.927636691036431,B,B
3403,3403,6806,6806,-3403,-3403,1,1,0.5539355421191643,0.5539355421191643,B,B
3404,3404,6808,6808,-3404,-3404,1,1,0.5483874182006229,0.5483874182006229,B,B
3406,3406,6812,6812,-3406,-3406,1,1,0.0644849627396098,0.0644849627396098,B,B
3407,3407,6814,6814,-3407,-3407,1,1,0.5363614037302173,0.5363614037302173,B,B
3409,3409,6818,6818,-3409,-3409,1,1,0.7513035097082631,0.7513035097082631,B,B
3410,3410,6820,6820,-3410,-3410,1,1,0.06576505401930399,0.06576505401930399,B,B
3414,3414,6828,6828,-3414,-3414,1,1,0.2180663675435317,0.2180663675435317,B,B
3416,3416,6832,6832,-3416,-3416,1,1,0.6493077993517895,0.6493077993517895,B,B
3417,3417,6834,6834,-3417,-3417,1,1,0.03711560169549111,0.03711560169549111,B,B
3418,3418,6836,6836,-3418,-3418,1,1,0.3736748017619794,0.3736748017619794,B,B
3419,3419,6838,6838,-3419,-3419,1,1,0.9351965532604418,0.9351965532604418,B,B
3420,3420,6840,6840,-3420,-3420,1,1,0.06477495350933127,0.06477495350933127,B,B
3421,3421,6842,6842,-3421,-3421,1,1,0.9444104305626638,0.9444104305626638,B,B
3422,3422,6844,6844,-3422,-3422,1,1,0.2847371359084685,0.2847371359084685,B,B
3426,3426,6852,6852,-3426,-3426,1,1,0.4662827018082638,0.4662827018082638,B,B
3430,3430,6860,6860,-3430,-3430,1,1,0.22204709397255562,0.22204709397255562,B,B
3431,3431,6862,6862,-3431,-3431,1,1,0.907750898605388,0.907750898605388,B,B
3432,3432,6864,6864,-3432,-3432,1,1,0.5005624418231641,0.5005624418231641,B,B
3433,3433,6866,6866,-3433,-3433,1,1,0.3514689563518075,0.3514689563518075,B,B
3434,3434,6868,6868,-3434,-3434,1,1,0.20062597678908745,0.20062597678908745,B,B
3436,3436,6872,6872,-3436,-3436,1,1,0.09124384012086884,0.09124384012086884,B,B
3439,3439,6878,6878,-3439,-3439,1,1,0.21554064887695867,0.21554064887695867,B,B
3443,3443,6886,6886,-3443,-3443,1,1,0.07270394503933508,0.07270394503933508,B,B
3445,3445,6890,6890,-3445,-3445,1,1,0.00983808728572888,0.00983808728572888,B,B
3447,3447,6894,6894,-3447,-3447,1,1,0.10328429563155006,0.10328429563155006,B,B
3448,3448,6896,6896,-3448,-3448,1,1,0.5638864780432766,0.5638864780432766,B,B
3449,3449,6898,6898,-3449,-3449,1,1,0.8988451774543219,0.8988451774543219,B,B
3451,3451,6902,6902,-3451,-3451,1,1,0.14273019952786903,0.14273019952786903,B,B
3452,3452,6904,6904,-3452,-3452,1,1,0.12336374724953836,0.12336374724953836,B,B
3453,3453,6906,6906,-3453,-3453,1,1,0.11212245365827489,0.11212245365827489,B,B
3454,3454,6908,6908,-3454,-3454,1,1,0.5840791443869888,0.5840791443869888,B,B
3456,3456,6912,6912,-3456,-3456,1,1,0.42159695711146106,0.42159695711146106,B,B
3457,3457,6914,6914,-3457,-3457,1,1,0.714726335904818,0.714726335904818,B,B
3458,3458,6916,6916,-3458,-3458,1,1,0.1258221208159187,0.1258221208159187,B,B
3459,3459,6918,6918,-3459,-3459,1,1,0.42007635975675206,0.42007635975675206,B,B
3461,3461,6922,6922,-3461,-3461,1,1,0.5528086026844471,0.5528086026844471,B,B
3462,3462,6924,6924,-3462,-3462,1,1,0.5396049342022823,0.5396049342022823,B,B
3465,3465,6930,6930,-3465,-3465,1,1,0.36280915098407474,0.36280915098407474,B,B
3466,3466,6932,6932,-3466,-3466,1,1,0.8196932549821182,0.8196932549821182,B,B
3468,3468,6936,6936,-3468,-3468,1,1,0.29181132332963655,0.29181132332963655,B,B
3469,3469,6938,6938,-3469,-3469,1,1,0.3570874286659499,0.3570874286659499,B,B
3470,3470,6940,6940,-3470,-3470,1,1,0.5855545108358348,0.5855545108358348,B,B
3471,3471,6942,6942,-3471,-3471,1,1,0.1393179079821386,0.1393179079821386,B,B
3472,3472,6944,6944,-3472,-3472,1,1,0.25620324896237345,0.25620324896237345,B,B
3473,3473,6946,6946,-3473,-3473,1,1,0.21230705794591676,0.21230705794591676,B,B
3474,3474,6948,6948,-3474,-3474,1,1,0.6831180633881008,0.6831180633881008,B,B
3476,3476,6952,6952,-3476,-3476,1,1,0.9716515120906649,0.9716515120906649,B,B
3477,3477,6954,6954,-3477,-3477,1,1,0.45163245954388,0.45163245954388,B,B
3478,3478,6956,6956,-3478,-3478,1,1,0.5429083830191114,0.5429083830191114,B,B
3480,3480,6960,6960,-3480,-3480,1,1,0.135760870436067,0.135760870436067,B,B
3482,3482,6964,6964,-3482,-3482,1,1,0.39151986041572473,0.39151986041572473,B,B
3486,3486,6972,6972,-3486,-3486,1,1,0.47681615776153496,0.47681615776153496,B,B
3487,3487,6974,6974,-3487,-3487,1,1,0.3603206034007035,0.3603206034007035,B,B
3488,3488,6976,6976,-3488,-3488,1,1,0.475396228722484,0.475396228722484,B,B
3489,3489,6978,6978,-3489,-3489,1,1,0.13916079507612322,0.13916079507612322,B,B
3490,3490,6980,6980,-3490,-3490,1,1,0.5265286568079447,0.5265286568079447,B,B
3491,3491,6982,6982,-3491,-3491,1,1,0.32178795285959405,0.32178795285959405,B,B
3495,3495,6990,6990,-3495,-3495,1,1,0.06407140975350056,0.06407140975350056,B,B
3497,3497,6994,6994,-3497,-3497,1,1,0.1826838106587233,0.1826838106587233,B,B
3498,3498,6996,6996,-3498,-3498,1,1,0.7200039622460492,0.7200039622460492,B,B
3500,3500,7000,7000,-3500,-3500,1,1,0.5369893163791349,0.5369893163791349,B,B
3501,3501,7002,7002,-3501,-3501,1,1,0.8736164914428435,0.8736164914428435,B,B
3504,3504,7008,7008,-3504,-3504,1,1,0.8658261630727486,0.8658261630727486,B,B
3505,3505,7010,7010,-3505,-3505,1,1,0.5054451865711476,0.5054451865711476,B,B
3507,3507,7014,7014,-3507,-3507,1,1,0.39755455826615593,0.39755455826615593,B,B
3508,3508,7016,7016,-3508,-3508,1,1,0.9138314850153381,0.9138314850153381,B,B
3509,3509,7018,7018,-3509,-3509,1,1,0.666910909323448,0.666910909323448,B,B
3510,3510,7020,7020,-3510,-3510,1,1,0.7545245892906787,0.7545245892906787,B,B
3511,3511,7022,7022,-3511,-3511,1,1,0.0668460296842156,0.0668460296842156,B,B
3512,3512,7024,7024,-3512,-3512,1,1,0.5110851577909193,0.5110851577909193,B,B
3513,3513,7026,7026,-3513,-3513,1,1,0.26582881826921645,0.26582881826921645,B,B
3515,3515,7030,7030,-3515,-3515,1,1,0.9810175768327399,0.9810175768327399,B,B
3517,3517,7034,7034,-3517,-3517,1,1,0.7070504908614973,0.7070504908614973,B,B
3518,3518,7036,7036,-3518,-3518,1,1,0.6737686970148464,0.6737686970148464,B,B
3519,3519,7038,7038,-3519,-3519,1,1,0.15212860512541715,0.15212860512541715,B,B
3520,3520,7040,7040,-3520,-3520,1,1,0.7419613645109909,0.7419613645109909,B,B
3521,3521,7042,7042,-3521,-3521,1,1,0.4001034849406344,0.4001034849406344,B,B
3522,3522,7044,7044,-3522,-3522,1,1,0.5772580157361654,0.5772580157361654,B,B
3529,3529,7058,7058,-3529,-3529,1,1,0.04096632012719181,0.04096632012719181,B,B
3531,3531,7062,7062,-3531,-3531,1,1,0.7642202410985629,0.7642202410985629,B,B
3535,3535,7070,7070,-3535,-3535,1,1,0.5976398132835243,0.5976398132835243,B,B
3536,3536,7072,7072,-3536,-3536,1,1,0.8981560388254841,0.8981560388254841,B,B
3537,3537,7074,7074,-3537,-3537,1,1,0.9605718442680178,0.9605718442680178,B,B
3538,3538,7076,7076,-3538,-3538,1,1,0.7814020694822815,0.7814020694822815,B,B
3540,3540,7080,7080,-3540,-3540,1,1,0.46677870353728435,0.46677870353728435,B,B
3541,3541,7082,7082,-3541,-3541,1,1,0.039019802962797945,0.039019802962797945,B,B
3542,3542,7084,7084,-3542,-3542,1,1,0.846383655794472,0.846383655794472,B,B
3545,3545,7090,7090,-3545,-3545,1,1,0.6847691688540287,0.6847691688540287,B,B
3546,3546,7092,7092,-3546,-3546,1,1,0.02100956919010022,0.02100956919010022,B,B
3548,3548,7096,7096,-3548,-3548,1,1,0.1563857555725403,0.1563857555725403,B,B
3549,3549,7098,7098,-3549,-3549,1,1,0.2667235699143694,0.2667235699143694,B,B
3550,3550,7100,7100,-3550,-3550,1,1,0.07528513319802721,0.07528513319802721,B,B
3553,3553,7106,7106,-3553,-3553,1,1,0.5573936657155258,0.5573936657155258,B,B
3555,3555,7110,7110,-3555,-3555,1,1,0.33760986802563564,0.33760986802563564,B,B
3556,3556,7112,7112,-3556,-3556,1,1,0.5554668150798909,0.5554668150798909,B,B
3558,3558,7116,7116,-3558,-3558,1,1,0.40928220969143303,0.40928220969143303,B,B
3563,3563,7126,7126,-3563,-3563,1,1,0.5651474099397623,0.5651474099397623,B,B
3564,3564,7128,7128,-3564,-3564,1,1,0.6486757881641434,0.6486757881641434,B,B
3565,3565,7130,7130,-3565,-3565,1,1,0.48899421267122845,0.48899421267122845,B,B
3566,3566,7132,7132,-3566,-3566,1,1,0.9528358994832141,0.9528358994832141,B,B
3568,3568,7136,7136,-3568,-3568,1,1,0.6631775221272491,0.6631775221272491,B,B
3569,3569,7138,7138,-3569,-3569,1,1,0.20141130478407654,0.20141130478407654,B,B
3570,3570,7140,7140,-3570,-3570,1,1,0.5682757815425371,0.5682757815425371,B,B
3571,3571,7142,7142,-3571,-3571,1,1,0.43452048512369223,0.43452048512369223,B,B
3573,3573,7146,7146,-3573,-3573,1,1,0.033508144574877274,0.033508144574877274,B,B
3574,3574,7148,7148,-3574,-3574,1,1,0.618116258055859,0.618116258055859,B,B
3575,3575,7150,7150,-3575,-3575,1,1,0.6391822829734682,0.6391822829734682,B,B
3576,3576,7152,7152,-3576,-3576,1,1,0.8680968061969105,0.8680968061969105,B,B
3579,3579,7158,7158,-3579,-3579,1,1,0.7182708310365942,0.7182708310365942,B,B
3580,3580,7160,7160,-3580,-3580,1,1,0.7110496007854431,0.7110496007854431,B,B
3581,3581,7162,7162,-3581,-3581,1,1,0.7482469253210751,0.7482469253210751,B,B
3583,3583,7166,7166,-3583,-3583,1,1,0.7862243474280003,0.7862243474280003,B,B
3584,3584,7168,7168,-3584,-3584,1,1,0.9614765020431822,0.9614765020431822,B,B
3585,3585,7170,7170,-3585,-3585,1,1,0.5293669438787622,0.5293669438787622,B,B
3586,3586,7172,7172,-3586,-3586,1,1,0.9675490257074338,0.9675490257074338,B,B
3588,3588,7176,7176,-3588,-3588,1,1,0.12676555110758625,0.12676555110758625,B,B
3589,3589,7178,7178,-3589,-3589,1,1,0.1816606965007338,0.1816606965007338,B,B
3591,3591,7182,7182,-3591,-3591,1,1,0.8740018077469387,0.8740018077469387,B,B
3592,3592,7184,7184,-3592,-3592,1,1,0.1660058834866971,0.1660058834866971,B,B
3594,3594,7188,7188,-3594,-3594,1,1,0.8127827083409294,0.8127827083409294,B,B
3596,3596,7192,7192,-3596,-3596,1,1,0.07813812701031897,0.07813812701031897,B,B
3598,3598,7196,7196,-3598,-3598,1,1,0.837003041014368,0.837003041014368,B,B
3599,3599,7198,7198,-3599,-3599,1,1,0.733778606619986,0.733778606619986,B,B
3601,3601,7202,7202,-3601,-3601,1,1,0.7697329082168934,0.7697329082168934,B,B
3606,3606,7212,7212,-3606,-3606,1,1,0.5179055082952908,0.5179055082952908,B,B
3607,3607,7214,7214,-3607,-3607,1,1,0.6293831409385037,0.6293831409385037,B,B
3608,3608,7216,7216,-3608,-3608,1,1,0.09242920287314471,0.09242920287314471,B,B
3609,3609,7218,7218,-3609,-3609,1,1,0.15191247215864612,0.15191247215864612,B,B
3610,3610,7220,7220,-3610,-3610,1,1,0.3703476328273537,0.3703476328273537,B,B
3612,3612,7224,7224,-3612,-3612,1,1,0.8673628319779474,0.8673628319779474,B,B
3613,3613,7226,7226,-3613,-3613,1,1,0.10759355072465115,0.10759355072465115,B,B
3614,3614,7228,7228,-3614,-3614,1,1,0.7714767673055467,0.7714767673055467,B,B
3615,3615,7230,7230,-3615,-3615,1,1,0.27328679339624473,0.27328679339624473,B,B
3616,3616,7232,7232,-3616,-3616,1,1,0.8102704863768314,0.8102704863768314,B,B
3617,3617,7234,7234,-3617,-3617,1,1,0.954303461420341,0.954303461420341,B,B
3618,3618,7236,7236,-3618,-3618,1,1,0.810297959152968,0.810297959152968,B,B
3619,3619,7238,7238,-3619,-3619,1,1,0.19066285409696282,0.19066285409696282,B,B
3620,3620,7240,7240,-3620,-3620,1,1,0.5652922803376635,0.5652922803376635,B,B
3626,3626,7252,7252,-3626,-3626,1,1,0.04493386387248233,0.04493386387248233,B,B
3627,3627,7254,7254,-3627,-3627,1,1,0.9136020727101755,0.9136020727101755,B,B
3630,3630,7260,7260,-3630,-3630,1,1,0.37298121271437235,0.37298121271437235,B,B
3631,3631,7262,7262,-3631,-3631,1,1,0.9561984502349024,0.9561984502349024,B,B
3632,3632,7264,7264,-3632,-3632,1,1,0.1429170077642622,0.1429170077642622,B,B
3633,3633,7266,7266,-3633,-3633,1,1,0.32336858204188823,0.32336858204188823,B,B
3634,3634,7268,7268,-3634,-3634,1,1,0.3144811923255546,0.3144811923255546,B,B
3635,3635,7270,7270,-3635,-3635,1,1,0.3236731175083477,0.3236731175083477,B,B
3638,3638,7276,7276,-3638,-3638,1,1,0.5633621500078003,0.5633621500078003,B,B
3639,3639,7278,7278,-3639,-3639,1,1,0.6940657671028732,0.6940657671028732,B,B
3640,3640,7280,7280,-3640,-3640,1,1,0.16370710097966423,0.16370710097966423,B,B
3644,3644,7288,7288,-3644,-3644,1,1,0.22678029696985158,0.22678029696985158,B,B
3645,3645,7290,7290,-3645,-3645,1,1,0.13429838421537033,0.13429838421537033,B,B
3646,3646,7292,7292,-3646,-3646,1,1,0.7672688475212271,0.7672688475212271,B,B
3647,3647,7294,7294,-3647,-3647,1,1,0.8954737355479675,0.8954737355479675,B,B
3649,3649,7298,7298,-3649,-3649,1,1,0.10462873346557655,0.10462873346557655,B,B
3650,3650,7300,7300,-3650,-3650,1,1,0.4871715175426282,0.4871715175426282,B,B
3651,3651,7302,7302,-3651,-3651,1,1,0.1422211177498578,0.1422211177498578,B,B
3652,3652,7304,7304,-3652,-3652,1,1,0.6645250331484555,0.6645250331484555,B,B
3653,3653,7306,7306,-3653,-3653,1,1,0.16378478489775783,0.16378478489775783,B,B
3654,3654,7308,7308,-3654,-3654,1,1,0.4977473017423296,0.4977473017423296,B,B
3655,3655,7310,7310,-3655,-3655,1,1,0.5387811711114957,0.5387811711114957,B,B
3656,3656,7312,7312,-3656,-3656,1,1,0.20250292064272002,0.20250292064272002,B,B
3657,3657,7314,7314,-3657,-3657,1,1,0.07809877271805532,0.07809877271805532,B,B
3658,3658,7316,7316,-3658,-3658,1,1,0.4187349390836167,0.4187349390836167,B,B
3659,3659,7318,7318,-3659,-3659,1,1,0.6908939188987147,0.6908939188987147,B,B
3660,3660,7320,7320,-3660,-3660,1,1,0.720763437792455,0.720763437792455,B,B
3661,3661,7322,7322,-3661,-3661,1,1,0.16392076506680653,0.16392076506680653,B,B
3664,3664,7328,7328,-3664,-3664,1,1,0.5332283715624895,0.5332283715624895,B,B
3665,3665,7330,7330,-3665,-3665,1,1,0.8028467773185352,0.8028467773185352,B,B
3666,3666,7332,7332,-3666,-3666,1,1,0.24857901851119169,0.24857901851119169,B,B
3670,3670,7340,7340,-3670,-3670,1,1,0.472149234006903,0.472149234006903,B,B
3671,3671,7342,7342,-3671,-3671,1,1,0.029948542985322568,0.029948542985322568,B,B
3672,3672,7344,7344,-3672,-3672,1,1,0.5666646200426888,0.5666646200426888,B,B
3673,3673,7346,7346,-3673,-3673,1,1,0.18022452008580758,0.18022452008580758,B,B
3675,3675,7350,7350,-3675,-3675,1,1,0.02153597381439698,0.02153597381439698,B,B
3677,3677,7354,7354,-3677,-3677,1,1,0.5251108445305355,0.5251108445305355,B,B
3678,3678,7356,7356,-3678,-3678,1,1,0.11044614777910933,0.11044614777910933,B,B
3682,3682,7364,7364,-3682,-3682,1,1,0.026841698704082595,0.026841698704082595,B,B
3684,3684,7368,7368,-3684,-3684,1,1,0.7556987114602128,0.7556987114602128,B,B
3685,3685,7370,7370,-3685,-3685,1,1,0.03804619152213384,0.03804619152213384,B,B
3688,3688,7376,7376,-3688,-3688,1,1,0.11550784646288881,0.11550784646288881,B,B
3691,3691,7382,7382,-3691,-3691,1,1,0.6387511036278781,0.6387511036278781,B,B
3692,3692,7384,7384,-3692,-3692,1,1,0.600478981757181,0.600478981757181,B,B
3693,3693,7386,7386,-3693,-3693,1,1,0.8811616082891,0.8811616082891,B,B
3694,3694,7388,7388,-3694,-3694,1,1,0.28163845150484024,0.28163845150484024,B,B
3695,3695,7390,7390,-3695,-3695,1,1,0.6724199194986902,0.6724199194986902,B,B
3699,3699,7398,7398,-3699,-3699,1,1,0.19491433375656875,0.19491433375656875,B,B
3700,3700,7400,7400,-3700,-3700,1,1,0.8914372322917486,0.8914372322917486,B,B
3702,3702,7404,7404,-3702,-3702,1,1,0.14360809077851433,0.14360809077851433,B,B
3703,3703,7406,7406,-3703,-3703,1,1,0.6860852012652986,0.6860852012652986,B,B
3704,3704,7408,7408,-3704,-3704,1,1,0.7944621205108021,0.7944621205108021,B,B
3707,3707,7414,7414,-3707,-3707,1,1,0.597755402495681,0.597755402495681,B,B
3710,3710,7420,7420,-3710,-3710,1,1,0.30513453455763917,0.30513453455763917,B,B
3714,3714,7428,7428,-3714,-3714,1,1,0.013399979180104715,0.013399979180104715,B,B
3715,3715,7430,7430,-3715,-3715,1,1,0.15660764101642588,0.15660764101642588,B,B
3717,3717,7434,7434,-3717,-3717,1,1,0.9501202340440148,0.9501202340440148,B,B
3718,3718,7436,7436,-3718,-3718,1,1,0.020046961619795356,0.020046961619795356,B,B
3719,3719,7438,7438,-3719,-3719,1,1,0.5342829547713341,0.5342829547713341,B,B
3720,3720,7440,7440,-3720,-3720,1,1,0.6935255224287487,0.6935255224287487,B,B
3721,3721,7442,7442,-3721,-3721,1,1,0.3402369955317288,0.3402369955317288,B,B
3723,3723,7446,7446,-3723,-3723,1,1,0.4852223397021498,0.4852223397021498,B,B
3724,3724,7448,7448,-3724,-3724,1,1,0.613775502960991,0.613775502960991,B,B
3725,3725,7450,7450,-3725,-3725,1,1,0.664124171835347,0.664124171835347,B,B
3726,3726,7452,7452,-3726,-3726,1,1,0.8079695892416535,0.8079695892416535,B,B
3728,3728,7456,7456,-3728,-3728,1,1,0.2191163161242109,0.2191163161242109,B,B
3729,3729,7458,7458,-3729,-3729,1,1,0.009540381229393935,0.009540381229393935,B,B
3730,3730,7460,7460,-3730,-3730,1,1,0.7601257696271863,0.7601257696271863,B,B
3731,3731,7462,7462,-3731,-3731,1,1,0.10174605755007982,0.10174605755007982,B,B
3732,3732,7464,7464,-3732,-3732,1,1,0.4850321392731598,0.4850321392731598,B,B
3733,3733,7466,7466,-3733,-3733,1,1,0.4915982200076924,0.4915982200076924,B,B
3734,3734,7468,7468,-3734,-3734,1,1,0.20468809018004896,0.20468809018004896,B,B
3735,3735,7470,7470,-3735,-3735,1,1,0.20316948536342028,0.20316948536342028,B,B
3736,3736,7472,7472,-3736,-3736,1,1,0.9041167077183151,0.9041167077183151,B,B
3737,3737,7474,7474,-3737,-3737,1,1,0.6954253682046271,0.6954253682046271,B,B
3740,3740,7480,7480,-3740,-3740,1,1,0.3197064502042586,0.3197064502042586,B,B
3741,3741,7482,7482,-3741,-3741,1,1,0.1468569600395372,0.1468569600395372,B,B
3742,3742,7484,7484,-3742,-3742,1,1,0.1255933275743426,0.1255933275743426,B,B
3743,3743,7486,7486,-3743,-3743,1,1,0.5482187701577186,0.5482187701577186,B,B
3745,3745,7490,7490,-3745,-3745,1,1,0.6286334221008038,0.6286334221008038,B,B
3746,3746,7492,7492,-3746,-3746,1,1,0.3923651323764171,0.3923651323764171,B,B
3747,3747,7494,7494,-3747,-3747,1,1,0.7125846161229595,0.7125846161229595,B,B
3751,3751,7502,7502,-3751,-3751,1,1,0.2234969051863428,0.2234969051863428,B,B
3752,3752,7504,7504,-3752,-3752,1,1,0.00571897615047412,0.00571897615047412,B,B
3753,3753,7506,7506,-3753,-3753,1,1,0.7379149896334576,0.7379149896334576,B,B
3754,3754,7508,7508,-3754,-3754,1,1,0.2539432398164989,0.2539432398164989,B,B
3755,3755,7510,7510,-3755,-3755,1,1,0.947660561515616,0.947660561515616,B,B
3756,3756,7512,7512,-3756,-3756,1,1,0.9471407593913578,0.9471407593913578,B,B
3757,3757,7514,7514,-3757,-3757,1,1,0.3279219486295779,0.3279219486295779,B,B
3759,3759,7518,7518,-3759,-3759,1,1,0.8255280730148074,0.8255280730148074,B,B
3761,3761,7522,7522,-3761,-3761,1,1,0.04245018307564319,0.04245018307564319,B,B
3762,3762,7524,7524,-3762,-3762,1,1,0.4578046602740826,0.4578046602740826,B,B
3763,3763,7526,7526,-3763,-3763,1,1,0.8621333493691178,0.8621333493691178,B,B
3766,3766,7532,7532,-3766,-3766,1,1,0.07474821842126134,0.07474821842126134,B,B
3767,3767,7534,7534,-3767,-3767,1,1,0.4898340717128281,0.4898340717128281,B,B
3768,3768,7536,7536,-3768,-3768,1,1,0.3973792760359892,0.3973792760359892,B,B
3769,3769,7538,7538,-3769,-3769,1,1,0.7415592250773779,0.7415592250773779,B,B
3770,3770,7540,7540,-3770,-3770,1,1,0.5536158420653895,0.5536158420653895,B,B
3771,3771,7542,7542,-3771,-3771,1,1,0.1874214266534462,0.1874214266534462,B,B
3772,3772,7544,7544,-3772,-3772,1,1,0.18249166892179713,0.18249166892179713,B,B
3773,3773,7546,7546,-3773,-3773,1,1,0.0038340784065893363,0.0038340784065893363,B,B
3774,3774,7548,7548,-3774,-3774,1,1,0.9870856784768556,0.9870856784768556,B,B
3775,3775,7550,7550,-3775,-3775,1,1,0.8749234584777631,0.8749234584777631,B,B
3777,3777,7554,7554,-3777,-3777,1,1,0.37726040222558066,0.37726040222558066,B,B
3778,3778,7556,7556,-3778,-3778,1,1,0.8774595390692634,0.8774595390692634,B,B
3780,3780,7560,7560,-3780,-3780,1,1,0.6261978759429667,0.6261978759429667,B,B
3782,3782,7564,7564,-3782,-3782,1,1,0.21678513663320487,0.21678513663320487,B,B
3785,3785,7570,7570,-3785,-3785,1,1,0.13264270747363494,0.13264270747363494,B,B
3786,3786,7572,7572,-3786,-3786,1,1,0.13604914789843658,0.13604914789843658,B,B
3787,3787,7574,7574,-3787,-3787,1,1,0.4473644110317937,0.4473644110317937,B,B
3788,3788,7576,7576,-3788,-3788,1,1,0.5645152998745263,0.5645152998745263,B,B
3789,3789,7578,7578,-3789,-3789,1,1,0.34890684817212125,0.34890684817212125,B,B
3790,3790,7580,7580,-3790,-3790,1,1,0.9798264288114408,0.9798264288114408,B,B
3791,3791,7582,7582,-3791,-3791,1,1,0.001821949410769741,0.001821949410769741,B,B
3792,3792,7584,7584,-3792,-3792,1,1,0.6593796485527187,0.6593796485527187,B,B
3793,3793,7586,7586,-3793,-3793,1,1,0.8336296690237773,0.8336296690237773,B,B
3794,3794,7588,7588,-3794,-3794,1,1,0.48573108297627376,0.48573108297627376,B,B
3795,3795,7590,7590,-3795,-3795,1,1,0.6245632848813165,0.6245632848813165,B,B
3797,3797,7594,7594,-3797,-3797,1,1,0.5997079267576372,0.5997079267576372,B,B
3798,3798,7596,7596,-3798,-3798,1,1,0.8047893081791353,0.8047893081791353,B,B
3799,3799,7598,7598,-3799,-3799,1,1,0.6915387615621498,0.6915387615621498,B,B
3801,3801,7602,7602,-3801,-3801,1,1,0.8056739154175677,0.8056739154175677,B,B
3802,3802,7604,7604,-3802,-3802,1,1,0.531668360304203,0.531668360304203,B,B
3807,3807,7614,7614,-3807,-3807,1,1,0.9598052928278961,0.9598052928278961,B,B
3808,3808,7616,7616,-3808,-3808,1,1,0.7605587601359842,0.7605587601359842,B,B
3809,3809,7618,7618,-3809,-3809,1,1,0.5825192030888638,0.5825192030888638,B,B
3810,3810,7620,7620,-3810,-3810,1,1,0.9879903508696303,0.9879903508696303,B,B
3811,3811,7622,7622,-3811,-3811,1,1,0.24257488631225899,0.24257488631225899,B,B
3812,3812,7624,7624,-3812,-3812,1,1,0.049355891944648844,0.049355891944648844,B,B
3813,3813,7626,7626,-3813,-3813,1,1,0.5561417498029594,0.5561417498029594,B,B
3814,3814,7628,7628,-3814,-3814,1,1,0.8631149496247402,0.8631149496247402,B,B
3815,3815,7630,7630,-3815,-3815,1,1,0.5667341188852434,0.5667341188852434,B,B
3816,3816,7632,7632,-3816,-3816,1,1,0.35582045116864147,0.35582045116864147,B,B
3817,3817,7634,7634,-3817,-3817,1,1,0.2691056001508225,0.2691056001508225,B,B
3818,3818,7636,7636,-3818,-3818,1,1,0.7110351633836502,0.7110351633836502,B,B
3819,3819,7638,7638,-3819,-3819,1,1,0.9188575828424455,0.9188575828424455,B,B
3820,3820,7640,7640,-3820,-3820,1,1,0.022839723666746803,0.022839723666746803,B,B
3821,3821,7642,7642,-3821,-3821,1,1,0.8760485123540898,0.8760485123540898,B,B
3825,3825,7650,7650,-3825,-3825,1,1,0.6450188195042362,0.6450188195042362,B,B
3826,3826,7652,7652,-3826,-3826,1,1,0.9321888785258378,0.9321888785258378,B,B
3827,3827,7654,7654,-3827,-3827,1,1,0.48131658018935164,0.48131658018935164,B,B
3830,3830,7660,7660,-3830,-3830,1,1,0.38521765411458286,0.38521765411458286,B,B
3831,3831,7662,7662,-3831,-3831,1,1,0.8217196322816293,0.8217196322816293,B,B
3832,3832,7664,7664,-3832,-3832,1,1,0.3212084603628882,0.3212084603628882,B,B
3833,3833,7666,7666,-3833,-3833,1,1,0.9307509193767346,0.9307509193767346,B,B
3834,3834,7668,7668,-3834,-3834,1,1,0.42923268030772643,0.42923268030772643,B,B
3835,3835,7670,7670,-3835,-3835,1,1,0.017861588287862662,0.017861588287862662,B,B
3837,3837,7674,7674,-3837,-3837,1,1,0.9057095121220498,0.9057095121220498,B,B
3838,3838,7676,7676,-3838,-3838,1,1,0.5577424683630335,0.5577424683630335,B,B
3840,3840,7680,7680,-3840,-3840,1,1,0.9832032561605589,0.9832032561605589,B,B
3841,3841,7682,7682,-3841,-3841,1,1,0.5820898925445773,0.5820898925445773,B,B
3842,3842,7684,7684,-3842,-3842,1,1,0.1829132207633385,0.1829132207633385,B,B
3844,3844,7688,7688,-3844,-3844,1,1,0.9306592461203531,0.9306592461203531,B,B
3847,3847,7694,7694,-3847,-3847,1,1,0.813877878428495,0.813877878428495,B,B
3850,3850,7700,7700,-3850,-3850,1,1,0.9508877065599509,0.9508877065599509,B,B
3851,3851,7702,7702,-3851,-3851,1,1,0.6318818826183182,0.6318818826183182,B,B
3852,3852,7704,7704,-3852,-3852,1,1,0.11355114476142414,0.11355114476142414,B,B
3853,3853,7706,7706,-3853,-3853,1,1,0.7844100902206635,0.7844100902206635,B,B
3855,3855,7710,7710,-3855,-3855,1,1,0.3831540459761441,0.3831540459761441,B,B
3856,3856,7712,7712,-3856,-3856,1,1,0.40044082863582786,0.40044082863582786,B,B
3857,3857,7714,7714,-3857,-3857,1,1,0.5465910818323751,0.5465910818323751,B,B
3858,3858,7716,7716,-3858,-3858,1,1,0.4203815922469569,0.4203815922469569,B,B
3859,3859,7718,7718,-3859,-3859,1,1,0.7942978247515281,0.7942978247515281,B,B
3860,3860,7720,7720,-3860,-3860,1,1,0.503955689202559,0.503955689202559,B,B
3862,3862,7724,7724,-3862,-3862,1,1,0.14315382122293185,0.14315382122293185,B,B
3863,3863,7726,7726,-3863,-3863,1,1,0.42809661840691404,0.42809661840691404,B,B
3864,3864,7728,7728,-3864,-3864,1,1,0.02490953780662175,0.02490953780662175,B,B
3865,3865,7730,7730,-3865,-3865,1,1,0.2754638135260413,0.2754638135260413,B,B
3866,3866,7732,7732,-3866,-3866,1,1,0.3453647343987786,0.3453647343987786,B,B
3869,3869,7738,7738,-3869,-3869,1,1,0.36143910617639674,0.36143910617639674,B,B
3870,3870,7740,7740,-3870,-3870,1,1,0.33181864651697945,0.33181864651697945,B,B
3873,3873,7746,7746,-3873,-3873,1,1,0.11191800894680659,0.11191800894680659,B,B
3874,3874,7748,7748,-3874,-3874,1,1,0.04417323165818032,0.04417323165818032,B,B
3875,3875,7750,7750,-3875,-3875,1,1,0.29706611948036943,0.29706611948036943,B,B
3876,3876,7752,7752,-3876,-3876,1,1,0.81407207839646,0.81407207839646,B,B
3877,3877,7754,7754,-3877,-3877,1,1,0.7325163951366943,0.7325163951366943,B,B
3878,3878,7756,7756,-3878,-3878,1,1,0.4385819430080006,0.4385819430080006,B,B
3879,3879,7758,7758,-3879,-3879,1,1,0.3778578229661893,0.3778578229661893,B,B
3880,3880,7760,7760,-3880,-3880,1,1,0.5413778976091228,0.5413778976091228,B,B
3881,3881,7762,7762,-3881,-3881,1,1,0.5792770923094822,0.5792770923094822,B,B
3882,3882,7764,7764,-3882,-3882,1,1,0.5261528491770112,0.5261528491770112,B,B
3883,3883,7766,7766,-3883,-3883,1,1,0.8034699950809594,0.8034699950809594,B,B
3884,3884,7768,7768,-3884,-3884,1,1,0.8054103766149219,0.8054103766149219,B,B
3886,3886,7772,7772,-3886,-3886,1,1,0.5906546620766847,0.5906546620766847,B,B
3887,3887,7774,7774,-3887,-3887,1,1,0.402299449801347,0.402299449801347,B,B
3889,3889,7778,7778,-3889,-3889,1,1,0.3902981894231643,0.3902981894231643,B,B
3891,3891,7782,7782,-3891,-3891,1,1,0.018182873637350383,0.018182873637350383,B,B
3892,3892,7784,7784,-3892,-3892,1,1,0.34174465904969553,0.34174465904969553,B,B
3895,3895,7790,7790,-3895,-3895,1,1,0.154800040579269,0.154800040579269,B,B
3896,3896,7792,7792,-3896,-3896,1,1,0.30476935968989904,0.30476935968989904,B,B
3898,3898,7796,7796,-3898,-3898,1,1,0.3326822952035309,0.3326822952035309,B,B
3899,3899,7798,7798,-3899,-3899,1,1,0.5934102066822023,0.5934102066822023,B,B
3900,3900,7800,7800,-3900,-3900,1,1,0.9629068808731757,0.9629068808731757,B,B
3902,3902,7804,7804,-3902,-3902,1,1,0.6472052849507675,0.6472052849507675,B,B
3903,3903,7806,7806,-3903,-3903,1,1,0.7005016791124005,0.7005016791124005,B,B
3904,3904,7808,7808,-3904,-3904,1,1,0.3237002008617852,0.3237002008617852,B,B
3905,3905,7810,7810,-3905,-3905,1,1,0.7052354340022505,0.7052354340022505,B,B
3907,3907,7814,7814,-3907,-3907,1,1,0.9195830040043665,0.9195830040043665,B,B
3908,3908,7816,7816,-3908,-3908,1,1,0.14474782050691726,0.14474782050691726,B,B
3909,3909,7818,7818,-3909,-3909,1,1,0.3766683809576097,0.3766683809576097,B,B
3912,3912,7824,7824,-3912,-3912,1,1,0.8831985282530701,0.8831985282530701,B,B
3913,3913,7826,7826,-3913,-3913,1,1,0.8051749946424628,0.8051749946424628,B,B
3915,3915,7830,7830,-3915,-3915,1,1,0.4503191488664121,0.4503191488664121,B,B
3918,3918,7836,7836,-3918,-3918,1,1,0.09594152750662288,0.09594152750662288,B,B
3920,3920,7840,7840,-3920,-3920,1,1,0.7135689705573459,0.7135689705573459,B,B
3921,3921,7842,7842,-3921,-3921,1,1,0.540280603234583,0.540280603234583,B,B
3925,3925,7850,7850,-3925,-3925,1,1,0.37190625573338654,0.37190625573338654,B,B
3926,3926,7852,7852,-3926,-3926,1,1,0.18813426875584616,0.18813426875584616,B,B
3928,3928,7856,7856,-3928,-3928,1,1,0.5025668166323446,0.5025668166323446,B,B
3929,3929,7858,7858,-3929,-3929,1,1,0.7137302935961729,0.7137302935961729,B,B
3930,3930,7860,7860,-3930,-3930,1,1,0.03626598698575545,0.03626598698575545,B,B
3932,3932,7864,7864,-3932,-3932,1,1,0.834208836564482,0.834208836564482,B,B
3933,3933,7866,7866,-3933,-3933,1,1,0.26043372446551627,0.26043372446551627,B,B
3934,3934,7868,7868,-3934,-3934,1,1,0.6830961699098478,0.6830961699098478,B,B
3937,3937,7874,7874,-3937,-3937,1,1,0.22746505964788877,0.22746505964788877,B,B
3939,3939,7878,7878,-3939,-3939,1,1,0.8908183043285887,0.8908183043285887,B,B
3940,3940,7880,7880,-3940,-3940,1,1,0.953741529423303,0.953741529423303,B,B
3941,3941,7882,7882,-3941,-3941,1,1,0.665852900832375,0.665852900832375,B,B
3943,3943,7886,7886,-3943,-3943,1,1,0.2692461176530677,0.2692461176530677,B,B
3944,3944,7888,7888,-3944,-3944,1,1,0.392889840606231,0.392889840606231,B,B
3946,3946,7892,7892,-3946,-3946,1,1,0.24369456464524086,0.24369456464524086,B,B
3947,3947,7894,7894,-3947,-3947,1,1,0.755508077932476,0.755508077932476,B,B
3949,3949,7898,7898,-3949,-3949,1,1,0.9288163598928844,0.9288163598928844,B,B
3951,3951,7902,7902,-3951,-3951,1,1,0.3713386032062712,0.3713386032062712,B,B
3955,3955,7910,7910,-3955,-3955,1,1,0.971463909721215,0.971463909721215,B,B
3956,3956,7912,7912,-3956,-3956,1,1,0.859656282883082,0.859656282883082,B,B
3957,3957,7914,7914,-3957,-3957,1,1,0.46314620496926917,0.46314620496926917,B,B
3958,3958,7916,7916,-3958,-3958,1,1,0.5899804708669354,0.5899804708669354,B,B
3962,3962,7924,7924,-3962,-3962,1,1,0.9011246492320284,0.9011246492320284,B,B
3964,3964,7928,7928,-3964,-3964,1,1,0.5116825824148714,0.5116825824148714,B,B
3965,3965,7930,7930,-3965,-3965,1,1,0.43100342597261054,0.43100342597261054,B,B
3966,3966,7932,7932,-3966,-3966,1,1,0.9263092735943949,0.9263092735943949,B,B
3967,3967,7934,7934,-3967,-3967,1,1,0.8245885257024181,0.8245885257024181,B,B
3968,3968,7936,7936,-3968,-3968,1,1,0.9832822926733994,0.9832822926733994,B,B
3973,3973,7946,7946,-3973,-3973,1,1,0.6575663066577822,0.6575663066577822,B,B
3974,3974,7948,7948,-3974,-3974,1,1,0.299417659564298,0.299417659564298,B,B
3976,3976,7952,7952,-3976,-3976,1,1,0.7270546162683199,0.7270546162683199,B,B
3977,3977,7954,7954,-3977,-3977,1,1,0.4281510410295214,0.4281510410295214,B,B
3978,3978,7956,7956,-3978,-3978,1,1,0.3712876520442545,0.3712876520442545,B,B
3979,3979,7958,7958,-3979,-3979,1,1,0.959988916788401,0.959988916788401,B,B
3981,3981,7962,7962,-3981,-3981,1,1,0.039003887232151646,0.039003887232151646,B,B
3982,3982,7964,7964,-3982,-3982,1,1,0.30390962064463867,0.30390962064463867,B,B
3984,3984,7968,7968,-3984,-3984,1,1,0.4290895296677807,0.4290895296677807,B,B
3985,3985,7970,7970,-3985,-3985,1,1,0.50666558854692,0.50666558854692,B,B
3987,3987,7974,7974,-3987,-3987,1,1,0.6046820698589466,0.6046820698589466,B,B
3988,3988,7976,7976,-3988,-3988,1,1,0.37081814996676676,0.37081814996676676,B,B
3989,3989,7978,7978,-3989,-3989,1,1,0.28430717789811866,0.28430717789811866,B,B
3990,3990,7980,7980,-3990,-3990,1,1,0.4414409064514413,0.4414409064514413,B,B
3991,3991,7982,7982,-3991,-3991,1,1,0.8277857815105562,0.8277857815105562,B,B
3993,3993,7986,7986,-3993,-3993,1,1,0.9928680711662328,0.9928680711662328,B,B
3994,3994,7988,7988,-3994,-3994,1,1,0.5567891776851271,0.5567891776851271,B,B
3995,3995,7990,7990,-3995,-3995,1,1,0.4419191516490707,0.4419191516490707,B,B
3996,3996,7992,7992,-3996,-3996,1,1,0.3082878163463665,0.3082878163463665,B,B
3997,3997,7994,7994,-3997,-3997,1,1,0.794714882638921,0.794714882638921,B,B
3998,3998,7996,7996,-3998,-3998,1,1,0.5481251672007239,0.5481251672007239,B,B
3999,3999,7998,7998,-3999,-3999,1,1,0.15642071006919056,0.15642071006919056,B,B
4001,4001,8002,8002,-4001,-4001,1,1,0.9572525162118046,0.9572525162118046,B,B
4002,4002,8004,8004,-4002,-4002,1,1,0.718126420378023,0.718126420378023,B,B
4004,4004,8008,8008,-4004,-4004,1,1,0.43654850542197887,0.43654850542197887,B,B
4005,4005,8010,8010,-4005,-4005,1,1,0.48276786917044234,0.48276786917044234,B,B
4006,4006,8012,8012,-4006,-4006,1,1,0.0570927711202025,0.0570927711202025,B,B
4007,4007,8014,8014,-4007,-4007,1,1,0.17903660688151057,0.17903660688151057,B,B
4008,4008,8016,8016,-4008,-4008,1,1,0.9653496544492765,0.9653496544492765,B,B
4009,4009,8018,8018,-4009,-4009,1,1,0.7721979780357342,0.7721979780357342,B,B
4010,4010,8020,8020,-4010,-4010,1,1,0.1886734375218977,0.1886734375218977,B,B
4011,4011,8022,8022,-4011,-4011,1,1,0.7101689323409638,0.7101689323409638,B,B
4012,4012,8024,8024,-4012,-4012,1,1,0.22677887824861287,0.22677887824861287,B,B
4015,4015,8030,8030,-4015,-4015,1,1,0.9540595578630519,0.9540595578630519,B,B
4016,4016,8032,8032,-4016,-4016,1,1,0.7857559694543625,0.7857559694543625,B,B
4017,4017,8034,8034,-4017,-4017,1,1,0.23409016310930564,0.23409016310930564,B,B
4018,4018,8036,8036,-4018,-4018,1,1,0.6635520053366829,0.6635520053366829,B,B
4020,4020,8040,8040,-4020,-4020,1,1,0.5617308110579704,0.5617308110579704,B,B
4021,4021,8042,8042,-4021,-4021,1,1,0.5025529441486158,0.5025529441486158,B,B
4023,4023,8046,8046,-4023,-4023,1,1,0.5872921243172161,0.5872921243172161,B,B
4024,4024,8048,8048,-4024,-4024,1,1,0.11657947960604742,0.11657947960604742,B,B
4026,4026,8052,8052,-4026,-4026,1,1,0.9314694365926618,0.9314694365926618,B,B
4027,4027,8054,8054,-4027,-4027,1,1,0.9574385347277676,0.9574385347277676,B,B
4028,4028,8056,8056,-4028,-4028,1,1,0.909851470377962,0.909851470377962,B,B
4029,4029,8058,8058,-4029,-4029,1,1,0.4690100950297247,0.4690100950297247,B,B
4030,4030,8060,8060,-4030,-4030,1,1,0.12470518964225419,0.12470518964225419,B,B
4031,4031,8062,8062,-4031,-4031,1,1,0.855115873473744,0.855115873473744,B,B
4033,4033,8066,8066,-4033,-4033,1,1,0.9816594021612247,0.9816594021612247,B,B
4034,4034,8068,8068,-4034,-4034,1,1,0.8464958896503827,0.8464958896503827,B,B
4035,4035,8070,8070,-4035,-4035,1,1,0.06580128002183205,0.06580128002183205,B,B
4036,4036,8072,8072,-4036,-4036,1,1,0.6787358121825905,0.6787358121825905,B,B
4037,4037,8074,8074,-4037,-4037,1,1,0.6475011924962542,0.6475011924962542,B,B
4038,4038,8076,8076,-4038,-4038,1,1,0.9054351747306543,0.9054351747306543,B,B
4042,4042,8084,8084,-4042,-4042,1,1,0.9616194861954133,0.9616194861954133,B,B
4043,4043,8086,8086,-4043,-4043,1,1,0.6004825759063434,0.6004825759063434,B,B
4045,4045,8090,8090,-4045,-4045,1,1,0.8413094324825174,0.8413094324825174,B,B
4047,4047,8094,8094,-4047,-4047,1,1,0.6179510215082826,0.6179510215082826,B,B
4048,4048,8096,8096,-4048,-4048,1,1,0.5060264604618152,0.5060264604618152,B,B
4049,4049,8098,8098,-4049,-4049,1,1,0.37143864876884747,0.37143864876884747,B,B
4050,4050,8100,8100,-4050,-4050,1,1,0.30054845848519995,0.30054845848519995,B,B
4052,4052,8104,8104,-4052,-4052,1,1,0.5995953222369297,0.5995953222369297,B,B
4054,4054,8108,8108,-4054,-4054,1,1,0.8566272315853474,0.8566272315853474,B,B
4056,4056,8112,8112,-4056,-4056,1,1,0.42371596311269455,0.42371596311269455,B,B
4057,4057,8114,8114,-4057,-4057,1,1,0.09614687744942996,0.09614687744942996,B,B
4060,4060,8120,8120,-4060,-4060,1,1,0.11677041735645144,0.11677041735645144,B,B
4061,4061,8122,8122,-4061,-4061,1,1,0.7349459345430046,0.7349459345430046,B,B
4062,4062,8124,8124,-4062,-4062,1,1,0.8674599547793134,0.8674599547793134,B,B
4063,4063,8126,8126,-4063,-4063,1,1,0.8449771139351483,0.8449771139351483,B,B
4064,4064,8128,8128,-4064,-4064,1,1,0.1629789938977808,0.1629789938977808,B,B
4065,4065,8130,8130,-4065,-4065,1,1,0.6811244555251333,0.6811244555251333,B,B
4066,4066,8132,8132,-4066,-4066,1,1,0.5841107325634507,0.5841107325634507,B,B
4068,4068,8136,8136,-4068,-4068,1,1,0.8699515612782058,0.8699515612782058,B,B
4070,4070,8140,8140,-4070,-4070,1,1,0.18805873446551347,0.18805873446551347,B,B
4071,4071,8142,8142,-4071,-4071,1,1,0.8593379562583192,0.8593379562583192,B,B
4072,4072,8144,8144,-4072,-4072,1,1,0.26630728812686544,0.26630728812686544,B,B
4073,4073,8146,8146,-4073,-4073,1,1,0.27547914424572006,0.27547914424572006,B,B
4074,4074,8148,8148,-4074,-4074,1,1,0.736704554151143,0.736704554151143,B,B
4076,4076,8152,8152,-4076,-4076,1,1,0.0490188112002391,0.0490188112002391,B,B
4078,4078,8156,8156,-4078,-4078,1,1,0.7413285801180437,0.7413285801180437,B,B
4079,4079,8158,8158,-4079,-4079,1,1,0.450940951883794,0.450940951883794,B,B
4080,4080,8160,8160,-4080,-4080,1,1,0.987091235991612,0.987091235991612,B,B
4081,4081,8162,8162,-4081,-4081,1,1,0.24397563643899667,0.24397563643899667,B,B
4083,4083,8166,8166,-4083,-4083,1,1,0.30068462700899634,0.30068462700899634,B,B
4084,4084,8168,8168,-4084,-4084,1,1,0.6739665717207093,0.6739665717207093,B,B
4085,4085,8170,8170,-4085,-4085,1,1,0.7375624466632442,0.7375624466632442,B,B
4086,4086,8172,8172,-4086,-4086,1,1,0.2253322360725405,0.2253322360725405,B,B
4089,4089,8178,8178,-4089,-4089,1,1,0.09519092401557439,0.09519092401557439,B,B
4090,4090,8180,8180,-4090,-4090,1,1,0.2070849693321044,0.2070849693321044,B,B
4091,4091,8182,8182,-4091,-4091,1,1,0.04782311203697054,0.04782311203697054,B,B
4093,4093,8186,8186,-4093,-4093,1,1,0.2014992323951068,0.2014992323951068,B,B
4094,4094,8188,8188,-4094,-4094,1,1,0.5250948256260165,0.5250948256260165,B,B
4095,4095,8190,8190,-4095,-4095,1,1,0.9604839144627781,0.9604839144627781,B,B
4096,4096,8192,8192,-4096,-4096,1,1,0.10962923045904482,0.10962923045904482,B,B
4097,4097,8194,8194,-4097,-4097,1,1,0.6020182799747551,0.6020182799747551,B,B
4098,4098,8196,8196,-4098,-4098,1,1,0.697181596646752,0.697181596646752,B,B
4100,4100,8200,8200,-4100,-4100,1,1,0.8193374591832222,0.8193374591832222,B,B
4102,4102,8204,8204,-4102,-4102,1,1,0.8767705326013489,0.8767705326013489,B,B
4103,4103,8206,8206,-4103,-4103,1,1,0.7786956999136501,0.7786956999136501,B,B
4105,4105,8210,8210,-4105,-4105,1,1,0.8759138175964162,0.8759138175964162,B,B
4106,4106,8212,8212,-4106,-4106,1,1,0.4232325037796473,0.4232325037796473,B,B
4108,4108,8216,8216,-4108,-4108,1,1,0.30585242104870247,0.30585242104870247,B,B
4109,4109,8218,8218,-4109,-4109,1,1,0.8739108583235988,0.8739108583235988,B,B
4112,4112,8224,8224,-4112,-4112,1,1,0.28224885081564033,0.28224885081564033,B,B
4113,4113,8226,8226,-4113,-4113,1,1,0.42631494800959535,0.42631494800959535,B,B
4115,4115,8230,8230,-4115,-4115,1,1,0.6238081212220997,0.6238081212220997,B,B
4116,4116,8232,8232,-4116,-4116,1,1,0.8586107102346388,0.8586107102346388,B,B
4117,4117,8234,8234,-4117,-4117,1,1,0.4594357785277331,0.4594357785277331,B,B
4118,4118,8236,8236,-4118,-4118,1,1,0.8937896572641563,0.8937896572641563,B,B
4119,4119,8238,8238,-4119,-4119,1,1,0.983214427007821,0.983214427007821,B,B
4120,4120,8240,8240,-4120,-4120,1,1,0.10474700044758356,0.10474700044758356,B,B
4121,4121,8242,8242,-4121,-4121,1,1,0.5145592104409674,0.5145592104409674,B,B
4122,4122,8244,8244,-4122,-4122,1,1,0.5496100474202048,0.5496100474202048,B,B
4123,4123,8246,8246,-4123,-4123,1,1,0.0037972582133400934,0.0037972582133400934,B,B
4124,4124,8248,8248,-4124,-4124,1,1,0.049481760582068546,0.049481760582068546,B,B
4125,4125,8250,8250,-4125,-4125,1,1,0.7643712466042002,0.7643712466042002,B,B
4126,4126,8252,8252,-4126,-4126,1,1,0.9006185621632993,0.9006185621632993,B,B
4127,4127,8254,8254,-4127,-4127,1,1,0.39997136316206006,0.39997136316206006,B,B
4128,4128,8256,8256,-4128,-4128,1,1,0.9614511263684571,0.9614511263684571,B,B
4133,4133,8266,8266,-4133,-4133,1,1,0.04885213517327747,0.04885213517327747,B,B
4134,4134,8268,8268,-4134,-4134,1,1,0.3491871141368056,0.3491871141368056,B,B
4135,4135,8270,8270,-4135,-4135,1,1,0.44588000461032185,0.44588000461032185,B,B
4136,4136,8272,8272,-4136,-4136,1,1,0.3660099431132563,0.3660099431132563,B,B
4137,4137,8274,8274,-4137,-4137,1,1,0.39074651553865725,0.39074651553865725,B,B
4139,4139,8278,8278,-4139,-4139,1,1,0.2627063073083564,0.2627063073083564,B,B
4140,4140,8280,8280,-4140,-4140,1,1,0.9992659262898665,0.9992659262898665,B,B
4141,4141,8282,8282,-4141,-4141,1,1,0.6539306551285781,0.6539306551285781,B,B
4142,4142,8284,8284,-4142,-4142,1,1,0.8269820275870222,0.8269820275870222,B,B
4143,4143,8286,8286,-4143,-4143,1,1,0.8948456711912626,0.8948456711912626,B,B
4144,4144,8288,8288,-4144,-4144,1,1,0.15568797904460097,0.15568797904460097,B,B
4148,4148,8296,8296,-4148,-4148,1,1,0.1720008905016973,0.1720008905016973,B,B
4150,4150,8300,8300,-4150,-4150,1,1,0.5325332807096226,0.5325332807096226,B,B
4151,4151,8302,8302,-4151,-4151,1,1,0.7369647076681548,0.7369647076681548,B,B
4152,4152,8304,8304,-4152,-4152,1,1,0.7588188438272769,0.7588188438272769,B,B
4153,4153,8306,8306,-4153,-4153,1,1,0.7911643489455816,0.7911643489455816,B,B
4154,4154,8308,8308,-4154,-4154,1,1,0.003514259433588851,0.003514259433588851,B,B
4156,4156,8312,8312,-4156,-4156,1,1,0.10709432650746264,0.10709432650746264,B,B
4160,4160,8320,8320,-4160,-4160,1,1,0.6331519358276104,0.6331519358276104,B,B
4163,4163,8326,8326,-4163,-4163,1,1,0.5120361681062116,0.5120361681062116,B,B
4165,4165,8330,8330,-4165,-4165,1,1,0.5035021974562508,0.5035021974562508,B,B
4166,4166,8332,8332,-4166,-4166,1,1,0.5350707883426647,0.5350707883426647,B,B
4173,4173,8346,8346,-4173,-4173,1,1,0.4708132815416113,0.4708132815416113,B,B
4178,4178,8356,8356,-4178,-4178,1,1,0.7109533785356604,0.7109533785356604,B,B
4179,4179,8358,8358,-4179,-4179,1,1,0.8310155399538823,0.8310155399538823,B,B
4180,4180,8360,8360,-4180,-4180,1,1,0.5095817453337926,0.5095817453337926,B,B
4181,4181,8362,8362,-4181,-4181,1,1,0.9864953635580088,0.9864953635580088,B,B
4183,4183,8366,8366,-4183,-4183,1,1,0.5067090843379222,0.5067090843379222,B,B
4185,4185,8370,8370,-4185,-4185,1,1,0.9923536502972682,0.9923536502972682,B,B
4186,4186,8372,8372,-4186,-4186,1,1,0.29753191421876934,0.29753191421876934,B,B
4188,4188,8376,8376,-4188,-4188,1,1,0.5897320914213783,0.5897320914213783,B,B
4189,4189,8378,8378,-4189,-4189,1,1,0.037016088206689446,0.037016088206689446,B,B
4190,4190,8380,8380,-4190,-4190,1,1,0.7222155146781902,0.7222155146781902,B,B
4191,4191,8382,8382,-4191,-4191,1,1,0.722036672202419,0.722036672202419,B,B
4194,4194,8388,8388,-4194,-4194,1,1,0.9901513309023601,0.9901513309023601,B,B
4195,4195,8390,8390,-4195,-4195,1,1,0.25703526893191886,0.25703526893191886,B,B
4197,4197,8394,8394,-4197,-4197,1,1,0.6315848005638368,0.6315848005638368,B,B
4198,4198,8396,8396,-4198,-4198,1,1,0.8442624487783071,0.8442624487783071,B,B
4200,4200,8400,8400,-4200,-4200,1,1,0.9332803276392121,0.9332803276392121,B,B
4202,4202,8404,8404,-4202,-4202,1,1,0.15487006280538884,0.15487006280538884,B,B
4204,4204,8408,8408,-4204,-4204,1,1,0.6927639295999511,0.6927639295999511,B,B
4205,4205,8410,8410,-4205,-4205,1,1,0.6486924281954487,0.6486924281954487,B,B
4207,4207,8414,8414,-4207,-4207,1,1,0.3542150198278661,0.3542150198278661,B,B
4208,4208,8416,8416,-4208,-4208,1,1,0.033048422349939655,0.033048422349939655,B,B
4209,4209,8418,8418,-4209,-4209,1,1,0.32152597440503305,0.32152597440503305,B,B
4210,4210,8420,8420,-4210,-4210,1,1,0.6528149350529918,0.6528149350529918,B,B
4213,4213,8426,8426,-4213,-4213,1,1,0.6269989314155414,0.6269989314155414,B,B
4215,4215,8430,8430,-4215,-4215,1,1,0.6303723980279435,0.6303723980279435,B,B
4217,4217,8434,8434,-4217,-4217,1,1,0.3466446718420202,0.3466446718420202,B,B
4219,4219,8438,8438,-4219,-4219,1,1,0.9439363948343097,0.9439363948343097,B,B
4220,4220,8440,8440,-4220,-4220,1,1,0.5203336944048307,0.5203336944048307,B,B
4223,4223,8446,8446,-4223,-4223,1,1,0.500831084374589,0.500831084374589,B,B
4224,4224,8448,8448,-4224,-4224,1,1,0.0011487148550841653,0.0011487148550841653,B,B
4225,4225,8450,8450,-4225,-4225,1,1,0.5967266080503539,0.5967266080503539,B,B
4227,4227,8454,8454,-4227,-4227,1,1,0.6109276119698667,0.6109276119698667,B,B
4228,4228,8456,8456,-4228,-4228,1,1,0.1676338495907035,0.1676338495907035,B,B
4230,4230,8460,8460,-4230,-4230,1,1,0.370274738268774,0.370274738268774,B,B
4231,4231,8462,8462,-4231,-4231,1,1,0.18274601207146912,0.18274601207146912,B,B
4233,4233,8466,8466,-4233,-4233,1,1,0.23810464630614048,0.23810464630614048,B,B
4235,4235,8470,8470,-4235,-4235,1,1,0.37505065598057086,0.37505065598057086,B,B
4236,4236,8472,8472,-4236,-4236,1,1,0.9842774445996408,0.9842774445996408,B,B
4237,4237,8474,8474,-4237,-4237,1,1,0.1659444718316443,0.1659444718316443,B,B
4239,4239,8478,8478,-4239,-4239,1,1,0.7690339042908294,0.7690339042908294,B,B
4240,4240,8480,8480,-4240,-4240,1,1,0.39439785799290583,0.39439785799290583,B,B
4241,4241,8482,8482,-4241,-4241,1,1,0.5870753241655138,0.5870753241655138,B,B
4242,4242,8484,8484,-4242,-4242,1,1,0.26377244133366806,0.26377244133366806,B,B
4244,4244,8488,8488,-4244,-4244,1,1,0.1193818459814392,0.1193818459814392,B,B
4245,4245,8490,8490,-4245,-4245,1,1,0.5242039863737712,0.5242039863737712,B,B
4246,4246,8492,8492,-4246,-4246,1,1,0.03674581036960656,0.03674581036960656,B,B
4248,4248,8496,8496,-4248,-4248,1,1,0.17058478845316005,0.17058478845316005,B,B
4250,4250,8500,8500,-4250,-4250,1,1,0.08314558910724945,0.08314558910724945,B,B
4251,4251,8502,8502,-4251,-4251,1,1,0.8540671800719509,0.8540671800719509,B,B
4252,4252,8504,8504,-4252,-4252,1,1,0.6011396214721882,0.6011396214721882,B,B
4255,4255,8510,8510,-4255,-4255,1,1,0.35186232011018304,0.35186232011018304,B,B
4256,4256,8512,8512,-4256,-4256,1,1,0.19160963417195387,0.19160963417195387,B,B
4257,4257,8514,8514,-4257,-4257,1,1,0.7202360520447196,0.7202360520447196,B,B
4258,4258,8516,8516,-4258,-4258,1,1,0.6036306321490982,0.6036306321490982,B,B
4259,4259,8518,8518,-4259,-4259,1,1,0.48392065396470374,0.48392065396470374,B,B
4260,4260,8520,8520,-4260,-4260,1,1,0.8964582600767694,0.8964582600767694,B,B
4262,4262,8524,8524,-4262,-4262,1,1,0.7648525858385814,0.7648525858385814,B,B
4263,4263,8526,8526,-4263,-4263,1,1,0.7530023773608748,0.7530023773608748,B,B
4264,4264,8528,8528,-4264,-4264,1,1,0.868345953755428,0.868345953755428,B,B
4265,4265,8530,8530,-4265,-4265,1,1,0.25401978005185366,0.25401978005185366,B,B
4267,4267,8534,8534,-4267,-4267,1,1,0.11732828966800235,0.11732828966800235,B,B
4269,4269,8538,8538,-4269,-4269,1,1,0.6243291048181343,0.6243291048181343,B,B
4270,4270,8540,8540,-4270,-4270,1,1,0.8614975422213025,0.8614975422213025,B,B
4271,4271,8542,8542,-4271,-4271,1,1,0.32509212237872953,0.32509212237872953,B,B
4272,4272,8544,8544,-4272,-4272,1,1,0.010785107547286787,0.010785107547286787,B,B
4273,4273,8546,8546,-4273,-4273,1,1,0.10882148292175475,0.10882148292175475,B,B
4274,4274,8548,8548,-4274,-4274,1,1,0.38177289478119203,0.38177289478119203,B,B
4277,4277,8554,8554,-4277,-4277,1,1,0.47680239032573357,0.47680239032573357,B,B
4278,4278,8556,8556,-4278,-4278,1,1,0.0756991657034144,0.0756991657034144,B,B
4279,4279,8558,8558,-4279,-4279,1,1,0.28672989206175026,0.28672989206175026,B,B
4283,4283,8566,8566,-4283,-4283,1,1,0.37866395091906546,0.37866395091906546,B,B
4288,4288,8576,8576,-4288,-4288,1,1,0.07161338953412588,0.07161338953412588,B,B
4290,4290,8580,8580,-4290,-4290,1,1,0.4848818349059265,0.4848818349059265,B,B
4291,4291,8582,8582,-4291,-4291,1,1,0.7222531522637898,0.7222531522637898,B,B
4294,4294,8588,8588,-4294,-4294,1,1,0.4765954498961913,0.4765954498961913,B,B
4295,4295,8590,8590,-4295,-4295,1,1,0.7510838868822879,0.7510838868822879,B,B
4297,4297,8594,8594,-4297,-4297,1,1,0.5915856668847888,0.5915856668847888,B,B
4298,4298,8596,8596,-4298,-4298,1,1,0.7775091796180159,0.7775091796180159,B,B
4300,4300,8600,8600,-4300,-4300,1,1,0.22165672816496917,0.22165672816496917,B,B
4301,4301,8602,8602,-4301,-4301,1,1,0.28983835770429445,0.28983835770429445,B,B
4302,4302,8604,8604,-4302,-4302,1,1,0.7015347299206812,0.7015347299206812,B,B
4303,4303,8606,8606,-4303,-4303,1,1,0.22788546298839574,0.22788546298839574,B,B
4305,4305,8610,8610,-4305,-4305,1,1,0.7001563515812537,0.7001563515812537,B,B
4306,4306,8612,8612,-4306,-4306,1,1,0.9980135673549672,0.9980135673549672,B,B
4307,4307,8614,8614,-4307,-4307,1,1,0.8126420113331464,0.8126420113331464,B,B
4308,4308,8616,8616,-4308,-4308,1,1,0.10251467764595124,0.10251467764595124,B,B
4310,4310,8620,8620,-4310,-4310,1,1,0.4184459896049385,0.4184459896049385,B,B
4311,4311,8622,8622,-4311,-4311,1,1,0.5957755379089567,0.5957755379089567,B,B
4312,4312,8624,8624,-4312,-4312,1,1,0.46556071310631253,0.46556071310631253,B,B
4315,4315,8630,8630,-4315,-4315,1,1,0.15727590880613596,0.15727590880613596,B,B
4316,4316,8632,8632,-4316,-4316,1,1,0.5553044916447715,0.5553044916447715,B,B
4317,4317,8634,8634,-4317,-4317,1,1,0.8069222659162377,0.8069222659162377,B,B
4320,4320,8640,8640,-4320,-4320,1,1,0.5299631318862458,0.5299631318862458,B,B
4321,4321,8642,8642,-4321,-4321,1,1,0.43122432031421265,0.43122432031421265,B,B
4322,4322,8644,8644,-4322,-4322,1,1,0.3241898155648226,0.3241898155648226,B,B
4323,4323,8646,8646,-4323,-4323,1,1,0.007274369657603974,0.007274369657603974,B,B
4324,4324,8648,8648,-4324,-4324,1,1,0.24033791880410593,0.24033791880410593,B,B
4325,4325,8650,8650,-4325,-4325,1,1,0.8180989667270885,0.8180989667270885,B,B
4326,4326,8652,8652,-4326,-4326,1,1,0.934540665405342,0.934540665405342,B,B
4327,4327,8654,8654,-4327,-4327,1,1,0.7511773967742897,0.7511773967742897,B,B
4329,4329,8658,8658,-4329,-4329,1,1,0.897515210768371,0.897515210768371,B,B
4330,4330,8660,8660,-4330,-4330,1,1,0.2606082961050832,0.2606082961050832,B,B
4332,4332,8664,8664,-4332,-4332,1,1,0.592729668881905,0.592729668881905,B,B
4334,4334,8668,8668,-4334,-4334,1,1,0.08141888232426664,0.08141888232426664,B,B
4335,4335,8670,8670,-4335,-4335,1,1,0.3685944938429079,0.3685944938429079,B,B
4337,4337,8674,8674,-4337,-4337,1,1,0.43848344528679806,0.43848344528679806,B,B
4339,4339,8678,8678,-4339,-4339,1,1,0.9401092319542205,0.9401092319542205,B,B
4340,4340,8680,8680,-4340,-4340,1,1,0.6220450115738296,0.6220450115738296,B,B
4341,4341,8682,8682,-4341,-4341,1,1,0.10792573349937007,0.10792573349937007,B,B
4342,4342,8684,8684,-4342,-4342,1,1,0.8864523702400992,0.8864523702400992,B,B
4345,4345,8690,8690,-4345,-4345,1,1,0.1003296744209099,0.1003296744209099,B,B
4346,4346,8692,8692,-4346,-4346,1,1,0.4051923753010702,0.4051923753010702,B,B
4351,4351,8702,8702,-4351,-4351,1,1,0.09812281723784155,0.09812281723784155,B,B
4352,4352,8704,8704,-4352,-4352,1,1,0.2908734611300673,0.2908734611300673,B,B
4353,4353,8706,8706,-4353,-4353,1,1,0.5151947321239475,0.5151947321239475,B,B
4354,4354,8708,8708,-4354,-4354,1,1,0.33461109054482485,0.33461109054482485,B,B
4355,4355,8710,8710,-4355,-4355,1,1,0.9371944602418368,0.9371944602418368,B,B
4357,4357,8714,8714,-4357,-4357,1,1,0.6448179727890873,0.6448179727890873,B,B
4358,4358,8716,8716,-4358,-4358,1,1,0.3181920166152983,0.3181920166152983,B,B
4359,4359,8718,8718,-4359,-4359,1,1,0.7947608433343301,0.7947608433343301,B,B
4360,4360,8720,8720,-4360,-4360,1,1,0.5438412880420482,0.5438412880420482,B,B
4366,4366,8732,8732,-4366,-4366,1,1,0.07581916844292025,0.07581916844292025,B,B
4367,4367,8734,8734,-4367,-4367,1,1,0.16794293865913434,0.16794293865913434,B,B
4368,4368,8736,8736,-4368,-4368,1,1,0.4936618770134438,0.4936618770134438,B,B
4370,4370,8740,8740,-4370,-4370,1,1,0.5510705606059024,0.5510705606059024,B,B
4371,4371,8742,8742,-4371,-4371,1,1,0.5435896307521556,0.5435896307521556,B,B
4372,4372,8744,8744,-4372,-4372,1,1,0.687401516553221,0.687401516553221,B,B
4373,4373,8746,8746,-4373,-4373,1,1,0.09178594312816979,0.09178594312816979,B,B
4375,4375,8750,8750,-4375,-4375,1,1,0.035743107853282496,0.035743107853282496,B,B
4376,4376,8752,8752,-4376,-4376,1,1,0.4035120752631268,0.4035120752631268,B,B
4378,4378,8756,8756,-4378,-4378,1,1,0.4483832117166032,0.4483832117166032,B,B
4381,4381,8762,8762,-4381,-4381,1,1,0.9777176105429877,0.9777176105429877,B,B
4382,4382,8764,8764,-4382,-4382,1,1,0.44531356629491003,0.44531356629491003,B,B
4383,4383,8766,8766,-4383,-4383,1,1,0.41848340037766685,0.41848340037766685,B,B
4384,4384,8768,8768,-4384,-4384,1,1,0.16158607639080358,0.16158607639080358,B,B
4385,4385,8770,8770,-4385,-4385,1,1,0.5058058915204396,0.5058058915204396,B,B
4386,4386,8772,8772,-4386,-4386,1,1,0.11480089017883888,0.11480089017883888,B,B
4387,4387,8774,8774,-4387,-4387,1,1,0.16494674418104716,0.16494674418104716,B,B
4388,4388,8776,8776,-4388,-4388,1,1,0.5696441881519585,0.5696441881519585,B,B
4389,4389,8778,8778,-4389,-4389,1,1,0.7288828101564708,0.7288828101564708,B,B
4390,4390,8780,8780,-4390,-4390,1,1,0.30888169713051183,0.30888169713051183,B,B
4391,4391,8782,8782,-4391,-4391,1,1,0.4118624877822268,0.4118624877822268,B,B
4392,4392,8784,8784,-4392,-4392,1,1,0.0003486386206577041,0.0003486386206577041,B,B
4393,4393,8786,8786,-4393,-4393,1,1,0.958061314560466,0.958061314560466,B,B
4395,4395,8790,8790,-4395,-4395,1,1,0.7687943466741577,0.7687943466741577,B,B
4396,4396,8792,8792,-4396,-4396,1,1,0.5341860906170115,0.5341860906170115,B,B
4399,4399,8798,8798,-4399,-4399,1,1,0.9259898658440023,0.9259898658440023,B,B
4401,4401,8802,8802,-4401,-4401,1,1,0.888135785561157,0.888135785561157,B,B
4402,4402,8804,8804,-4402,-4402,1,1,0.854471781717231,0.854471781717231,B,B
4403,4403,8806,8806,-4403,-4403,1,1,0.4877758536927357,0.4877758536927357,B,B
4405,4405,8810,8810,-4405,-4405,1,1,0.0977471378875705,0.0977471378875705,B,B
4406,4406,8812,8812,-4406,-4406,1,1,0.4228461683863076,0.4228461683863076,B,B
4408,4408,8816,8816,-4408,-4408,1,1,0.5826848049669251,0.5826848049669251,B,B
4409,4409,8818,8818,-4409,-4409,1,1,0.6213768261202698,0.6213768261202698,B,B
4410,4410,8820,8820,-4410,-4410,1,1,0.0683828784167313,0.0683828784167313,B,B
4411,4411,8822,8822,-4411,-4411,1,1,0.5202829580382012,0.5202829580382012,B,B
4412,4412,8824,8824,-4412,-4412,1,1,0.8173007448055083,0.8173007448055083,B,B
4414,4414,8828,8828,-4414,-4414,1,1,0.4325670156162439,0.4325670156162439,B,B
4415,4415,8830,8830,-4415,-4415,1,1,0.9517200961145038,0.9517200961145038,B,B
4416,4416,8832,8832,-4416,-4416,1,1,0.5207428389368319,0.5207428389368319,B,B
4417,4417,8834,8834,-4417,-4417,1,1,0.40304655966115144,0.40304655966115144,B,B
4419,4419,8838,8838,-4419,-4419,1,1,0.3094977574635618,0.3094977574635618,B,B
4420,4420,8840,8840,-4420,-4420,1,1,0.28588239423140993,0.28588239423140993,B,B
4422,4422,8844,8844,-4422,-4422,1,1,0.049987341179931644,0.049987341179931644,B,B
4424,4424,8848,8848,-4424,-4424,1,1,0.632960677911237,0.632960677911237,B,B
4427,4427,8854,8854,-4427,-4427,1,1,0.889707804026522,0.889707804026522,B,B
4428,4428,8856,8856,-4428,-4428,1,1,0.8609507395728032,0.8609507395728032,B,B
4429,4429,8858,8858,-4429,-4429,1,1,0.2568675901807982,0.2568675901807982,B,B
4430,4430,8860,8860,-4430,-4430,1,1,0.8957704017486214,0.8957704017486214,B,B
4431,4431,8862,8862,-4431,-4431,1,1,0.13650462685286235,0.13650462685286235,B,B
4434,4434,8868,8868,-4434,-4434,1,1,0.8808816240830788,0.8808816240830788,B,B
4435,4435,8870,8870,-4435,-4435,1,1,0.7524812621361164,0.7524812621361164,B,B
4438,4438,8876,8876,-4438,-4438,1,1,0.8764047289060211,0.8764047289060211,B,B
4440,4440,8880,8880,-4440,-4440,1,1,0.9306163429421199,0.9306163429421199,B,B
4441,4441,8882,8882,-4441,-4441,1,1,0.3956358092028034,0.3956358092028034,B,B
4442,4442,8884,8884,-4442,-4442,1,1,0.44020445391450147,0.44020445391450147,B,B
4447,4447,8894,8894,-4447,-4447,1,1,0.05309297320840667,0.05309297320840667,B,B
4448,4448,8896,8896,-4448,-4448,1,1,0.6374010871243633,0.6374010871243633,B,B
4449,4449,8898,8898,-4449,-4449,1,1,0.3810551039576374,0.3810551039576374,B,B
4450,4450,8900,8900,-4450,-4450,1,1,0.6441690950139067,0.6441690950139067,B,B
4451,4451,8902,8902,-4451,-4451,1,1,0.3575052403684381,0.3575052403684381,B,B
4454,4454,8908,8908,-4454,-4454,1,1,0.8003555392144461,0.8003555392144461,B,B
4455,4455,8910,8910,-4455,-4455,1,1,0.9060607157109178,0.9060607157109178,B,B
4456,4456,8912,8912,-4456,-4456,1,1,0.913876462184836,0.913876462184836,B,B
4458,4458,8916,8916,-4458,-4458,1,1,0.8954414271002983,0.8954414271002983,B,B
4463,4463,8926,8926,-4463,-4463,1,1,0.3157637234685903,0.3157637234685903,B,B
4466,4466,8932,8932,-4466,-4466,1,1,0.3679469074447176,0.3679469074447176,B,B
4467,4467,8934,8934,-4467,-4467,1,1,0.3775632867398684,0.3775632867398684,B,B
4468,4468,8936,8936,-4468,-4468,1,1,0.4603785471961843,0.4603785471961843,B,B
4469,4469,8938,8938,-4469,-4469,1,1,0.2963857914630975,0.2963857914630975,B,B
4470,4470,8940,8940,-4470,-4470,1,1,0.9411879532821787,0.9411879532821787,B,B
4472,4472,8944,8944,-4472,-4472,1,1,0.511680615858933,0.511680615858933,B,B
4475,4475,8950,8950,-4475,-4475,1,1,0.4441736207703235,0.4441736207703235,B,B
4476,4476,8952,8952,-4476,-4476,1,1,0.962530952260244,0.962530952260244,B,B
4477,4477,8954,8954,-4477,-4477,1,1,0.19233208544752656,0.19233208544752656,B,B
4478,4478,8956,8956,-4478,-4478,1,1,0.40809390654610345,0.40809390654610345,B,B
4481,4481,8962,8962,-4481,-4481,1,1,0.20544455771155234,0.20544455771155234,B,B
4484,4484,8968,8968,-4484,-4484,1,1,0.05450756459755113,0.05450756459755113,B,B
4488,4488,8976,8976,-4488,-4488,1,1,0.9794765482739014,0.9794765482739014,B,B
4489,4489,8978,8978,-4489,-4489,1,1,0.8542633190856417,0.8542633190856417,B,B
4490,4490,8980,8980,-4490,-4490,1,1,0.9494286389888732,0.9494286389888732,B,B
4492,4492,8984,8984,-4492,-4492,1,1,0.4319638485877828,0.4319638485877828,B,B
4494,4494,8988,8988,-4494,-4494,1,1,0.39259966315172123,0.39259966315172123,B,B
4495,4495,8990,8990,-4495,-4495,1,1,0.5695066952752071,0.5695066952752071,B,B
4497,4497,8994,8994,-4497,-4497,1,1,0.7161121476188943,0.7161121476188943,B,B
4498,4498,8996,8996,-4498,-4498,1,1,0.8555744770811389,0.8555744770811389,B,B
4500,4500,9000,9000,-4500,-4500,1,1,0.9312713516051322,0.9312713516051322,B,B
4503,4503,9006,9006,-4503,-4503,1,1,0.0180245045566666,0.0180245045566666,B,B
4505,4505,9010,9010,-4505,-4505,1,1,0.046199350369059866,0.046199350369059866,B,B
4508,4508,9016,9016,-4508,-4508,1,1,0.46303986206707404,0.46303986206707404,B,B
4509,4509,9018,9018,-4509,-4509,1,1,0.9592994620245257,0.9592994620245257,B,B
4512,4512,9024,9024,-4512,-4512,1,1,0.04332873459567255,0.04332873459567255,B,B
4513,4513,9026,9026,-4513,-4513,1,1,0.36327130987482903,0.36327130987482903,B,B
4514,4514,9028,9028,-4514,-4514,1,1,0.8152712045192682,0.8152712045192682,B,B
4515,4515,9030,9030,-4515,-4515,1,1,0.22178508859327795,0.22178508859327795,B,B
4516,4516,9032,9032,-4516,-4516,1,1,0.28629541958457416,0.28629541958457416,B,B
4517,4517,9034,9034,-4517,-4517,1,1,0.16509507363361442,0.16509507363361442,B,B
4519,4519,9038,9038,-4519,-4519,1,1,0.634109068431177,0.634109068431177,B,B
4520,4520,9040,9040,-4520,-4520,1,1,0.3181157322577367,0.3181157322577367,B,B
4524,4524,9048,9048,-4524,-4524,1,1,0.10218728308348901,0.10218728308348901,B,B
4525,4525,9050,9050,-4525,-4525,1,1,0.9016839314424587,0.9016839314424587,B,B
4526,4526,9052,9052,-4526,-4526,1,1,0.6024456698715379,0.6024456698715379,B,B
4528,4528,9056,9056,-4528,-4528,1,1,0.03242152567567658,0.03242152567567658,B,B
4529,4529,9058,9058,-4529,-4529,1,1,0.9479023377163635,0.9479023377163635,B,B
4530,4530,9060,9060,-4530,-4530,1,1,0.2621058984497281,0.2621058984497281,B,B
4532,4532,9064,9064,-4532,-4532,1,1,0.5432653284635727,0.5432653284635727,B,B
4533,4533,9066,9066,-4533,-4533,1,1,0.3219734484228054,0.3219734484228054,B,B
4537,4537,9074,9074,-4537,-4537,1,1,0.7519536424182793,0.7519536424182793,B,B
4539,4539,9078,9078,-4539,-4539,1,1,0.1771033197910391,0.1771033197910391,B,B
4540,4540,9080,9080,-4540,-4540,1,1,0.0248769184698161,0.0248769184698161,B,B
4543,4543,9086,9086,-4543,-4543,1,1,0.9764776609656719,0.9764776609656719,B,B
4545,4545,9090,9090,-4545,-4545,1,1,0.9769268113209151,0.9769268113209151,B,B
4548,4548,9096,9096,-4548,-4548,1,1,0.25385627336617744,0.25385627336617744,B,B
4550,4550,9100,9100,-4550,-4550,1,1,0.6977645913591748,0.6977645913591748,B,B
4551,4551,9102,9102,-4551,-4551,1,1,0.8004637579716608,0.8004637579716608,B,B
4552,4552,9104,9104,-4552,-4552,1,1,0.13950127979286586,0.13950127979286586,B,B
4555,4555,9110,9110,-4555,-4555,1,1,0.9664173684205892,0.9664173684205892,B,B
4556,4556,9112,9112,-4556,-4556,1,1,0.8312945313570115,0.8312945313570115,B,B
4557,4557,9114,9114,-4557,-4557,1,1,0.5476349774257279,0.5476349774257279,B,B
4558,4558,9116,9116,-4558,-4558,1,1,0.27838453880205605,0.27838453880205605,B,B
4559,4559,9118,9118,-4559,-4559,1,1,0.8579600247463923,0.8579600247463923,B,B
4560,4560,9120,9120,-4560,-4560,1,1,0.23633552128544055,0.23633552128544055,B,B
4561,4561,9122,9122,-4561,-4561,1,1,0.6902289025951917,0.6902289025951917,B,B
4562,4562,9124,9124,-4562,-4562,1,1,0.15743411958377396,0.15743411958377396,B,B
4564,4564,9128,9128,-4564,-4564,1,1,0.37215710626693577,0.37215710626693577,B,B
4565,4565,9130,9130,-4565,-4565,1,1,0.7905999179403194,0.7905999179403194,B,B
4567,4567,9134,9134,-4567,-4567,1,1,0.5139862861070253,0.5139862861070253,B,B
4569,4569,9138,9138,-4569,-4569,1,1,0.5735847590163619,0.5735847590163619,B,B
4570,4570,9140,9140,-4570,-4570,1,1,0.6804227600936477,0.6804227600936477,B,B
4571,4571,9142,9142,-4571,-4571,1,1,0.2183605659857336,0.2183605659857336,B,B
4573,4573,9146,9146,-4573,-4573,1,1,0.18843633151403405,0.18843633151403405,B,B
4574,4574,9148,9148,-4574,-4574,1,1,0.6338696050228736,0.6338696050228736,B,B
4576,4576,9152,9152,-4576,-4576,1,1,0.5957160402294076,0.5957160402294076,B,B
4577,4577,9154,9154,-4577,-4577,1,1,0.9050104241842637,0.9050104241842637,B,B
4578,4578,9156,9156,-4578,-4578,1,1,0.3467922367848052,0.3467922367848052,B,B
4579,4579,9158,9158,-4579,-4579,1,1,0.6265118167281989,0.6265118167281989,B,B
4580,4580,9160,9160,-4580,-4580,1,1,0.5256453618537047,0.5256453618537047,B,B
4581,4581,9162,9162,-4581,-4581,1,1,0.3547769655276968,0.3547769655276968,B,B
4582,4582,9164,9164,-4582,-4582,1,1,0.2829496567377009,0.2829496567377009,B,B
4583,4583,9166,9166,-4583,-4583,1,1,0.09852638003496372,0.09852638003496372,B,B
4584,4584,9168,9168,-4584,-4584,1,1,0.750149175063331,0.750149175063331,B,B
4585,4585,9170,9170,-4585,-4585,1,1,0.5699714784080417,0.5699714784080417,B,B
4587,4587,9174,9174,-4587,-4587,1,1,0.8903213207767484,0.8903213207767484,B,B
4589,4589,9178,9178,-4589,-4589,1,1,0.7194538817096086,0.7194538817096086,B,B
4590,4590,9180,9180,-4590,-4590,1,1,0.9575298471856438,0.9575298471856438,B,B
4592,4592,9184,9184,-4592,-4592,1,1,0.44526431661835075,0.44526431661835075,B,B
4593,4593,9186,9186,-4593,-4593,1,1,0.24064023857014238,0.24064023857014238,B,B
4594,4594,9188,9188,-4594,-4594,1,1,0.7680575936783233,0.7680575936783233,B,B
4596,4596,9192,9192,-4596,-4596,1,1,0.6036964354097081,0.6036964354097081,B,B
4597,4597,9194,9194,-4597,-4597,1,1,0.7608687547383981,0.7608687547383981,B,B
4598,4598,9196,9196,-4598,-4598,1,1,0.23439155698540004,0.23439155698540004,B,B
4600,4600,9200,9200,-4600,-4600,1,1,0.057042757274717304,0.057042757274717304,B,B
4601,4601,9202,9202,-4601,-4601,1,1,0.10905948859548731,0.10905948859548731,B,B
4604,4604,9208,9208,-4604,-4604,1,1,0.7560809204301382,0.7560809204301382,B,B
4607,4607,9214,9214,-4607,-4607,1,1,0.18628021654829896,0.18628021654829896,B,B
4608,4608,9216,9216,-4608,-4608,1,1,0.6523101619893048,0.6523101619893048,B,B
4609,4609,9218,9218,-4609,-4609,1,1,0.06373218295785421,0.06373218295785421,B,B
4610,4610,9220,9220,-4610,-4610,1,1,0.106005122560621,0.106005122560621,B,B
4612,4612,9224,9224,-4612,-4612,1,1,0.4687998714614092,0.4687998714614092,B,B
4613,4613,9226,9226,-4613,-4613,1,1,0.33225746437582726,0.33225746437582726,B,B
4614,4614,9228,9228,-4614,-4614,1,1,0.20020792262984233,0.20020792262984233,B,B
4616,4616,9232,9232,-4616,-4616,1,1,0.4264381481086572,0.4264381481086572,B,B
4617,4617,9234,9234,-4617,-4617,1,1,0.19359954514480338,0.19359954514480338,B,B
4618,4618,9236,9236,-4618,-4618,1,1,0.5651329042358634,0.5651329042358634,B,B
4619,4619,9238,9238,-4619,-4619,1,1,0.21187915546881197,0.21187915546881197,B,B
4620,4620,9240,9240,-4620,-4620,1,1,0.5419025082447366,0.5419025082447366,B,B
4621,4621,9242,9242,-4621,-4621,1,1,0.3501224363356651,0.3501224363356651,B,B
4623,4623,9246,9246,-4623,-4623,1,1,0.6132777250726795,0.6132777250726795,B,B
4624,4624,9248,9248,-4624,-4624,1,1,0.014348808757625675,0.014348808757625675,B,B
4625,4625,9250,9250,-4625,-4625,1,1,0.5607387938429392,0.5607387938429392,B,B
4627,4627,9254,9254,-4627,-4627,1,1,0.12208254902391502,0.12208254902391502,B,B
4629,4629,9258,9258,-4629,-4629,1,1,0.22932017676941452,0.22932017676941452,B,B
4630,4630,9260,9260,-4630,-4630,1,1,0.26801656216645764,0.26801656216645764,B,B
4631,4631,9262,9262,-4631,-4631,1,1,0.5108703519527922,0.5108703519527922,B,B
4632,4632,9264,9264,-4632,-4632,1,1,0.13964519678864973,0.13964519678864973,B,B
4633,4633,9266,9266,-4633,-4633,1,1,0.1734823291857177,0.1734823291857177,B,B
4634,4634,9268,9268,-4634,-4634,1,1,0.7261226389097098,0.7261226389097098,B,B
4635,4635,9270,9270,-4635,-4635,1,1,0.32653740899968164,0.32653740899968164,B,B
4640,4640,9280,9280,-4640,-4640,1,1,0.3462904592562078,0.3462904592562078,B,B
4641,4641,9282,9282,-4641,-4641,1,1,0.2665215619936231,0.2665215619936231,B,B
4642,4642,9284,9284,-4642,-4642,1,1,0.5705394810715683,0.5705394810715683,B,B
4644,4644,9288,9288,-4644,-4644,1,1,0.34461716247379004,0.34461716247379004,B,B
4645,4645,9290,9290,-4645,-4645,1,1,0.8624390929477612,0.8624390929477612,B,B
4647,4647,9294,9294,-4647,-4647,1,1,0.6847449113165623,0.6847449113165623,B,B
4648,4648,9296,9296,-4648,-4648,1,1,0.8845299429695116,0.8845299429695116,B,B
4651,4651,9302,9302,-4651,-4651,1,1,0.03685484993142085,0.03685484993142085,B,B
4653,4653,9306,9306,-4653,-4653,1,1,0.13569452698354867,0.13569452698354867,B,B
4654,4654,9308,9308,-4654,-4654,1,1,0.07038810757461333,0.07038810757461333,B,B
4655,4655,9310,9310,-4655,-4655,1,1,0.6093687225264928,0.6093687225264928,B,B
4656,4656,9312,9312,-4656,-4656,1,1,0.40182199233163773,0.40182199233163773,B,B
4657,4657,9314,9314,-4657,-4657,1,1,0.16656830254979893,0.16656830254979893,B,B
4659,4659,9318,9318,-4659,-4659,1,1,0.5103254576715688,0.5103254576715688,B,B
4660,4660,9320,9320,-4660,-4660,1,1,0.653510177262182,0.653510177262182,B,B
4662,4662,9324,9324,-4662,-4662,1,1,0.7676332813973167,0.7676332813973167,B,B
4663,4663,9326,9326,-4663,-4663,1,1,0.2669632566827347,0.2669632566827347,B,B
4664,4664,9328,9328,-4664,-4664,1,1,0.30175700179878573,0.30175700179878573,B,B
4665,4665,9330,9330,-4665,-4665,1,1,0.8415172748576248,0.8415172748576248,B,B
4667,4667,9334,9334,-4667,-4667,1,1,0.7128294619657047,0.7128294619657047,B,B
4669,4669,9338,9338,-4669,-4669,1,1,0.22609163562381362,0.22609163562381362,B,B
4671,4671,9342,9342,-4671,-4671,1,1,0.8513121622095775,0.8513121622095775,B,B
4674,4674,9348,9348,-4674,-4674,1,1,0.50772602403172,0.50772602403172,B,B
4675,4675,9350,9350,-4675,-4675,1,1,0.08448184581077334,0.08448184581077334,B,B
4676,4676,9352,9352,-4676,-4676,1,1,0.2738198416720291,0.2738198416720291,B,B
4678,4678,9356,9356,-4678,-4678,1,1,0.22080974211987348,0.22080974211987348,B,B
4679,4679,9358,9358,-4679,-4679,1,1,0.653852386698531,0.653852386698531,B,B
4680,4680,9360,9360,-4680,-4680,1,1,0.7745252557074276,0.7745252557074276,B,B
4681,4681,9362,9362,-4681,-4681,1,1,0.08609851343963126,0.08609851343963126,B,B
4684,4684,9368,9368,-4684,-4684,1,1,0.7087577128628828,0.7087577128628828,B,B
4685,4685,9370,9370,-4685,-4685,1,1,0.5317935050060016,0.5317935050060016,B,B
4686,4686,9372,9372,-4686,-4686,1,1,0.74441987566624,0.74441987566624,B,B
4687,4687,9374,9374,-4687,-4687,1,1,0.6145724288918711,0.6145724288918711,B,B
4688,4688,9376,9376,-4688,-4688,1,1,0.005245002432821111,0.005245002432821111,B,B
4689,4689,9378,9378,-4689,-4689,1,1,0.9751123829611563,0.9751123829611563,B,B
4690,4690,9380,9380,-4690,-4690,1,1,0.39217158516195316,0.39217158516195316,B,B
4694,4694,9388,9388,-4694,-4694,1,1,0.6367632490524431,0.6367632490524431,B,B
4697,4697,9394,9394,-4697,-4697,1,1,0.7766005572711988,0.7766005572711988,B,B
4700,4700,9400,9400,-4700,-4700,1,1,0.5317086590183678,0.5317086590183678,B,B
4702,4702,9404,9404,-4702,-4702,1,1,0.27507367738204924,0.27507367738204924,B,B
4703,4703,9406,9406,-4703,-4703,1,1,0.2646302392608365,0.2646302392608365,B,B
4704,4704,9408,9408,-4704,-4704,1,1,0.3179382110647514,0.3179382110647514,B,B
4706,4706,9412,9412,-4706,-4706,1,1,0.050755830020664416,0.050755830020664416,B,B
4708,4708,9416,9416,-4708,-4708,1,1,0.000704201361920509,0.000704201361920509,B,B
4711,4711,9422,9422,-4711,-4711,1,1,0.12162295855071492,0.12162295855071492,B,B
4712,4712,9424,9424,-4712,-4712,1,1,0.314670720739733,0.314670720739733,B,B
4713,4713,9426,9426,-4713,-4713,1,1,0.14577770588137073,0.14577770588137073,B,B
4714,4714,9428,9428,-4714,-4714,1,1,0.7669876392272272,0.7669876392272272,B,B
4715,4715,9430,9430,-4715,-4715,1,1,0.6632503428603947,0.6632503428603947,B,B
4716,4716,9432,9432,-4716,-4716,1,1,0.5519571393250998,0.5519571393250998,B,B
4717,4717,9434,9434,-4717,-4717,1,1,0.4848342432457686,0.4848342432457686,B,B
4719,4719,9438,9438,-4719,-4719,1,1,0.6039196530636637,0.6039196530636637,B,B
4720,4720,9440,9440,-4720,-4720,1,1,0.7002774425611211,0.7002774425611211,B,B
4721,4721,9442,9442,-4721,-4721,1,1,0.17103083110906392,0.17103083110906392,B,B
4722,4722,9444,9444,-4722,-4722,1,1,0.03525398357137999,0.03525398357137999,B,B
4723,4723,9446,9446,-4723,-4723,1,1,0.054975135747581616,0.054975135747581616,B,B
4724,4724,9448,9448,-4724,-4724,1,1,0.17410195202357115,0.17410195202357115,B,B
4725,4725,9450,9450,-4725,-4725,1,1,0.49444769864275673,0.49444769864275673,B,B
4726,4726,9452,9452,-4726,-4726,1,1,0.6174359067052049,0.6174359067052049,B,B
4727,4727,9454,9454,-4727,-4727,1,1,0.875397767956726,0.875397767956726,B,B
4731,4731,9462,9462,-4731,-4731,1,1,0.23878203586316094,0.23878203586316094,B,B
4732,4732,9464,9464,-4732,-4732,1,1,0.15707867969948752,0.15707867969948752,B,B
4733,4733,9466,9466,-4733,-4733,1,1,0.37017712134930014,0.37017712134930014,B,B
4734,4734,9468,9468,-4734,-4734,1,1,0.14643355045379036,0.14643355045379036,B,B
4735,4735,9470,9470,-4735,-4735,1,1,0.8146967688891773,0.8146967688891773,B,B
4736,4736,9472,9472,-4736,-4736,1,1,0.6629451730438097,0.6629451730438097,B,B
4737,4737,9474,9474,-4737,-4737,1,1,0.783571706998642,0.783571706998642,B,B
4740,4740,9480,9480,-4740,-4740,1,1,0.02959370818242102,0.02959370818242102,B,B
4741,4741,9482,9482,-4741,-4741,1,1,0.6233986198885867,0.6233986198885867,B,B
4742,4742,9484,9484,-4742,-4742,1,1,0.3936814034522216,0.3936814034522216,B,B
4744,4744,9488,9488,-4744,-4744,1,1,0.8525468848573758,0.8525468848573758,B,B
4745,4745,9490,9490,-4745,-4745,1,1,0.9541037499657077,0.9541037499657077,B,B
4746,4746,9492,9492,-4746,-4746,1,1,0.7243015176102497,0.7243015176102497,B,B
4748,4748,9496,9496,-4748,-4748,1,1,0.13710648841799378,0.13710648841799378,B,B
4749,4749,9498,9498,-4749,-4749,1,1,0.629185148745899,0.629185148745899,B,B
4750,4750,9500,9500,-4750,-4750,1,1,0.7426628458202436,0.7426628458202436,B,B
4751,4751,9502,9502,-4751,-4751,1,1,0.1265539576230752,0.1265539576230752,B,B
4752,4752,9504,9504,-4752,-4752,1,1,0.7588377455806171,0.7588377455806171,B,B
4753,4753,9506,9506,-4753,-4753,1,1,0.42434623691219,0.42434623691219,B,B
4754,4754,9508,9508,-4754,-4754,1,1,0.6989519885024753,0.6989519885024753,B,B
4755,4755,9510,9510,-4755,-4755,1,1,0.32662588946446536,0.32662588946446536,B,B
4756,4756,9512,9512,-4756,-4756,1,1,0.32621967936188345,0.32621967936188345,B,B
4757,4757,9514,9514,-4757,-4757,1,1,0.604552671863167,0.604552671863167,B,B
4758,4758,9516,9516,-4758,-4758,1,1,0.7081026044730501,0.7081026044730501,B,B
4759,4759,9518,9518,-4759,-4759,1,1,0.836575126235693,0.836575126235693,B,B
4761,4761,9522,9522,-4761,-4761,1,1,0.3095184385410815,0.3095184385410815,B,B
4762,4762,9524,9524,-4762,-4762,1,1,0.30177343681750335,0.30177343681750335,B,B
4763,4763,9526,9526,-4763,-4763,1,1,0.37903218116684234,0.37903218116684234,B,B
4765,4765,9530,9530,-4765,-4765,1,1,0.7131142601852384,0.7131142601852384,B,B
4767,4767,9534,9534,-4767,-4767,1,1,0.9837102574455104,0.9837102574455104,B,B
4768,4768,9536,9536,-4768,-4768,1,1,0.3078370928826173,0.3078370928826173,B,B
4769,4769,9538,9538,-4769,-4769,1,1,0.3954617437118082,0.3954617437118082,B,B
4770,4770,9540,9540,-4770,-4770,1,1,0.04245092143588536,0.04245092143588536,B,B
4771,4771,9542,9542,-4771,-4771,1,1,0.7580620834200232,0.7580620834200232,B,B
4772,4772,9544,9544,-4772,-4772,1,1,0.8395849621820414,0.8395849621820414,B,B
4773,4773,9546,9546,-4773,-4773,1,1,0.5487460530718091,0.5487460530718091,B,B
4774,4774,9548,9548,-4774,-4774,1,1,0.8584592373272195,0.8584592373272195,B,B
4776,4776,9552,9552,-4776,-4776,1,1,0.04617116096139129,0.04617116096139129,B,B
4777,4777,9554,9554,-4777,-4777,1,1,0.006353024977600041,0.006353024977600041,B,B
4780,4780,9560,9560,-4780,-4780,1,1,0.2875429443832729,0.2875429443832729,B,B
4781,4781,9562,9562,-4781,-4781,1,1,0.25578832521833805,0.25578832521833805,B,B
4782,4782,9564,9564,-4782,-4782,1,1,0.9388233920551966,0.9388233920551966,B,B
4783,4783,9566,9566,-4783,-4783,1,1,0.021752443143127853,0.021752443143127853,B,B
4785,4785,9570,9570,-4785,-4785,1,1,0.3719535731656026,0.3719535731656026,B,B
4786,4786,9572,9572,-4786,-4786,1,1,0.31223811417842073,0.31223811417842073,B,B
4788,4788,9576,9576,-4788,-4788,1,1,0.8265600544755083,0.8265600544755083,B,B
4789,4789,9578,9578,-4789,-4789,1,1,0.8128574341669967,0.8128574341669967,B,B
4790,4790,9580,9580,-4790,-4790,1,1,0.7344140594380332,0.7344140594380332,B,B
4791,4791,9582,9582,-4791,-4791,1,1,0.21794248052925425,0.21794248052925425,B,B
4793,4793,9586,9586,-4793,-4793,1,1,0.05816095240699326,0.05816095240699326,B,B
4794,4794,9588,9588,-4794,-4794,1,1,0.5291257340521007,0.5291257340521007,B,B
4796,4796,9592,9592,-4796,-4796,1,1,0.27833323224887085,0.27833323224887085,B,B
4799,4799,9598,9598,-4799,-4799,1,1,0.8624745641788341,0.8624745641788341,B,B
4800,4800,9600,9600,-4800,-4800,1,1,0.7300809721241147,0.7300809721241147,B,B
4802,4802,9604,9604,-4802,-4802,1,1,0.7048408730733555,0.7048408730733555,B,B
4803,4803,9606,9606,-4803,-4803,1,1,0.7495307545298969,0.7495307545298969,B,B
4804,4804,9608,9608,-4804,-4804,1,1,0.9422711457670035,0.9422711457670035,B,B
4805,4805,9610,9610,-4805,-4805,1,1,0.13070321966232756,0.13070321966232756,B,B
4806,4806,9612,9612,-4806,-4806,1,1,0.12037046293331555,0.12037046293331555,B,B
4807,4807,9614,9614,-4807,-4807,1,1,0.9372631048536545,0.9372631048536545,B,B
4808,4808,9616,9616,-4808,-4808,1,1,0.08081577080887892,0.08081577080887892,B,B
4809,4809,9618,9618,-4809,-4809,1,1,0.12586126913279194,0.12586126913279194,B,B
4810,4810,9620,9620,-4810,-4810,1,1,0.21008730574419632,0.21008730574419632,B,B
4811,4811,9622,9622,-4811,-4811,1,1,0.7677375729010739,0.7677375729010739,B,B
4812,4812,9624,9624,-4812,-4812,1,1,0.7724768947806587,0.7724768947806587,B,B
4813,4813,9626,9626,-4813,-4813,1,1,0.12736372350375302,0.12736372350375302,B,B
4814,4814,9628,9628,-4814,-4814,1,1,0.8609282201513377,0.8609282201513377,B,B
4815,4815,9630,9630,-4815,-4815,1,1,0.37793297503503254,0.37793297503503254,B,B
4816,4816,9632,9632,-4816,-4816,1,1,0.6501834396291316,0.6501834396291316,B,B
4817,4817,9634,9634,-4817,-4817,1,1,0.21128690238163528,0.21128690238163528,B,B
4818,4818,9636,9636,-4818,-4818,1,1,0.4994506705369114,0.4994506705369114,B,B
4820,4820,9640,9640,-4820,-4820,1,1,0.34375260131188745,0.34375260131188745,B,B
4822,4822,9644,9644,-4822,-4822,1,1,0.5197390266459883,0.5197390266459883,B,B
4824,4824,9648,9648,-4824,-4824,1,1,0.16727984837905596,0.16727984837905596,B,B
4825,4825,9650,9650,-4825,-4825,1,1,0.662472667715405,0.662472667715405,B,B
4828,4828,9656,9656,-4828,-4828,1,1,0.295279899519833,0.295279899519833,B,B
4831,4831,9662,9662,-4831,-4831,1,1,0.16597931764943075,0.16597931764943075,B,B
4832,4832,9664,9664,-4832,-4832,1,1,0.9428975598630333,0.9428975598630333,B,B
4834,4834,9668,9668,-4834,-4834,1,1,0.5816580389551674,0.5816580389551674,B,B
4835,4835,9670,9670,-4835,-4835,1,1,0.0918885912558195,0.0918885912558195,B,B
4836,4836,9672,9672,-4836,-4836,1,1,0.24603734144786027,0.24603734144786027,B,B
4837,4837,9674,9674,-4837,-4837,1,1,0.22548464318475114,0.22548464318475114,B,B
4839,4839,9678,9678,-4839,-4839,1,1,0.47711184068591217,0.47711184068591217,B,B
4842,4842,9684,9684,-4842,-4842,1,1,0.3452795652642886,0.3452795652642886,B,B
4844,4844,9688,9688,-4844,-4844,1,1,0.7604805156169578,0.7604805156169578,B,B
4846,4846,9692,9692,-4846,-4846,1,1,0.019846754123645782,0.019846754123645782,B,B
4847,4847,9694,9694,-4847,-4847,1,1,0.7382400903504609,0.7382400903504609,B,B
4849,4849,9698,9698,-4849,-4849,1,1,0.3801480399271867,0.3801480399271867,B,B
4850,4850,9700,9700,-4850,-4850,1,1,0.14225794732874475,0.14225794732874475,B,B
4851,4851,9702,9702,-4851,-4851,1,1,0.78430109770351,0.78430109770351,B,B
4855,4855,9710,9710,-4855,-4855,1,1,0.8256673202281439,0.8256673202281439,B,B
4856,4856,9712,9712,-4856,-4856,1,1,0.9360894029966477,0.9360894029966477,B,B
4857,4857,9714,9714,-4857,-4857,1,1,0.4894498602472027,0.4894498602472027,B,B
4858,4858,9716,9716,-4858,-4858,1,1,0.2350172683931555,0.2350172683931555,B,B
4859,4859,9718,9718,-4859,-4859,1,1,0.7913261406756416,0.7913261406756416,B,B
4860,4860,9720,9720,-4860,-4860,1,1,0.7681104216561989,0.7681104216561989,B,B
4861,4861,9722,9722,-4861,-4861,1,1,0.8091872147221852,0.8091872147221852,B,B
4862,4862,9724,9724,-4862,-4862,1,1,0.2094227418405078,0.2094227418405078,B,B
4863,4863,9726,9726,-4863,-4863,1,1,0.4488787482185501,0.4488787482185501,B,B
4864,4864,9728,9728,-4864,-4864,1,1,0.9487839604237376,0.9487839604237376,B,B
4865,4865,9730,9730,-4865,-4865,1,1,0.4070447147874977,0.4070447147874977,B,B
4866,4866,9732,9732,-4866,-4866,1,1,0.4723459642510911,0.4723459642510911,B,B
4867,4867,9734,9734,-4867,-4867,1,1,0.9097206976975545,0.9097206976975545,B,B
4868,4868,9736,9736,-4868,-4868,1,1,0.5943016532673345,0.5943016532673345,B,B
4870,4870,9740,9740,-4870,-4870,1,1,0.830893442988263,0.830893442988263,B,B
4872,4872,9744,9744,-4872,-4872,1,1,0.9844086953691124,0.9844086953691124,B,B
4873,4873,9746,9746,-4873,-4873,1,1,0.9778884174595701,0.9778884174595701,B,B
4874,4874,9748,9748,-4874,-4874,1,1,0.5952970102696551,0.5952970102696551,B,B
4875,4875,9750,9750,-4875,-4875,1,1,0.03877542917913879,0.03877542917913879,B,B
4876,4876,9752,9752,-4876,-4876,1,1,0.8973302082327456,0.8973302082327456,B,B
4877,4877,9754,9754,-4877,-4877,1,1,0.14020402801216114,0.14020402801216114,B,B
4878,4878,9756,9756,-4878,-4878,1,1,0.11937608953225365,0.11937608953225365,B,B
4879,4879,9758,9758,-4879,-4879,1,1,0.9737057526997851,0.9737057526997851,B,B
4880,4880,9760,9760,-4880,-4880,1,1,0.6381914638644861,0.6381914638644861,B,B
4881,4881,9762,9762,-4881,-4881,1,1,0.21590949672309756,0.21590949672309756,B,B
4882,4882,9764,9764,-4882,-4882,1,1,0.6036997753231252,0.6036997753231252,B,B
4883,4883,9766,9766,-4883,-4883,1,1,0.13587315331701277,0.13587315331701277,B,B
4885,4885,9770,9770,-4885,-4885,1,1,0.9495439289731983,0.9495439289731983,B,B
4886,4886,9772,9772,-4886,-4886,1,1,0.389403750259286,0.389403750259286,B,B
4887,4887,9774,9774,-4887,-4887,1,1,0.05110110069816565,0.05110110069816565,B,B
4888,4888,9776,9776,-4888,-4888,1,1,0.8038605145065432,0.8038605145065432,B,B
4889,4889,9778,9778,-4889,-4889,1,1,0.5062179985752033,0.5062179985752033,B,B
4891,4891,9782,9782,-4891,-4891,1,1,0.9550533941060871,0.9550533941060871,B,B
4892,4892,9784,9784,-4892,-4892,1,1,0.33613004458955864,0.33613004458955864,B,B
4893,4893,9786,9786,-4893,-4893,1,1,0.8804981683721842,0.8804981683721842,B,B
4896,4896,9792,9792,-4896,-4896,1,1,0.4947483967974564,0.4947483967974564,B,B
4897,4897,9794,9794,-4897,-4897,1,1,0.5840440361541013,0.5840440361541013,B,B
4900,4900,9800,9800,-4900,-4900,1,1,0.5327733529637751,0.5327733529637751,B,B
4901,4901,9802,9802,-4901,-4901,1,1,0.31883964034692736,0.31883964034692736,B,B
4902,4902,9804,9804,-4902,-4902,1,1,0.9769358571135254,0.9769358571135254,B,B
4903,4903,9806,9806,-4903,-4903,1,1,0.42381003497969805,0.42381003497969805,B,B
4905,4905,9810,9810,-4905,-4905,1,1,0.4420005723119472,0.4420005723119472,B,B
4906,4906,9812,9812,-4906,-4906,1,1,0.15876997716163022,0.15876997716163022,B,B
4908,4908,9816,9816,-4908,-4908,1,1,0.11166679878137387,0.11166679878137387,B,B
4910,4910,9820,9820,-4910,-4910,1,1,0.42011718967733636,0.42011718967733636,B,B
4911,4911,9822,9822,-4911,-4911,1,1,0.011016988273498396,0.011016988273498396,B,B
4912,4912,9824,9824,-4912,-4912,1,1,0.7418244191201784,0.7418244191201784,B,B
4913,4913,9826,9826,-4913,-4913,1,1,0.6415406824312364,0.6415406824312364,B,B
4914,4914,9828,9828,-4914,-4914,1,1,0.18718893050419994,0.18718893050419994,B,B
4915,4915,9830,9830,-4915,-4915,1,1,0.3692440486108912,0.3692440486108912,B,B
4917,4917,9834,9834,-4917,-4917,1,1,0.01599135645798999,0.01599135645798999,B,B
4918,4918,9836,9836,-4918,-4918,1,1,0.32004026224672477,0.32004026224672477,B,B
4921,4921,9842,9842,-4921,-4921,1,1,0.5399666740030669,0.5399666740030669,B,B
4923,4923,9846,9846,-4923,-4923,1,1,0.13705985217905592,0.13705985217905592,B,B
4925,4925,9850,9850,-4925,-4925,1,1,0.35620563809358086,0.35620563809358086,B,B
4926,4926,9852,9852,-4926,-4926,1,1,0.9179113543416801,0.9179113543416801,B,B
4927,4927,9854,9854,-4927,-4927,1,1,0.5380477822794736,0.5380477822794736,B,B
4928,4928,9856,9856,-4928,-4928,1,1,0.7595876331509603,0.7595876331509603,B,B
4929,4929,9858,9858,-4929,-4929,1,1,0.18706528819826385,0.18706528819826385,B,B
4930,4930,9860,9860,-4930,-4930,1,1,0.1192286823737101,0.1192286823737101,B,B
4932,4932,9864,9864,-4932,-4932,1,1,0.3657390783743475,0.3657390783743475,B,B
4933,4933,9866,9866,-4933,-4933,1,1,0.6696494097279002,0.6696494097279002,B,B
4934,4934,9868,9868,-4934,-4934,1,1,0.3042562308541078,0.3042562308541078,B,B
4935,4935,9870,9870,-4935,-4935,1,1,0.6139965853346617,0.6139965853346617,B,B
4938,4938,9876,9876,-4938,-4938,1,1,0.12287464769627221,0.12287464769627221,B,B
4943,4943,9886,9886,-4943,-4943,1,1,0.05128912642814376,0.05128912642814376,B,B
4946,4946,9892,9892,-4946,-4946,1,1,0.5870019659075325,0.5870019659075325,B,B
4947,4947,9894,9894,-4947,-4947,1,1,0.7791802432230417,0.7791802432230417,B,B
4948,4948,9896,9896,-4948,-4948,1,1,0.036674864588829736,0.036674864588829736,B,B
4949,4949,9898,9898,-4949,-4949,1,1,0.6251006367655929,0.6251006367655929,B,B
4950,4950,9900,9900,-4950,-4950,1,1,0.25794297187630666,0.25794297187630666,B,B
4951,4951,9902,9902,-4951,-4951,1,1,0.2805796900422546,0.2805796900422546,B,B
4954,4954,9908,9908,-4954,-4954,1,1,0.80040674991922,0.80040674991922,B,B
4956,4956,9912,9912,-4956,-4956,1,1,0.3888725918742232,0.3888725918742232,B,B
4959,4959,9918,9918,-4959,-4959,1,1,0.7744601928372584,0.7744601928372584,B,B
4960,4960,9920,9920,-4960,-4960,1,1,0.36843769071797705,0.36843769071797705,B,B
4961,4961,9922,9922,-4961,-4961,1,1,0.8480446330698598,0.8480446330698598,B,B
4962,4962,9924,9924,-4962,-4962,1,1,0.3073643123353156,0.3073643123353156,B,B
4963,4963,9926,9926,-4963,-4963,1,1,0.3262773928114455,0.3262773928114455,B,B
4964,4964,9928,9928,-4964,-4964,1,1,0.5969505020438537,0.5969505020438537,B,B
4965,4965,9930,9930,-4965,-4965,1,1,0.43776891024067943,0.43776891024067943,B,B
4966,4966,9932,9932,-4966,-4966,1,1,0.13693420145794777,0.13693420145794777,B,B
4967,4967,9934,9934,-4967,-4967,1,1,0.37191554683390426,0.37191554683390426,B,B
4968,4968,9936,9936,-4968,-4968,1,1,0.757386180140745,0.757386180140745,B,B
4970,4970,9940,9940,-4970,-4970,1,1,0.00924051649279356,0.00924051649279356,B,B
4972,4972,9944,9944,-4972,-4972,1,1,0.6407755814593067,0.6407755814593067,B,B
4973,4973,9946,9946,-4973,-4973,1,1,0.19397622441013063,0.19397622441013063,B,B
4974,4974,9948,9948,-4974,-4974,1,1,0.16654005021639173,0.16654005021639173,B,B
4975,4975,9950,9950,-4975,-4975,1,1,0.31281743702119547,0.31281743702119547,B,B
4977,4977,9954,9954,-4977,-4977,1,1,0.2245761542102518,0.2245761542102518,B,B
4978,4978,9956,9956,-4978,-4978,1,1,0.4097235088899881,0.4097235088899881,B,B
4979,4979,9958,9958,-4979,-4979,1,1,0.36232477094967863,0.36232477094967863,B,B
4981,4981,9962,9962,-4981,-4981,1,1,0.3430011558182321,0.3430011558182321,B,B
4982,4982,9964,9964,-4982,-4982,1,1,0.633151447596453,0.633151447596453,B,B
4983,4983,9966,9966,-4983,-4983,1,1,0.44841311793991356,0.44841311793991356,B,B
4984,4984,9968,9968,-4984,-4984,1,1,0.8019464360745319,0.8019464360745319,B,B
4986,4986,9972,9972,-4986,-4986,1,1,0.04953330271211609,0.04953330271211609,B,B
4987,4987,9974,9974,-4987,-4987,1,1,0.27270109856176106,0.27270109856176106,B,B
4988,4988,9976,9976,-4988,-4988,1,1,0.5626118902700754,0.5626118902700754,B,B
4989,4989,9978,9978,-4989,-4989,1,1,0.9322486517236339,0.9322486517236339,B,B
4991,4991,9982,9982,-4991,-4991,1,1,0.7987448737388673,0.7987448737388673,B,B
4992,4992,9984,9984,-4992,-4992,1,1,0.5341023995521663,0.5341023995521663,B,B
4993,4993,9986,9986,-4993,-4993,1,1,0.10647512646295954,0.10647512646295954,B,B
4995,4995,9990,9990,-4995,-4995,1,1,0.5609922417060799,0.5609922417060799,B,B
4996,4996,9992,9992,-4996,-4996,1,1,0.10555154477477979,0.10555154477477979,B,B
4997,4997,9994,9994,-4997,-4997,1,1,0.9201930690220608,0.9201930690220608,B,B
4998,4998,9996,9996,-4998,-4998,1,1,0.1115556901164001,0.1115556901164001,B,B
5000,5000,10000,10000,-5000,-5000,1,1,0.9067354290782608,0.9067354290782608,B,B
5001,5001,10002,10002,-5001,-5001,1,1,0.43059319489071934,0.43059319489071934,B,B
5003,5003,10006,10006,-5003,-5003,1,1,0.9574164356440963,0.9574164356440963,B,B
5004,5004,10008,10008,-5004,-5004,1,1,0.4121847021717532,0.4121847021717532,B,B
5006,5006,10012,10012,-5006,-5006,1,1,0.8786230003478238,0.8786230003478238,B,B
5008,5008,10016,10016,-5008,-5008,1,1,0.262466488845704,0.262466488845704,B,B
5009,5009,10018,10018,-5009,-5009,1,1,0.9194998872128227,0.9194998872128227,B,B
5012,5012,10024,10024,-5012,-5012,1,1,0.682829417607999,0.682829417607999,B,B
5013,5013,10026,10026,-5013,-5013,1,1,0.5188981729393266,0.5188981729393266,B,B
5014,5014,10028,10028,-5014,-5014,1,1,0.02219060758012037,0.02219060758012037,B,B
5017,5017,10034,10034,-5017,-5017,1,1,0.562134124524173,0.562134124524173,B,B
5018,5018,10036,10036,-5018,-5018,1,1,0.20173588022594446,0.20173588022594446,B,B
5020,5020,10040,10040,-5020,-5020,1,1,0.8136367986307003,0.8136367986307003,B,B
5021,5021,10042,10042,-5021,-5021,1,1,0.884791434136953,0.884791434136953,B,B
5022,5022,10044,10044,-5022,-5022,1,1,0.9657891877153757,0.9657891877153757,B,B
5023,5023,10046,10046,-5023,-5023,1,1,0.7764806578920971,0.7764806578920971,B,B
5024,5024,10048,10048,-5024,-5024,1,1,0.11510199422179168,0.11510199422179168,B,B
5025,5025,10050,10050,-5025,-5025,1,1,0.3107391865300533,0.3107391865300533,B,B
5026,5026,10052,10052,-5026,-5026,1,1,0.6839306613963237,0.6839306613963237,B,B
5027,5027,10054,10054,-5027,-5027,1,1,0.41958033925314664,0.41958033925314664,B,B
5031,5031,10062,10062,-5031,-5031,1,1,0.012643925149396718,0.012643925149396718,B,B
5034,5034,10068,10068,-5034,-5034,1,1,0.8916265342658085,0.8916265342658085,B,B
5035,5035,10070,10070,-5035,-5035,1,1,0.5120026893394399,0.5120026893394399,B,B
5036,5036,10072,10072,-5036,-5036,1,1,0.8254133972537256,0.8254133972537256,B,B
5037,5037,10074,10074,-5037,-5037,1,1,0.7055283882747775,0.7055283882747775,B,B
5038,5038,10076,10076,-5038,-5038,1,1,0.2847197834972628,0.2847197834972628,B,B
5040,5040,10080,10080,-5040,-5040,1,1,0.9376084272053099,0.9376084272053099,B,B
5041,5041,10082,10082,-5041,-5041,1,1,0.9389433035739567,0.9389433035739567,B,B
5043,5043,10086,10086,-5043,-5043,1,1,0.6784070282561983,0.6784070282561983,B,B
5047,5047,10094,10094,-5047,-5047,1,1,0.5477938669300854,0.5477938669300854,B,B
5048,5048,10096,10096,-5048,-5048,1,1,0.24328771776359814,0.24328771776359814,B,B
5052,5052,10104,10104,-5052,-5052,1,1,0.5635797145411032,0.5635797145411032,B,B
5055,5055,10110,10110,-5055,-5055,1,1,0.528013292598277,0.528013292598277,B,B
5057,5057,10114,10114,-5057,-5057,1,1,0.7814922548239291,0.7814922548239291,B,B
5058,5058,10116,10116,-5058,-5058,1,1,0.03159959461259032,0.03159959461259032,B,B
5059,5059,10118,10118,-5059,-5059,1,1,0.19690623956512054,0.19690623956512054,B,B
5060,5060,10120,10120,-5060,-5060,1,1,0.6827853963175092,0.6827853963175092,B,B
5062,5062,10124,10124,-5062,-5062,1,1,0.7748697655261979,0.7748697655261979,B,B
5063,5063,10126,10126,-5063,-5063,1,1,0.9829791113065866,0.9829791113065866,B,B
5064,5064,10128,10128,-5064,-5064,1,1,0.21418072302589075,0.21418072302589075,B,B
5065,5065,10130,10130,-5065,-5065,1,1,0.7841788551607999,0.7841788551607999,B,B
5066,5066,10132,10132,-5066,-5066,1,1,0.11245072755773611,0.11245072755773611,B,B
5069,5069,10138,10138,-5069,-5069,1,1,0.12035785773145524,0.12035785773145524,B,B
5070,5070,10140,10140,-5070,-5070,1,1,0.783920273623537,0.783920273623537,B,B
5071,5071,10142,10142,-5071,-5071,1,1,0.5557964473274616,0.5557964473274616,B,B
5073,5073,10146,10146,-5073,-5073,1,1,0.018561802823574003,0.018561802823574003,B,B
5075,5075,10150,10150,-5075,-5075,1,1,0.644551941236438,0.644551941236438,B,B
5076,5076,10152,10152,-5076,-5076,1,1,0.08027699791268983,0.08027699791268983,B,B
5077,5077,10154,10154,-5077,-5077,1,1,0.3465594940448139,0.3465594940448139,B,B
5079,5079,10158,10158,-5079,-5079,1,1,0.8423548706360794,0.8423548706360794,B,B
5081,5081,10162,10162,-5081,-5081,1,1,0.6464204754510277,0.6464204754510277,B,B
5082,5082,10164,10164,-5082,-5082,1,1,0.0038644681598412056,0.0038644681598412056,B,B
5083,5083,10166,10166,-5083,-5083,1,1,0.30240357630130055,0.30240357630130055,B,B
5084,5084,10168,10168,-5084,-5084,1,1,0.3484728635110089,0.3484728635110089,B,B
5085,5085,10170,10170,-5085,-5085,1,1,0.07361914652553514,0.07361914652553514,B,B
5086,5086,10172,10172,-5086,-5086,1,1,0.1838805430006134,0.1838805430006134,B,B
5087,5087,10174,10174,-5087,-5087,1,1,0.9756775332268532,0.9756775332268532,B,B
5088,5088,10176,10176,-5088,-5088,1,1,0.604346245870464,0.604346245870464,B,B
5091,5091,10182,10182,-5091,-5091,1,1,0.25731261184060406,0.25731261184060406,B,B
5092,5092,10184,10184,-5092,-5092,1,1,0.8480355220631912,0.8480355220631912,B,B
5094,5094,10188,10188,-5094,-5094,1,1,0.9315225935245267,0.9315225935245267,B,B
5095,5095,10190,10190,-5095,-5095,1,1,0.48053246742630973,0.48053246742630973,B,B
5096,5096,10192,10192,-5096,-5096,1,1,0.30432256399866897,0.30432256399866897,B,B
5097,5097,10194,10194,-5097,-5097,1,1,0.6722148404872159,0.6722148404872159,B,B
5098,5098,10196,10196,-5098,-5098,1,1,0.6859160555383759,0.6859160555383759,B,B
5099,5099,10198,10198,-5099,-5099,1,1,0.6779816748149295,0.6779816748149295,B,B
5100,5100,10200,10200,-5100,-5100,1,1,0.46237149565218905,0.46237149565218905,B,B
5101,5101,10202,10202,-5101,-5101,1,1,0.5176329572974351,0.5176329572974351,B,B
5102,5102,10204,10204,-5102,-5102,1,1,0.9914186346408012,0.9914186346408012,B,B
5105,5105,10210,10210,-5105,-5105,1,1,0.43919592597194634,0.43919592597194634,B,B
5106,5106,10212,10212,-5106,-5106,1,1,0.4298142285252178,0.4298142285252178,B,B
5107,5107,10214,10214,-5107,-5107,1,1,0.49800714512846356,0.49800714512846356,B,B
5108,5108,10216,10216,-5108,-5108,1,1,0.060813072542556856,0.060813072542556856,B,B
5109,5109,10218,10218,-5109,-5109,1,1,0.4937763411879461,0.4937763411879461,B,B
5110,5110,10220,10220,-5110,-5110,1,1,0.6709406138296423,0.6709406138296423,B,B
5111,5111,10222,10222,-5111,-5111,1,1,0.3353390547112788,0.3353390547112788,B,B
5112,5112,10224,10224,-5112,-5112,1,1,0.8924871242964375,0.8924871242964375,B,B
5115,5115,10230,10230,-5115,-5115,1,1,0.3114886265801534,0.3114886265801534,B,B
5117,5117,10234,10234,-5117,-5117,1,1,0.21796761133435516,0.21796761133435516,B,B
5121,5121,10242,10242,-5121,-5121,1,1,0.7133041579677794,0.7133041579677794,B,B
5122,5122,10244,10244,-5122,-5122,1,1,0.02754168296647752,0.02754168296647752,B,B
5124,5124,10248,10248,-5124,-5124,1,1,0.76998406570181,0.76998406570181,B,B
5125,5125,10250,10250,-5125,-5125,1,1,0.25287539891390054,0.25287539891390054,B,B
5126,5126,10252,10252,-5126,-5126,1,1,0.9703488272629368,0.9703488272629368,B,B
5128,5128,10256,10256,-5128,-5128,1,1,0.3186925694937932,0.3186925694937932,B,B
5129,5129,10258,10258,-5129,-5129,1,1,0.31068549984656413,0.31068549984656413,B,B
5130,5130,10260,10260,-5130,-5130,1,1,0.48187980532892516,0.48187980532892516,B,B
5131,5131,10262,10262,-5131,-5131,1,1,0.4652189321370198,0.4652189321370198,B,B
5134,5134,10268,10268,-5134,-5134,1,1,0.413578812644413,0.413578812644413,B,B
5137,5137,10274,10274,-5137,-5137,1,1,0.17844719830068378,0.17844719830068378,B,B
5138,5138,10276,10276,-5138,-5138,1,1,0.49929303431519156,0.49929303431519156,B,B
5141,5141,10282,10282,-5141,-5141,1,1,0.7427183192860249,0.7427183192860249,B,B
5142,5142,10284,10284,-5142,-5142,1,1,0.9674124626397665,0.9674124626397665,B,B
5146,5146,10292,10292,-5146,-5146,1,1,0.9723225626358353,0.9723225626358353,B,B
5147,5147,10294,10294,-5147,-5147,1,1,0.7237732355990221,0.7237732355990221,B,B
5149,5149,10298,10298,-5149,-5149,1,1,0.9151422605590067,0.9151422605590067,B,B
5152,5152,10304,10304,-5152,-5152,1,1,0.42097464631320736,0.42097464631320736,B,B
5153,5153,10306,10306,-5153,-5153,1,1,0.3690352179289331,0.3690352179289331,B,B
5155,5155,10310,10310,-5155,-5155,1,1,0.4494962817103605,0.4494962817103605,B,B
5156,5156,10312,10312,-5156,-5156,1,1,0.20745433119394274,0.20745433119394274,B,B
5157,5157,10314,10314,-5157,-5157,1,1,0.1469247313166352,0.1469247313166352,B,B
5158,5158,10316,10316,-5158,-5158,1,1,0.6172013218821374,0.6172013218821374,B,B
5159,5159,10318,10318,-5159,-5159,1,1,0.06726181867842618,0.06726181867842618,B,B
5161,5161,10322,10322,-5161,-5161,1,1,0.9888370155748482,0.9888370155748482,B,B
5162,5162,10324,10324,-5162,-5162,1,1,0.9369660301929553,0.9369660301929553,B,B
5163,5163,10326,10326,-5163,-5163,1,1,0.8875328557714467,0.8875328557714467,B,B
5164,5164,10328,10328,-5164,-5164,1,1,0.49763149434794873,0.49763149434794873,B,B
5168,5168,10336,10336,-5168,-5168,1,1,0.5655382275848319,0.5655382275848319,B,B
5169,5169,10338,10338,-5169,-5169,1,1,0.2665793155111892,0.2665793155111892,B,B
5171,5171,10342,10342,-5171,-5171,1,1,0.6517063011914207,0.6517063011914207,B,B
5172,5172,10344,10344,-5172,-5172,1,1,0.7768471266550337,0.7768471266550337,B,B
5173,5173,10346,10346,-5173,-5173,1,1,0.515609472998354,0.515609472998354,B,B
5175,5175,10350,10350,-5175,-5175,1,1,0.9213592811539177,0.9213592811539177,B,B
5176,5176,10352,10352,-5176,-5176,1,1,0.7962584322056003,0.7962584322056003,B,B
5178,5178,10356,10356,-5178,-5178,1,1,0.7599671551270546,0.7599671551270546,B,B
5179,5179,10358,10358,-5179,-5179,1,1,0.8605455592355732,0.8605455592355732,B,B
5185,5185,10370,10370,-5185,-5185,1,1,0.7279528088491112,0.7279528088491112,B,B
5187,5187,10374,10374,-5187,-5187,1,1,0.19923456475364842,0.19923456475364842,B,B
5188,5188,10376,10376,-5188,-5188,1,1,0.359796574058346,0.359796574058346,B,B
5189,5189,10378,10378,-5189,-5189,1,1,0.38716836624017115,0.38716836624017115,B,B
5190,5190,10380,10380,-5190,-5190,1,1,0.5801877951753284,0.5801877951753284,B,B
5193,5193,10386,10386,-5193,-5193,1,1,0.9593351041044681,0.9593351041044681,B,B
5196,5196,10392,10392,-5196,-5196,1,1,0.6558084229173501,0.6558084229173501,B,B
5199,5199,10398,10398,-5199,-5199,1,1,0.5462217795520422,0.5462217795520422,B,B
5200,5200,10400,10400,-5200,-5200,1,1,0.4948280441533649,0.4948280441533649,B,B
5201,5201,10402,10402,-5201,-5201,1,1,0.3716245861600971,0.3716245861600971,B,B
5202,5202,10404,10404,-5202,-5202,1,1,0.2967960248461693,0.2967960248461693,B,B
5204,5204,10408,10408,-5204,-5204,1,1,0.6887134298759047,0.6887134298759047,B,B
5205,5205,10410,10410,-5205,-5205,1,1,0.058795723565836955,0.058795723565836955,B,B
5207,5207,10414,10414,-5207,-5207,1,1,0.45477487592179056,0.45477487592179056,B,B
5209,5209,10418,10418,-5209,-5209,1,1,0.7965131376386518,0.7965131376386518,B,B
5211,5211,10422,10422,-5211,-5211,1,1,0.7331591309377596,0.7331591309377596,B,B
5213,5213,10426,10426,-5213,-5213,1,1,0.7539935917258698,0.7539935917258698,B,B
5214,5214,10428,10428,-5214,-5214,1,1,0.2451958536913026,0.2451958536913026,B,B
5215,5215,10430,10430,-5215,-5215,1,1,0.858401656649973,0.858401656649973,B,B
5217,5217,10434,10434,-5217,-5217,1,1,0.634139500045997,0.634139500045997,B,B
5218,5218,10436,10436,-5218,-5218,1,1,0.6973876751610439,0.6973876751610439,B,B
5219,5219,10438,10438,-5219,-5219,1,1,0.7869844004251261,0.7869844004251261,B,B
5220,5220,10440,10440,-5220,-5220,1,1,0.45994549243038774,0.45994549243038774,B,B
5221,5221,10442,10442,-5221,-5221,1,1,0.959236166880393,0.959236166880393,B,B
5222,5222,10444,10444,-5222,-5222,1,1,0.8300377841572827,0.8300377841572827,B,B
5223,5223,10446,10446,-5223,-5223,1,1,0.7577554163319385,0.7577554163319385,B,B
5225,5225,10450,10450,-5225,-5225,1,1,0.7282848412022443,0.7282848412022443,B,B
5226,5226,10452,10452,-5226,-5226,1,1,0.7679502032727136,0.7679502032727136,B,B
5227,5227,10454,10454,-5227,-5227,1,1,0.6910349198461396,0.6910349198461396,B,B
5228,5228,10456,10456,-5228,-5228,1,1,0.9766927073931065,0.9766927073931065,B,B
5229,5229,10458,10458,-5229,-5229,1,1,0.6673869202339174,0.6673869202339174,B,B
5230,5230,10460,10460,-5230,-5230,1,1,0.8751317713251588,0.8751317713251588,B,B
5231,5231,10462,10462,-5231,-5231,1,1,0.8252737385693479,0.8252737385693479,B,B
5233,5233,10466,10466,-5233,-5233,1,1,0.10150283974945928,0.10150283974945928,B,B
5234,5234,10468,10468,-5234,-5234,1,1,0.04019926292814746,0.04019926292814746,B,B
5235,5235,10470,10470,-5235,-5235,1,1,0.31800526450220323,0.31800526450220323,B,B
5236,5236,10472,10472,-5236,-5236,1,1,0.292671253284019,0.292671253284019,B,B
5237,5237,10474,10474,-5237,-5237,1,1,0.25323213764432206,0.25323213764432206,B,B
5239,5239,10478,10478,-5239,-5239,1,1,0.968413753241587,0.968413753241587,B,B
5241,5241,10482,10482,-5241,-5241,1,1,0.6741377661094434,0.6741377661094434,B,B
5242,5242,10484,10484,-5242,-5242,1,1,0.33712105438423867,0.33712105438423867,B,B
5243,5243,10486,10486,-5243,-5243,1,1,0.4581373448796596,0.4581373448796596,B,B
5245,5245,10490,10490,-5245,-5245,1,1,0.9905012529700743,0.9905012529700743,B,B
5246,5246,10492,10492,-5246,-5246,1,1,0.8879779613685668,0.8879779613685668,B,B
5247,5247,10494,10494,-5247,-5247,1,1,0.6117022051349994,0.6117022051349994,B,B
5249,5249,10498,10498,-5249,-5249,1,1,0.24529649690387734,0.24529649690387734,B,B
5250,5250,10500,10500,-5250,-5250,1,1,0.20774030903933272,0.20774030903933272,B,B
5251,5251,10502,10502,-5251,-5251,1,1,0.5988967619608134,0.5988967619608134,B,B
5252,5252,10504,10504,-5252,-5252,1,1,0.3089589209507252,0.3089589209507252,B,B
5255,5255,10510,10510,-5255,-5255,1,1,0.8413547776195495,0.8413547776195495,B,B
5256,5256,10512,10512,-5256,-5256,1,1,0.3337705511125998,0.3337705511125998,B,B
5257,5257,10514,10514,-5257,-5257,1,1,0.7794615005085503,0.7794615005085503,B,B
5258,5258,10516,10516,-5258,-5258,1,1,0.333809694317615,0.333809694317615,B,B
5259,5259,10518,10518,-5259,-5259,1,1,0.041030301877507114,0.041030301877507114,B,B
5260,5260,10520,10520,-5260,-5260,1,1,0.005142066043647753,0.005142066043647753,B,B
5261,5261,10522,10522,-5261,-5261,1,1,0.6845533935684344,0.6845533935684344,B,B
5263,5263,10526,10526,-5263,-5263,1,1,0.9464806417321517,0.9464806417321517,B,B
5264,5264,10528,10528,-5264,-5264,1,1,0.9806654912541343,0.9806654912541343,B,B
5265,5265,10530,10530,-5265,-5265,1,1,0.7949444088188977,0.7949444088188977,B,B
5267,5267,10534,10534,-5267,-5267,1,1,0.4028588404758665,0.4028588404758665,B,B
5268,5268,10536,10536,-5268,-5268,1,1,0.297543066550748,0.297543066550748,B,B
5272,5272,10544,10544,-5272,-5272,1,1,0.2723382349153105,0.2723382349153105,B,B
5273,5273,10546,10546,-5273,-5273,1,1,0.7046887811331973,0.7046887811331973,B,B
5275,5275,10550,10550,-5275,-5275,1,1,0.40171265786150945,0.40171265786150945,B,B
5276,5276,10552,10552,-5276,-5276,1,1,0.4158648208677945,0.4158648208677945,B,B
5279,5279,10558,10558,-5279,-5279,1,1,0.12880021754999882,0.12880021754999882,B,B
5281,5281,10562,10562,-5281,-5281,1,1,0.017944709135107373,0.017944709135107373,B,B
5282,5282,10564,10564,-5282,-5282,1,1,0.5424502190112223,0.5424502190112223,B,B
5283,5283,10566,10566,-5283,-5283,1,1,0.935343147774676,0.935343147774676,B,B
5284,5284,10568,10568,-5284,-5284,1,1,0.3191760439314729,0.3191760439314729,B,B
5285,5285,10570,10570,-5285,-5285,1,1,0.8500513685128689,0.8500513685128689,B,B
5286,5286,10572,10572,-5286,-5286,1,1,0.08897187406534224,0.08897187406534224,B,B
5288,5288,10576,10576,-5288,-5288,1,1,0.5474310560381561,0.5474310560381561,B,B
5289,5289,10578,10578,-5289,-5289,1,1,0.4973691599921024,0.4973691599921024,B,B
5291,5291,10582,10582,-5291,-5291,1,1,0.9676018927879888,0.9676018927879888,B,B
5292,5292,10584,10584,-5292,-5292,1,1,0.5063269923336527,0.5063269923336527,B,B
5293,5293,10586,10586,-5293,-5293,1,1,0.42198245316583705,0.42198245316583705,B,B
5294,5294,10588,10588,-5294,-5294,1,1,0.5059244704888207,0.5059244704888207,B,B
5295,5295,10590,10590,-5295,-5295,1,1,0.4079455424708319,0.4079455424708319,B,B
5297,5297,10594,10594,-5297,-5297,1,1,0.7261720079225455,0.7261720079225455,B,B
5298,5298,10596,10596,-5298,-5298,1,1,0.26791662323615784,0.26791662323615784,B,B
5299,5299,10598,10598,-5299,-5299,1,1,0.00025782913152760933,0.00025782913152760933,B,B
5300,5300,10600,10600,-5300,-5300,1,1,0.8312226946047152,0.8312226946047152,B,B
5301,5301,10602,10602,-5301,-5301,1,1,0.7365441904328571,0.7365441904328571,B,B
5302,5302,10604,10604,-5302,-5302,1,1,0.0072491294419007035,0.0072491294419007035,B,B
5303,5303,10606,10606,-5303,-5303,1,1,0.05054971813614706,0.05054971813614706,B,B
5304,5304,10608,10608,-5304,-5304,1,1,0.854951102309078,0.854951102309078,B,B
5305,5305,10610,10610,-5305,-5305,1,1,0.7228613441772107,0.7228613441772107,B,B
5306,5306,10612,10612,-5306,-5306,1,1,0.19813570170569872,0.19813570170569872,B,B
5307,5307,10614,10614,-5307,-5307,1,1,0.8250824835402407,0.8250824835402407,B,B
5308,5308,10616,10616,-5308,-5308,1,1,0.36881290861601956,0.36881290861601956,B,B
5310,5310,10620,10620,-5310,-5310,1,1,0.3762621344339553,0.3762621344339553,B,B
5311,5311,10622,10622,-5311,-5311,1,1,0.43804826050407264,0.43804826050407264,B,B
5313,5313,10626,10626,-5313,-5313,1,1,0.7315582004647758,0.7315582004647758,B,B
5314,5314,10628,10628,-5314,-5314,1,1,0.7659992315351735,0.7659992315351735,B,B
5315,5315,10630,10630,-5315,-5315,1,1,0.5650999856856096,0.5650999856856096,B,B
5318,5318,10636,10636,-5318,-5318,1,1,0.9852067723458788,0.9852067723458788,B,B
5319,5319,10638,10638,-5319,-5319,1,1,0.9184435747391664,0.9184435747391664,B,B
5320,5320,10640,10640,-5320,-5320,1,1,0.19980029149085,0.19980029149085,B,B
5321,5321,10642,10642,-5321,-5321,1,1,0.8191547845378069,0.8191547845378069,B,B
5322,5322,10644,10644,-5322,-5322,1,1,0.32038898629500934,0.32038898629500934,B,B
5323,5323,10646,10646,-5323,-5323,1,1,0.8880253369270723,0.8880253369270723,B,B
5324,5324,10648,10648,-5324,-5324,1,1,0.1522446809046517,0.1522446809046517,B,B
5329,5329,10658,10658,-5329,-5329,1,1,0.9229100714127212,0.9229100714127212,B,B
5330,5330,10660,10660,-5330,-5330,1,1,0.7182950323635735,0.7182950323635735,B,B
5331,5331,10662,10662,-5331,-5331,1,1,0.6379673495418103,0.6379673495418103,B,B
5332,5332,10664,10664,-5332,-5332,1,1,0.13098179898039874,0.13098179898039874,B,B
5333,5333,10666,10666,-5333,-5333,1,1,0.24959270952351753,0.24959270952351753,B,B
5334,5334,10668,10668,-5334,-5334,1,1,0.4871572354510372,0.4871572354510372,B,B
5335,5335,10670,10670,-5335,-5335,1,1,0.5961426391453224,0.5961426391453224,B,B
5336,5336,10672,10672,-5336,-5336,1,1,0.7641708937861335,0.7641708937861335,B,B
5337,5337,10674,10674,-5337,-5337,1,1,0.43627523459015205,0.43627523459015205,B,B
5338,5338,10676,10676,-5338,-5338,1,1,0.08849609633675415,0.08849609633675415,B,B
5339,5339,10678,10678,-5339,-5339,1,1,0.8707089475815756,0.8707089475815756,B,B
5340,5340,10680,10680,-5340,-5340,1,1,0.2855923509510535,0.2855923509510535,B,B
5341,5341,10682,10682,-5341,-5341,1,1,0.5910794074708983,0.5910794074708983,B,B
5342,5342,10684,10684,-5342,-5342,1,1,0.9291971343228761,0.9291971343228761,B,B
5343,5343,10686,10686,-5343,-5343,1,1,0.48309060049537966,0.48309060049537966,B,B
5344,5344,10688,10688,-5344,-5344,1,1,0.46336503386560157,0.46336503386560157,B,B
5346,5346,10692,10692,-5346,-5346,1,1,0.7798201497731678,0.7798201497731678,B,B
5347,5347,10694,10694,-5347,-5347,1,1,0.5094860091327965,0.5094860091327965,B,B
5348,5348,10696,10696,-5348,-5348,1,1,0.6314054399725529,0.6314054399725529,B,B
5349,5349,10698,10698,-5349,-5349,1,1,0.13386777078555245,0.13386777078555245,B,B
5352,5352,10704,10704,-5352,-5352,1,1,0.5853912887484604,0.5853912887484604,B,B
5353,5353,10706,10706,-5353,-5353,1,1,0.34851472648405835,0.34851472648405835,B,B
5354,5354,10708,10708,-5354,-5354,1,1,0.6540235784440876,0.6540235784440876,B,B
5355,5355,10710,10710,-5355,-5355,1,1,0.1864636541021244,0.1864636541021244,B,B
5356,5356,10712,10712,-5356,-5356,1,1,0.04513057958808797,0.04513057958808797,B,B
5358,5358,10716,10716,-5358,-5358,1,1,0.6320895840141361,0.6320895840141361,B,B
5360,5360,10720,10720,-5360,-5360,1,1,0.6552689501097508,0.6552689501097508,B,B
5363,5363,10726,10726,-5363,-5363,1,1,0.5742903008873838,0.5742903008873838,B,B
5366,5366,10732,10732,-5366,-5366,1,1,0.5657443889012006,0.5657443889012006,B,B
5369,5369,10738,10738,-5369,-5369,1,1,0.4347344735905472,0.4347344735905472,B,B
5371,5371,10742,10742,-5371,-5371,1,1,0.40744652735819487,0.40744652735819487,B,B
5373,5373,10746,10746,-5373,-5373,1,1,0.47941708710779085,0.47941708710779085,B,B
5374,5374,10748,10748,-5374,-5374,1,1,0.48816583194588226,0.48816583194588226,B,B
5375,5375,10750,10750,-5375,-5375,1,1,0.2606584883943178,0.2606584883943178,B,B
5376,5376,10752,10752,-5376,-5376,1,1,0.25056553078039856,0.25056553078039856,B,B
5377,5377,10754,10754,-5377,-5377,1,1,0.1656707933833106,0.1656707933833106,B,B
5378,5378,10756,10756,-5378,-5378,1,1,0.8542820538864749,0.8542820538864749,B,B
5379,5379,10758,10758,-5379,-5379,1,1,0.09879660300285142,0.09879660300285142,B,B
5380,5380,10760,10760,-5380,-5380,1,1,0.5561310788154702,0.5561310788154702,B,B
5382,5382,10764,10764,-5382,-5382,1,1,0.5776050629398807,0.5776050629398807,B,B
5383,5383,10766,10766,-5383,-5383,1,1,0.7663031381881288,0.7663031381881288,B,B
5384,5384,10768,10768,-5384,-5384,1,1,0.6312768020785939,0.6312768020785939,B,B
5386,5386,10772,10772,-5386,-5386,1,1,0.8705554787870751,0.8705554787870751,B,B
5389,5389,10778,10778,-5389,-5389,1,1,0.43700908508296155,0.43700908508296155,B,B
5390,5390,10780,10780,-5390,-5390,1,1,0.8813530789147427,0.8813530789147427,B,B
5391,5391,10782,10782,-5391,-5391,1,1,0.8452401521238779,0.8452401521238779,B,B
5392,5392,10784,10784,-5392,-5392,1,1,0.4769378478529497,0.4769378478529497,B,B
5394,5394,10788,10788,-5394,-5394,1,1,0.6284418930190802,0.6284418930190802,B,B
5396,5396,10792,10792,-5396,-5396,1,1,0.9692655068077941,0.9692655068077941,B,B
5397,5397,10794,10794,-5397,-5397,1,1,0.37257482937330944,0.37257482937330944,B,B
5398,5398,10796,10796,-5398,-5398,1,1,0.1372729920356307,0.1372729920356307,B,B
5399,5399,10798,10798,-5399,-5399,1,1,0.8808305854430123,0.8808305854430123,B,B
5401,5401,10802,10802,-5401,-5401,1,1,0.1642179800646837,0.1642179800646837,B,B
5402,5402,10804,10804,-5402,-5402,1,1,0.6391710333845623,0.6391710333845623,B,B
5403,5403,10806,10806,-5403,-5403,1,1,0.6664396539614961,0.6664396539614961,B,B
5404,5404,10808,10808,-5404,-5404,1,1,0.057125951608793746,0.057125951608793746,B,B
5406,5406,10812,10812,-5406,-5406,1,1,0.002429176831758695,0.002429176831758695,B,B
5408,5408,10816,10816,-5408,-5408,1,1,0.5716660809127636,0.5716660809127636,B,B
5409,5409,10818,10818,-5409,-5409,1,1,0.4441436697380774,0.4441436697380774,B,B
5410,5410,10820,10820,-5410,-5410,1,1,0.12186176041673624,0.12186176041673624,B,B
5411,5411,10822,10822,-5411,-5411,1,1,0.4782290828356365,0.4782290828356365,B,B
5412,5412,10824,10824,-5412,-5412,1,1,0.4949674464247874,0.4949674464247874,B,B
5413,5413,10826,10826,-5413,-5413,1,1,0.6933426767133908,0.6933426767133908,B,B
5415,5415,10830,10830,-5415,-5415,1,1,0.3497954535609744,0.3497954535609744,B,B
5417,5417,10834,10834,-5417,-5417,1,1,0.5068757760072063,0.5068757760072063,B,B
5419,5419,10838,10838,-5419,-5419,1,1,0.8101744607704416,0.8101744607704416,B,B
5421,5421,10842,10842,-5421,-5421,1,1,0.12505325931117262,0.12505325931117262,B,B
5424,5424,10848,10848,-5424,-5424,1,1,0.1511052467882985,0.1511052467882985,B,B
5425,5425,10850,10850,-5425,-5425,1,1,0.8599679701333461,0.8599679701333461,B,B
5427,5427,10854,10854,-5427,-5427,1,1,0.347494238473426,0.347494238473426,B,B
5429,5429,10858,10858,-5429,-5429,1,1,0.3150786646524393,0.3150786646524393,B,B
5431,5431,10862,10862,-5431,-5431,1,1,0.18290210147068686,0.18290210147068686,B,B
5432,5432,10864,10864,-5432,-5432,1,1,0.7589472640500743,0.7589472640500743,B,B
5435,5435,10870,10870,-5435,-5435,1,1,0.9619280843211867,0.9619280843211867,B,B
5436,5436,10872,10872,-5436,-5436,1,1,0.28794155848540615,0.28794155848540615,B,B
5438,5438,10876,10876,-5438,-5438,1,1,0.8076722811360681,0.8076722811360681,B,B
5439,5439,10878,10878,-5439,-5439,1,1,0.13101103203675546,0.13101103203675546,B,B
5440,5440,10880,10880,-5440,-5440,1,1,0.5164240973417741,0.5164240973417741,B,B
5441,5441,10882,10882,-5441,-5441,1,1,0.9542424136382867,0.9542424136382867,B,B
5442,5442,10884,10884,-5442,-5442,1,1,0.5092009025304169,0.5092009025304169,B,B
5445,5445,10890,10890,-5445,-5445,1,1,0.9390310887016913,0.9390310887016913,B,B
5446,5446,10892,10892,-5446,-5446,1,1,0.8018218878178002,0.8018218878178002,B,B
5447,5447,10894,10894,-5447,-5447,1,1,0.1558809825089622,0.1558809825089622,B,B
5450,5450,10900,10900,-5450,-5450,1,1,0.6336877280998021,0.6336877280998021,B,B
5452,5452,10904,10904,-5452,-5452,1,1,0.3185260006957279,0.3185260006957279,B,B
5453,5453,10906,10906,-5453,-5453,1,1,0.6993852176691059,0.6993852176691059,B,B
5454,5454,10908,10908,-5454,-5454,1,1,0.9952551100716912,0.9952551100716912,B,B
5455,5455,10910,10910,-5455,-5455,1,1,0.8564168761312385,0.8564168761312385,B,B
5456,5456,10912,10912,-5456,-5456,1,1,0.9242685661566005,0.9242685661566005,B,B
5458,5458,10916,10916,-5458,-5458,1,1,0.7993002961062846,0.7993002961062846,B,B
5459,5459,10918,10918,-5459,-5459,1,1,0.032134982104084386,0.032134982104084386,B,B
5461,5461,10922,10922,-5461,-5461,1,1,0.8978138121115415,0.8978138121115415,B,B
5464,5464,10928,10928,-5464,-5464,1,1,0.6578976236631624,0.6578976236631624,B,B
5465,5465,10930,10930,-5465,-5465,1,1,0.7051058359984755,0.7051058359984755,B,B
5466,5466,10932,10932,-5466,-5466,1,1,0.7841897665218468,0.7841897665218468,B,B
5467,5467,10934,10934,-5467,-5467,1,1,0.5117699438860996,0.5117699438860996,B,B
5468,5468,10936,10936,-5468,-5468,1,1,0.11845496682981926,0.11845496682981926,B,B
5471,5471,10942,10942,-5471,-5471,1,1,0.48272546461896326,0.48272546461896326,B,B
5474,5474,10948,10948,-5474,-5474,1,1,0.3084922373672987,0.3084922373672987,B,B
5475,5475,10950,10950,-5475,-5475,1,1,0.11980667473041451,0.11980667473041451,B,B
5476,5476,10952,10952,-5476,-5476,1,1,0.5122171152200702,0.5122171152200702,B,B
5477,5477,10954,10954,-5477,-5477,1,1,0.956362075857548,0.956362075857548,B,B
5478,5478,10956,10956,-5478,-5478,1,1,0.8002849789855121,0.8002849789855121,B,B
5479,5479,10958,10958,-5479,-5479,1,1,0.554228869359606,0.554228869359606,B,B
5481,5481,10962,10962,-5481,-5481,1,1,0.1658796473669636,0.1658796473669636,B,B
5483,5483,10966,10966,-5483,-5483,1,1,0.5662074094481236,0.5662074094481236,B,B
5486,5486,10972,10972,-5486,-5486,1,1,0.1867723126154347,0.1867723126154347,B,B
5487,5487,10974,10974,-5487,-5487,1,1,0.21109876347859446,0.21109876347859446,B,B
5488,5488,10976,10976,-5488,-5488,1,1,0.27866159591144046,0.27866159591144046,B,B
5489,5489,10978,10978,-5489,-5489,1,1,0.6404300300363185,0.6404300300363185,B,B
5491,5491,10982,10982,-5491,-5491,1,1,0.4093682013882246,0.4093682013882246,B,B
5492,5492,10984,10984,-5492,-5492,1,1,0.16666433196226016,0.16666433196226016,B,B
5494,5494,10988,10988,-5494,-5494,1,1,0.5020210943301691,0.5020210943301691,B,B
5496,5496,10992,10992,-5496,-5496,1,1,0.35128983741964237,0.35128983741964237,B,B
5497,5497,10994,10994,-5497,-5497,1,1,0.8689400052839222,0.8689400052839222,B,B
5499,5499,10998,10998,-5499,-5499,1,1,0.5530474781953452,0.5530474781953452,B,B
5500,5500,11000,11000,-5500,-5500,1,1,0.8468914914221589,0.8468914914221589,B,B
5501,5501,11002,11002,-5501,-5501,1,1,0.43908806723552685,0.43908806723552685,B,B
5502,5502,11004,11004,-5502,-5502,1,1,0.2395795876791894,0.2395795876791894,B,B
5505,5505,11010,11010,-5505,-5505,1,1,0.2612518595335329,0.2612518595335329,B,B
5507,5507,11014,11014,-5507,-5507,1,1,0.278995818227012,0.278995818227012,B,B
5508,5508,11016,11016,-5508,-5508,1,1,0.7922692342025329,0.7922692342025329,B,B
5510,5510,11020,11020,-5510,-5510,1,1,0.7899138801324971,0.7899138801324971,B,B
5511,5511,11022,11022,-5511,-5511,1,1,0.9398021199150868,0.9398021199150868,B,B
5512,5512,11024,11024,-5512,-5512,1,1,0.03505544076327327,0.03505544076327327,B,B
5513,5513,11026,11026,-5513,-5513,1,1,0.020725116597726467,0.020725116597726467,B,B
5514,5514,11028,11028,-5514,-5514,1,1,0.5879623361011497,0.5879623361011497,B,B
5515,5515,11030,11030,-5515,-5515,1,1,0.9302295381948984,0.9302295381948984,B,B
5516,5516,11032,11032,-5516,-5516,1,1,0.036693977541985334,0.036693977541985334,B,B
5517,5517,11034,11034,-5517,-5517,1,1,0.7937588988101495,0.7937588988101495,B,B
5518,5518,11036,11036,-5518,-5518,1,1,0.7079095430829292,0.7079095430829292,B,B
5519,5519,11038,11038,-5519,-5519,1,1,0.9542927348372233,0.9542927348372233,B,B
5520,5520,11040,11040,-5520,-5520,1,1,0.7084096773612025,0.7084096773612025,B,B
5521,5521,11042,11042,-5521,-5521,1,1,0.010208751404790939,0.010208751404790939,B,B
5524,5524,11048,11048,-5524,-5524,1,1,0.48636751270877543,0.48636751270877543,B,B
5526,5526,11052,11052,-5526,-5526,1,1,0.07919750618463017,0.07919750618463017,B,B
5528,5528,11056,11056,-5528,-5528,1,1,0.5171983358368147,0.5171983358368147,B,B
5529,5529,11058,11058,-5529,-5529,1,1,0.859362618404752,0.859362618404752,B,B
5530,5530,11060,11060,-5530,-5530,1,1,0.04750272103525144,0.04750272103525144,B,B
5531,5531,11062,11062,-5531,-5531,1,1,0.26633019701077265,0.26633019701077265,B,B
5532,5532,11064,11064,-5532,-5532,1,1,0.23047166979385714,0.23047166979385714,B,B
5533,5533,11066,11066,-5533,-5533,1,1,0.05109769830222455,0.05109769830222455,B,B
5534,5534,11068,11068,-5534,-5534,1,1,0.14535516085601885,0.14535516085601885,B,B
5535,5535,11070,11070,-5535,-5535,1,1,0.4547583829816184,0.4547583829816184,B,B
5536,5536,11072,11072,-5536,-5536,1,1,0.7188026222919653,0.7188026222919653,B,B
5537,5537,11074,11074,-5537,-5537,1,1,0.9415151888749098,0.9415151888749098,B,B
5538,5538,11076,11076,-5538,-5538,1,1,0.43392351779492133,0.43392351779492133,B,B
5539,5539,11078,11078,-5539,-5539,1,1,0.6718391068196922,0.6718391068196922,B,B
5540,5540,11080,11080,-5540,-5540,1,1,0.8435502850987284,0.8435502850987284,B,B
5542,5542,11084,11084,-5542,-5542,1,1,0.2591229784762744,0.2591229784762744,B,B
5543,5543,11086,11086,-5543,-5543,1,1,0.8457167886688248,0.8457167886688248,B,B
5544,5544,11088,11088,-5544,-5544,1,1,0.5802966889080116,0.5802966889080116,B,B
5546,5546,11092,11092,-5546,-5546,1,1,0.9924178504009341,0.9924178504009341,B,B
5547,5547,11094,11094,-5547,-5547,1,1,0.294197702405228,0.294197702405228,B,B
5549,5549,11098,11098,-5549,-5549,1,1,0.16967429806952328,0.16967429806952328,B,B
5550,5550,11100,11100,-5550,-5550,1,1,0.5637763014551779,0.5637763014551779,B,B
5551,5551,11102,11102,-5551,-5551,1,1,0.96225696110782,0.96225696110782,B,B
5552,5552,11104,11104,-5552,-5552,1,1,0.6893518970602424,0.6893518970602424,B,B
5553,5553,11106,11106,-5553,-5553,1,1,0.8316524300285021,0.8316524300285021,B,B
5555,5555,11110,11110,-5555,-5555,1,1,0.3025451519951523,0.3025451519951523,B,B
5558,5558,11116,11116,-5558,-5558,1,1,0.1931816847068445,0.1931816847068445,B,B
5560,5560,11120,11120,-5560,-5560,1,1,0.5681856367700234,0.5681856367700234,B,B
5561,5561,11122,11122,-5561,-5561,1,1,0.1943421418134974,0.1943421418134974,B,B
5564,5564,11128,11128,-5564,-5564,1,1,0.8561765116467404,0.8561765116467404,B,B
5566,5566,11132,11132,-5566,-5566,1,1,0.6220783040887375,0.6220783040887375,B,B
5567,5567,11134,11134,-5567,-5567,1,1,0.40279831100344676,0.40279831100344676,B,B
5568,5568,11136,11136,-5568,-5568,1,1,0.6101170398284762,0.6101170398284762,B,B
5569,5569,11138,11138,-5569,-5569,1,1,0.3976710985591272,0.3976710985591272,B,B
5570,5570,11140,11140,-5570,-5570,1,1,0.5720276760021621,0.5720276760021621,B,B
5571,5571,11142,11142,-5571,-5571,1,1,0.08876384793050207,0.08876384793050207,B,B
5572,5572,11144,11144,-5572,-5572,1,1,0.7739679920525738,0.7739679920525738,B,B
5575,5575,11150,11150,-5575,-5575,1,1,0.000596801280837389,0.000596801280837389,B,B
5578,5578,11156,11156,-5578,-5578,1,1,0.8896766932364099,0.8896766932364099,B,B
5579,5579,11158,11158,-5579,-5579,1,1,0.7575368876565332,0.7575368876565332,B,B
5580,5580,11160,11160,-5580,-5580,1,1,0.9353356628807454,0.9353356628807454,B,B
5581,5581,11162,11162,-5581,-5581,1,1,0.7695224646965383,0.7695224646965383,B,B
5582,5582,11164,11164,-5582,-5582,1,1,0.922830898686795,0.922830898686795,B,B
5584,5584,11168,11168,-5584,-5584,1,1,0.10418823362875818,0.10418823362875818,B,B
5587,5587,11174,11174,-5587,-5587,1,1,0.052455235311989035,0.052455235311989035,B,B
5588,5588,11176,11176,-5588,-5588,1,1,0.09964783322423687,0.09964783322423687,B,B
5590,5590,11180,11180,-5590,-5590,1,1,0.6018577727870431,0.6018577727870431,B,B
5591,5591,11182,11182,-5591,-5591,1,1,0.39106714638311346,0.39106714638311346,B,B
5593,5593,11186,11186,-5593,-5593,1,1,0.5244064236368436,0.5244064236368436,B,B
5594,5594,11188,11188,-5594,-5594,1,1,0.24195676448392067,0.24195676448392067,B,B
5595,5595,11190,11190,-5595,-5595,1,1,0.10907373514363872,0.10907373514363872,B,B
5597,5597,11194,11194,-5597,-5597,1,1,0.9346262643942365,0.9346262643942365,B,B
5598,5598,11196,11196,-5598,-5598,1,1,0.6579089339619043,0.6579089339619043,B,B
5599,5599,11198,11198,-5599,-5599,1,1,0.07124125383624991,0.07124125383624991,B,B
5602,5602,11204,11204,-5602,-5602,1,1,0.43880257559130575,0.43880257559130575,B,B
5605,5605,11210,11210,-5605,-5605,1,1,0.6802208630759197,0.6802208630759197,B,B
5607,5607,11214,11214,-5607,-5607,1,1,0.5341149742021755,0.5341149742021755,B,B
5608,5608,11216,11216,-5608,-5608,1,1,0.29913914443233336,0.29913914443233336,B,B
5609,5609,11218,11218,-5609,-5609,1,1,0.7417441601922091,0.7417441601922091,B,B
5610,5610,11220,11220,-5610,-5610,1,1,0.3877714944373948,0.3877714944373948,B,B
5611,5611,11222,11222,-5611,-5611,1,1,0.8049247086320629,0.8049247086320629,B,B
5612,5612,11224,11224,-5612,-5612,1,1,0.1194670000909448,0.1194670000909448,B,B
5613,5613,11226,11226,-5613,-5613,1,1,0.057738963354441175,0.057738963354441175,B,B
5614,5614,11228,11228,-5614,-5614,1,1,0.6545407948600153,0.6545407948600153,B,B
5615,5615,11230,11230,-5615,-5615,1,1,0.7322751865227367,0.7322751865227367,B,B
5616,5616,11232,11232,-5616,-5616,1,1,0.7653322904289999,0.7653322904289999,B,B
5617,5617,11234,11234,-5617,-5617,1,1,0.6023043873437449,0.6023043873437449,B,B
5618,5618,11236,11236,-5618,-5618,1,1,0.3081478131765901,0.3081478131765901,B,B
5619,5619,11238,11238,-5619,-5619,1,1,0.7455200466247892,0.7455200466247892,B,B
5620,5620,11240,11240,-5620,-5620,1,1,0.5679071793056404,0.5679071793056404,B,B
5622,5622,11244,11244,-5622,-5622,1,1,0.6792483739109713,0.6792483739109713,B,B
5625,5625,11250,11250,-5625,-5625,1,1,0.7437676233814005,0.7437676233814005,B,B
5626,5626,11252,11252,-5626,-5626,1,1,0.21046818839091352,0.21046818839091352,B,B
5628,5628,11256,11256,-5628,-5628,1,1,0.4030836936142974,0.4030836936142974,B,B
5630,5630,11260,11260,-5630,-5630,1,1,0.8157653144392617,0.8157653144392617,B,B
5633,5633,11266,11266,-5633,-5633,1,1,0.23774417553742055,0.23774417553742055,B,B
5634,5634,11268,11268,-5634,-5634,1,1,0.16270101912513857,0.16270101912513857,B,B
5635,5635,11270,11270,-5635,-5635,1,1,0.7546129484831261,0.7546129484831261,B,B
5636,5636,11272,11272,-5636,-5636,1,1,0.9736806195245243,0.9736806195245243,B,B
5637,5637,11274,11274,-5637,-5637,1,1,0.4226083731374427,0.4226083731374427,B,B
5639,5639,11278,11278,-5639,-5639,1,1,0.4440496231242005,0.4440496231242005,B,B
5642,5642,11284,11284,-5642,-5642,1,1,0.9615103610350296,0.9615103610350296,B,B
5643,5643,11286,11286,-5643,-5643,1,1,0.9303705705345104,0.9303705705345104,B,B
5644,5644,11288,11288,-5644,-5644,1,1,0.4971816633004734,0.4971816633004734,B,B
5645,5645,11290,11290,-5645,-5645,1,1,0.059712665565554324,0.059712665565554324,B,B
5646,5646,11292,11292,-5646,-5646,1,1,0.8482181233587572,0.8482181233587572,B,B
5647,5647,11294,11294,-5647,-5647,1,1,0.20921759220464176,0.20921759220464176,B,B
5648,5648,11296,11296,-5648,-5648,1,1,0.04080293847335659,0.04080293847335659,B,B
5649,5649,11298,11298,-5649,-5649,1,1,0.12881522399541434,0.12881522399541434,B,B
5651,5651,11302,11302,-5651,-5651,1,1,0.7653704429500415,0.7653704429500415,B,B
5652,5652,11304,11304,-5652,-5652,1,1,0.30634594513474744,0.30634594513474744,B,B
5653,5653,11306,11306,-5653,-5653,1,1,0.07895663267752506,0.07895663267752506,B,B
5654,5654,11308,11308,-5654,-5654,1,1,0.8970933201216159,0.8970933201216159,B,B
5656,5656,11312,11312,-5656,-5656,1,1,0.4581678413103252,0.4581678413103252,B,B
5660,5660,11320,11320,-5660,-5660,1,1,0.5150012801060442,0.5150012801060442,B,B
5663,5663,11326,11326,-5663,-5663,1,1,0.37257102397166786,0.37257102397166786,B,B
5664,5664,11328,11328,-5664,-5664,1,1,0.4135664470515684,0.4135664470515684,B,B
5665,5665,11330,11330,-5665,-5665,1,1,0.5169420528765287,0.5169420528765287,B,B
5669,5669,11338,11338,-5669,-5669,1,1,0.7593374594792658,0.7593374594792658,B,B
5670,5670,11340,11340,-5670,-5670,1,1,0.34905398046744884,0.34905398046744884,B,B
5673,5673,11346,11346,-5673,-5673,1,1,0.06450928295348213,0.06450928295348213,B,B
5674,5674,11348,11348,-5674,-5674,1,1,0.8728883459568761,0.8728883459568761,B,B
5675,5675,11350,11350,-5675,-5675,1,1,0.7628327346807964,0.7628327346807964,B,B
5676,5676,11352,11352,-5676,-5676,1,1,0.5202186338229591,0.5202186338229591,B,B
5677,5677,11354,11354,-5677,-5677,1,1,0.6767684765074724,0.6767684765074724,B,B
5679,5679,11358,11358,-5679,-5679,1,1,0.2531521305806973,0.2531521305806973,B,B
5680,5680,11360,11360,-5680,-5680,1,1,0.43861719094697404,0.43861719094697404,B,B
5681,5681,11362,11362,-5681,-5681,1,1,0.9835420581978622,0.9835420581978622,B,B
5682,5682,11364,11364,-5682,-5682,1,1,0.49335950473856915,0.49335950473856915,B,B
5683,5683,11366,11366,-5683,-5683,1,1,0.6551021263041421,0.6551021263041421,B,B
5685,5685,11370,11370,-5685,-5685,1,1,0.5594269232160753,0.5594269232160753,B,B
5686,5686,11372,11372,-5686,-5686,1,1,0.5527595323061631,0.5527595323061631,B,B
5687,5687,11374,11374,-5687,-5687,1,1,0.28652144992160633,0.28652144992160633,B,B
5688,5688,11376,11376,-5688,-5688,1,1,0.20551908289845544,0.20551908289845544,B,B
5689,5689,11378,11378,-5689,-5689,1,1,0.22119774673508164,0.22119774673508164,B,B
5692,5692,11384,11384,-5692,-5692,1,1,0.0026399966044150514,0.0026399966044150514,B,B
5693,5693,11386,11386,-5693,-5693,1,1,0.4045746148159587,0.4045746148159587,B,B
5700,5700,11400,11400,-5700,-5700,1,1,0.1378281844067265,0.1378281844067265,B,B
5703,5703,11406,11406,-5703,-5703,1,1,0.3422821547019983,0.3422821547019983,B,B
5705,5705,11410,11410,-5705,-5705,1,1,0.9896838651939466,0.9896838651939466,B,B
5706,5706,11412,11412,-5706,-5706,1,1,0.6152870262397052,0.6152870262397052,B,B
5707,5707,11414,11414,-5707,-5707,1,1,0.4157340135201205,0.4157340135201205,B,B
5708,5708,11416,11416,-5708,-5708,1,1,0.9678017919549652,0.9678017919549652,B,B
5710,5710,11420,11420,-5710,-5710,1,1,0.7681035406219151,0.7681035406219151,B,B
5711,5711,11422,11422,-5711,-5711,1,1,0.43867275029473796,0.43867275029473796,B,B
5712,5712,11424,11424,-5712,-5712,1,1,0.805519463812284,0.805519463812284,B,B
5713,5713,11426,11426,-5713,-5713,1,1,0.8990752313155135,0.8990752313155135,B,B
5715,5715,11430,11430,-5715,-5715,1,1,0.9486818917455172,0.9486818917455172,B,B
5717,5717,11434,11434,-5717,-5717,1,1,0.820524034281638,0.820524034281638,B,B
5718,5718,11436,11436,-5718,-5718,1,1,0.6858595299285515,0.6858595299285515,B,B
5720,5720,11440,11440,-5720,-5720,1,1,0.9189759916240923,0.9189759916240923,B,B
5722,5722,11444,11444,-5722,-5722,1,1,0.45357651155204126,0.45357651155204126,B,B
5723,5723,11446,11446,-5723,-5723,1,1,0.48482301196976396,0.48482301196976396,B,B
5724,5724,11448,11448,-5724,-5724,1,1,0.19780442386087305,0.19780442386087305,B,B
5725,5725,11450,11450,-5725,-5725,1,1,0.7115738133829148,0.7115738133829148,B,B
5730,5730,11460,11460,-5730,-5730,1,1,0.2052026120070003,0.2052026120070003,B,B
5731,5731,11462,11462,-5731,-5731,1,1,0.4734392285374327,0.4734392285374327,B,B
5734,5734,11468,11468,-5734,-5734,1,1,0.7912869159014579,0.7912869159014579,B,B
5735,5735,11470,11470,-5735,-5735,1,1,0.3663674589842544,0.3663674589842544,B,B
5737,5737,11474,11474,-5737,-5737,1,1,0.2868250386293628,0.2868250386293628,B,B
5739,5739,11478,11478,-5739,-5739,1,1,0.1336419098553816,0.1336419098553816,B,B
5740,5740,11480,11480,-5740,-5740,1,1,0.47866073440362134,0.47866073440362134,B,B
5741,5741,11482,11482,-5741,-5741,1,1,0.33262893740304367,0.33262893740304367,B,B
5742,5742,11484,11484,-5742,-5742,1,1,0.21214096450131836,0.21214096450131836,B,B
5744,5744,11488,11488,-5744,-5744,1,1,0.568116247514489,0.568116247514489,B,B
5745,5745,11490,11490,-5745,-5745,1,1,0.818838719828046,0.818838719828046,B,B
5748,5748,11496,11496,-5748,-5748,1,1,0.8173444289376821,0.8173444289376821,B,B
5749,5749,11498,11498,-5749,-5749,1,1,0.7629677595956083,0.7629677595956083,B,B
5757,5757,11514,11514,-5757,-5757,1,1,0.6314131451577311,0.6314131451577311,B,B
5758,5758,11516,11516,-5758,-5758,1,1,0.22169753916501178,0.22169753916501178,B,B
5759,5759,11518,11518,-5759,-5759,1,1,0.24553110639136966,0.24553110639136966,B,B
5760,5760,11520,11520,-5760,-5760,1,1,0.25818396656574816,0.25818396656574816,B,B
5763,5763,11526,11526,-5763,-5763,1,1,0.6701867285598241,0.6701867285598241,B,B
5765,5765,11530,11530,-5765,-5765,1,1,0.22431975522626868,0.22431975522626868,B,B
5766,5766,11532,11532,-5766,-5766,1,1,0.7712051271352877,0.7712051271352877,B,B
5767,5767,11534,11534,-5767,-5767,1,1,0.37627368976500375,0.37627368976500375,B,B
5768,5768,11536,11536,-5768,-5768,1,1,0.86170943707065,0.86170943707065,B,B
5769,5769,11538,11538,-5769,-5769,1,1,0.11423361057948744,0.11423361057948744,B,B
5771,5771,11542,11542,-5771,-5771,1,1,0.126309637215393,0.126309637215393,B,B
5772,5772,11544,11544,-5772,-5772,1,1,0.31586270756441437,0.31586270756441437,B,B
5773,5773,11546,11546,-5773,-5773,1,1,0.8586817047450899,0.8586817047450899,B,B
5774,5774,11548,11548,-5774,-5774,1,1,0.38489397610040776,0.38489397610040776,B,B
5775,5775,11550,11550,-5775,-5775,1,1,0.7835521022356807,0.7835521022356807,B,B
5778,5778,11556,11556,-5778,-5778,1,1,0.14800435209529528,0.14800435209529528,B,B
5779,5779,11558,11558,-5779,-5779,1,1,0.23085471326124718,0.23085471326124718,B,B
5780,5780,11560,11560,-5780,-5780,1,1,0.09167389753902966,0.09167389753902966,B,B
5782,5782,11564,11564,-5782,-5782,1,1,0.694899956416214,0.694899956416214,B,B
5783,5783,11566,11566,-5783,-5783,1,1,0.19371186035192123,0.19371186035192123,B,B
5784,5784,11568,11568,-5784,-5784,1,1,0.000266228974362237,0.000266228974362237,B,B
5785,5785,11570,11570,-5785,-5785,1,1,0.38923017547646876,0.38923017547646876,B,B
5786,5786,11572,11572,-5786,-5786,1,1,0.42730867929104255,0.42730867929104255,B,B
5787,5787,11574,11574,-5787,-5787,1,1,0.5016132695438336,0.5016132695438336,B,B
5788,5788,11576,11576,-5788,-5788,1,1,0.7442638991019386,0.7442638991019386,B,B
5790,5790,11580,11580,-5790,-5790,1,1,0.5850625834023614,0.5850625834023614,B,B
5791,5791,11582,11582,-5791,-5791,1,1,0.7131569667033685,0.7131569667033685,B,B
5792,5792,11584,11584,-5792,-5792,1,1,0.11846296118064259,0.11846296118064259,B,B
5794,5794,11588,11588,-5794,-5794,1,1,0.14992591325553517,0.14992591325553517,B,B
5795,5795,11590,11590,-5795,-5795,1,1,0.16550246974238114,0.16550246974238114,B,B
5796,5796,11592,11592,-5796,-5796,1,1,0.23089435847250506,0.23089435847250506,B,B
5798,5798,11596,11596,-5798,-5798,1,1,0.012233677044352409,0.012233677044352409,B,B
5799,5799,11598,11598,-5799,-5799,1,1,0.8176002359025849,0.8176002359025849,B,B
5800,5800,11600,11600,-5800,-5800,1,1,0.972509475838799,0.972509475838799,B,B
5806,5806,11612,11612,-5806,-5806,1,1,0.33150456423703345,0.33150456423703345,B,B
5808,5808,11616,11616,-5808,-5808,1,1,0.55501552056849,0.55501552056849,B,B
5809,5809,11618,11618,-5809,-5809,1,1,0.15494247206124356,0.15494247206124356,B,B
5812,5812,11624,11624,-5812,-5812,1,1,0.5379721483870784,0.5379721483870784,B,B
5813,5813,11626,11626,-5813,-5813,1,1,0.9517280717012204,0.9517280717012204,B,B
5814,5814,11628,11628,-5814,-5814,1,1,0.32604184507917455,0.32604184507917455,B,B
5817,5817,11634,11634,-5817,-5817,1,1,0.1288427986602454,0.1288427986602454,B,B
5818,5818,11636,11636,-5818,-5818,1,1,0.6870181039708781,0.6870181039708781,B,B
5819,5819,11638,11638,-5819,-5819,1,1,0.014249602312402021,0.014249602312402021,B,B
5820,5820,11640,11640,-5820,-5820,1,1,0.7685789615834091,0.7685789615834091,B,B
5821,5821,11642,11642,-5821,-5821,1,1,0.699697985312771,0.699697985312771,B,B
5822,5822,11644,11644,-5822,-5822,1,1,0.7399211403766346,0.7399211403766346,B,B
5823,5823,11646,11646,-5823,-5823,1,1,0.649356466718009,0.649356466718009,B,B
5824,5824,11648,11648,-5824,-5824,1,1,0.7153222748463638,0.7153222748463638,B,B
5825,5825,11650,11650,-5825,-5825,1,1,0.2861849511957898,0.2861849511957898,B,B
5826,5826,11652,11652,-5826,-5826,1,1,0.11161245723735569,0.11161245723735569,B,B
5827,5827,11654,11654,-5827,-5827,1,1,0.16940868918854435,0.16940868918854435,B,B
5829,5829,11658,11658,-5829,-5829,1,1,0.021799042781678768,0.021799042781678768,B,B
5830,5830,11660,11660,-5830,-5830,1,1,0.08518571984397771,0.08518571984397771,B,B
5831,5831,11662,11662,-5831,-5831,1,1,0.3272534118561735,0.3272534118561735,B,B
5832,5832,11664,11664,-5832,-5832,1,1,0.3963128792703451,0.3963128792703451,B,B
5834,5834,11668,11668,-5834,-5834,1,1,0.19862745647564584,0.19862745647564584,B,B
5835,5835,11670,11670,-5835,-5835,1,1,0.06698987605461271,0.06698987605461271,B,B
5836,5836,11672,11672,-5836,-5836,1,1,0.4287451688172572,0.4287451688172572,B,B
5837,5837,11674,11674,-5837,-5837,1,1,0.8162041423190358,0.8162041423190358,B,B
5838,5838,11676,11676,-5838,-5838,1,1,0.0897737697454899,0.0897737697454899,B,B
5839,5839,11678,11678,-5839,-5839,1,1,0.6526592009088203,0.6526592009088203,B,B
5840,5840,11680,11680,-5840,-5840,1,1,0.7288616462898984,0.7288616462898984,B,B
5841,5841,11682,11682,-5841,-5841,1,1,0.7272728638661862,0.7272728638661862,B,B
5843,5843,11686,11686,-5843,-5843,1,1,0.14548610815326868,0.14548610815326868,B,B
5844,5844,11688,11688,-5844,-5844,1,1,0.4377909228570406,0.4377909228570406,B,B
5845,5845,11690,11690,-5845,-5845,1,1,0.9378233752892723,0.9378233752892723,B,B
5847,5847,11694,11694,-5847,-5847,1,1,0.7106402003104709,0.7106402003104709,B,B
5848,5848,11696,11696,-5848,-5848,1,1,0.8033074483385603,0.8033074483385603,B,B
5849,5849,11698,11698,-5849,-5849,1,1,0.7699924031023516,0.7699924031023516,B,B
5851,5851,11702,11702,-5851,-5851,1,1,0.7522360699537921,0.7522360699537921,B,B
5852,5852,11704,11704,-5852,-5852,1,1,0.48277816752411806,0.48277816752411806,B,B
5853,5853,11706,11706,-5853,-5853,1,1,0.6646332963179616,0.6646332963179616,B,B
5854,5854,11708,11708,-5854,-5854,1,1,0.4739596326579747,0.4739596326579747,B,B
5856,5856,11712,11712,-5856,-5856,1,1,0.7147060332966533,0.7147060332966533,B,B
5857,5857,11714,11714,-5857,-5857,1,1,0.7916778473650227,0.7916778473650227,B,B
5858,5858,11716,11716,-5858,-5858,1,1,0.25556120809690097,0.25556120809690097,B,B
5860,5860,11720,11720,-5860,-5860,1,1,0.3838450541968931,0.3838450541968931,B,B
5865,5865,11730,11730,-5865,-5865,1,1,0.21747742918486757,0.21747742918486757,B,B
5869,5869,11738,11738,-5869,-5869,1,1,0.9026478729093077,0.9026478729093077,B,B
5870,5870,11740,11740,-5870,-5870,1,1,0.6278901200838058,0.6278901200838058,B,B
5871,5871,11742,11742,-5871,-5871,1,1,0.7005680279491032,0.7005680279491032,B,B
5873,5873,11746,11746,-5873,-5873,1,1,0.7441270130973722,0.7441270130973722,B,B
5874,5874,11748,11748,-5874,-5874,1,1,0.3469249395130969,0.3469249395130969,B,B
5875,5875,11750,11750,-5875,-5875,1,1,0.7686813427255931,0.7686813427255931,B,B
5877,5877,11754,11754,-5877,-5877,1,1,0.35828619645803284,0.35828619645803284,B,B
5878,5878,11756,11756,-5878,-5878,1,1,0.4369304185234252,0.4369304185234252,B,B
5879,5879,11758,11758,-5879,-5879,1,1,0.8865197990400892,0.8865197990400892,B,B
5882,5882,11764,11764,-5882,-5882,1,1,0.01287017335159324,0.01287017335159324,B,B
5883,5883,11766,11766,-5883,-5883,1,1,0.42966180436540935,0.42966180436540935,B,B
5887,5887,11774,11774,-5887,-5887,1,1,0.1615526502672322,0.1615526502672322,B,B
5888,5888,11776,11776,-5888,-5888,1,1,0.47893828972140173,0.47893828972140173,B,B
5889,5889,11778,11778,-5889,-5889,1,1,0.9772053105677141,0.9772053105677141,B,B
5890,5890,11780,11780,-5890,-5890,1,1,0.46743722429268364,0.46743722429268364,B,B
5891,5891,11782,11782,-5891,-5891,1,1,0.7536113693037351,0.7536113693037351,B,B
5892,5892,11784,11784,-5892,-5892,1,1,0.325494344691461,0.325494344691461,B,B
5893,5893,11786,11786,-5893,-5893,1,1,0.04868517117762339,0.04868517117762339,B,B
5895,5895,11790,11790,-5895,-5895,1,1,0.2812398261069995,0.2812398261069995,B,B
5897,5897,11794,11794,-5897,-5897,1,1,0.22153803208214484,0.22153803208214484,B,B
5900,5900,11800,11800,-5900,-5900,1,1,0.46034283552240907,0.46034283552240907,B,B
5901,5901,11802,11802,-5901,-5901,1,1,0.9271504281719269,0.9271504281719269,B,B
5902,5902,11804,11804,-5902,-5902,1,1,0.8676959232851177,0.8676959232851177,B,B
5903,5903,11806,11806,-5903,-5903,1,1,0.5786900292047094,0.5786900292047094,B,B
5906,5906,11812,11812,-5906,-5906,1,1,0.7606813555266813,0.7606813555266813,B,B
5907,5907,11814,11814,-5907,-5907,1,1,0.9286443685546345,0.9286443685546345,B,B
5908,5908,11816,11816,-5908,-5908,1,1,0.6482546226120801,0.6482546226120801,B,B
5909,5909,11818,11818,-5909,-5909,1,1,0.93028297865002,0.93028297865002,B,B
5910,5910,11820,11820,-5910,-5910,1,1,0.001456123692519351,0.001456123692519351,B,B
5911,5911,11822,11822,-5911,-5911,1,1,0.6442868385620414,0.6442868385620414,B,B
5912,5912,11824,11824,-5912,-5912,1,1,0.937941687249091,0.937941687249091,B,B
5913,5913,11826,11826,-5913,-5913,1,1,0.3295854594091776,0.3295854594091776,B,B
5914,5914,11828,11828,-5914,-5914,1,1,0.9123516591151916,0.9123516591151916,B,B
5916,5916,11832,11832,-5916,-5916,1,1,0.3680489366891906,0.3680489366891906,B,B
5918,5918,11836,11836,-5918,-5918,1,1,0.36578499164577527,0.36578499164577527,B,B
5919,5919,11838,11838,-5919,-5919,1,1,0.9097818506203136,0.9097818506203136,B,B
5920,5920,11840,11840,-5920,-5920,1,1,0.655971901011649,0.655971901011649,B,B
5922,5922,11844,11844,-5922,-5922,1,1,0.1776821486163982,0.1776821486163982,B,B
5924,5924,11848,11848,-5924,-5924,1,1,0.202668014694403,0.202668014694403,B,B
5925,5925,11850,11850,-5925,-5925,1,1,0.6749163138050562,0.6749163138050562,B,B
5926,5926,11852,11852,-5926,-5926,1,1,0.48101693633401565,0.48101693633401565,B,B
5928,5928,11856,11856,-5928,-5928,1,1,0.885535868324092,0.885535868324092,B,B
5930,5930,11860,11860,-5930,-5930,1,1,0.8378343875455598,0.8378343875455598,B,B
5931,5931,11862,11862,-5931,-5931,1,1,0.006090136523100087,0.006090136523100087,B,B
5932,5932,11864,11864,-5932,-5932,1,1,0.6344805944492942,0.6344805944492942,B,B
5933,5933,11866,11866,-5933,-5933,1,1,0.06322745798565865,0.06322745798565865,B,B
5936,5936,11872,11872,-5936,-5936,1,1,0.07775268637094723,0.07775268637094723,B,B
5939,5939,11878,11878,-5939,-5939,1,1,0.1638326703823595,0.1638326703823595,B,B
5940,5940,11880,11880,-5940,-5940,1,1,0.018463107744909446,0.018463107744909446,B,B
5941,5941,11882,11882,-5941,-5941,1,1,0.22370853491497367,0.22370853491497367,B,B
5942,5942,11884,11884,-5942,-5942,1,1,0.4740861328001661,0.4740861328001661,B,B
5943,5943,11886,11886,-5943,-5943,1,1,0.89111808652226,0.89111808652226,B,B
5945,5945,11890,11890,-5945,-5945,1,1,0.8901512293821667,0.8901512293821667,B,B
5946,5946,11892,11892,-5946,-5946,1,1,0.5245678570151905,0.5245678570151905,B,B
5948,5948,11896,11896,-5948,-5948,1,1,0.1498812550227041,0.1498812550227041,B,B
5950,5950,11900,11900,-5950,-5950,1,1,0.059551256742619185,0.059551256742619185,B,B
5952,5952,11904,11904,-5952,-5952,1,1,0.9013263420668312,0.9013263420668312,B,B
5953,5953,11906,11906,-5953,-5953,1,1,0.2201195612523964,0.2201195612523964,B,B
5955,5955,11910,11910,-5955,-5955,1,1,0.536497260224723,0.536497260224723,B,B
5957,5957,11914,11914,-5957,-5957,1,1,0.158724202624548,0.158724202624548,B,B
5958,5958,11916,11916,-5958,-5958,1,1,0.6214236488281057,0.6214236488281057,B,B
5960,5960,11920,11920,-5960,-5960,1,1,0.9353732908617398,0.9353732908617398,B,B
5961,5961,11922,11922,-5961,-5961,1,1,0.1964269036460251,0.1964269036460251,B,B
5965,5965,11930,11930,-5965,-5965,1,1,0.04426427002842592,0.04426427002842592,B,B
5966,5966,11932,11932,-5966,-5966,1,1,0.6059313616123406,0.6059313616123406,B,B
5968,5968,11936,11936,-5968,-5968,1,1,0.4922594309843962,0.4922594309843962,B,B
5969,5969,11938,11938,-5969,-5969,1,1,0.5191647118519112,0.5191647118519112,B,B
5970,5970,11940,11940,-5970,-5970,1,1,0.783807232104522,0.783807232104522,B,B
5972,5972,11944,11944,-5972,-5972,1,1,0.9592201640461532,0.9592201640461532,B,B
5973,5973,11946,11946,-5973,-5973,1,1,0.4606705534194313,0.4606705534194313,B,B
5974,5974,11948,11948,-5974,-5974,1,1,0.7929649339188093,0.7929649339188093,B,B
5975,5975,11950,11950,-5975,-5975,1,1,0.37930464100394756,0.37930464100394756,B,B
5976,5976,11952,11952,-5976,-5976,1,1,0.483954969136547,0.483954969136547,B,B
5979,5979,11958,11958,-5979,-5979,1,1,0.9449864975861667,0.9449864975861667,B,B
5980,5980,11960,11960,-5980,-5980,1,1,0.03318723342375185,0.03318723342375185,B,B
5981,5981,11962,11962,-5981,-5981,1,1,0.32953771040269597,0.32953771040269597,B,B
5985,5985,11970,11970,-5985,-5985,1,1,0.022279899025777983,0.022279899025777983,B,B
5988,5988,11976,11976,-5988,-5988,1,1,0.19915500609651848,0.19915500609651848,B,B
5989,5989,11978,11978,-5989,-5989,1,1,0.8442824350572136,0.8442824350572136,B,B
5990,5990,11980,11980,-5990,-5990,1,1,0.9944740726572984,0.9944740726572984,B,B
5993,5993,11986,11986,-5993,-5993,1,1,0.8286833886769438,0.8286833886769438,B,B
5995,5995,11990,11990,-5995,-5995,1,1,0.49685165411525556,0.49685165411525556,B,B
5996,5996,11992,11992,-5996,-5996,1,1,0.9026580645502607,0.9026580645502607,B,B
5997,5997,11994,11994,-5997,-5997,1,1,0.42049136922237107,0.42049136922237107,B,B
5999,5999,11998,11998,-5999,-5999,1,1,0.6081087779881308,0.6081087779881308,B,B
