Feature_A_(i),Feature_A_(i)-noConstant_Feature,Feature_B_(2i),Feature_B_(2i)-noConstant_Feature,Feature_C_(-i),Feature_C_(-i)-noConstant_Feature,Constant_Feature,Constant_Feature-noConstant_Feature,Random_Feature,Random_Feature-noConstant_Feature,Outcome,Outcome-noConstant_Feature
0,0,0,0,0,0,1,1,0.3581485321045217,0.3581485321045217,A,A
1,1,2,2,-1,-1,1,1,0.8839101610867179,0.8839101610867179,A,A
3,3,6,6,-3,-3,1,1,0.6316865682867979,0.6316865682867979,A,A
5,5,10,10,-5,-5,1,1,0.1179020570763114,0.1179020570763114,A,A
7,7,14,14,-7,-7,1,1,0.7025658670285041,0.7025658670285041,A,A
10,10,20,20,-10,-10,1,1,0.36802664311794664,0.36802664311794664,A,A
11,11,22,22,-11,-11,1,1,0.3360509643974219,0.3360509643974219,A,A
12,12,24,24,-12,-12,1,1,0.7115493583210833,0.7115493583210833,A,A
13,13,26,26,-13,-13,1,1,0.9001961335411152,0.9001961335411152,A,A
14,14,28,28,-14,-14,1,1,0.12983388824365016,0.12983388824365016,A,A
18,18,36,36,-18,-18,1,1,0.5350356937942453,0.5350356937942453,A,A
21,21,42,42,-21,-21,1,1,0.6573315481857762,0.6573315481857762,A,A
22,22,44,44,-22,-22,1,1,0.5982458560217326,0.5982458560217326,A,A
23,23,46,46,-23,-23,1,1,0.45243048498421456,0.45243048498421456,A,A
24,24,48,48,-24,-24,1,1,0.5715065219420598,0.5715065219420598,A,A
26,26,52,52,-26,-26,1,1,0.7883168386108598,0.7883168386108598,A,A
27,27,54,54,-27,-27,1,1,0.06236974384899474,0.06236974384899474,A,A
28,28,56,56,-28,-28,1,1,0.8851762289017996,0.8851762289017996,A,A
31,31,62,62,-31,-31,1,1,0.3837438429114993,0.3837438429114993,A,A
32,32,64,64,-32,-32,1,1,0.08907858337601626,0.08907858337601626,A,A
33,33,66,66,-33,-33,1,1,0.03685874487641183,0.03685874487641183,A,A
35,35,70,70,-35,-35,1,1,0.18909655388762214,0.18909655388762214,A,A
36,36,72,72,-36,-36,1,1,0.9814074756527397,0.9814074756527397,A,A
38,38,76,76,-38,-38,1,1,0.8533625788942175,0.8533625788942175,A,A
39,39,78,78,-39,-39,1,1,0.40683512717298975,0.40683512717298975,A,A
41,41,82,82,-41,-41,1,1,0.42509986469827554,0.42509986469827554,A,A
42,42,84,84,-42,-42,1,1,0.34792892870247305,0.34792892870247305,A,A
44,44,88,88,-44,-44,1,1,0.9054135171710901,0.9054135171710901,A,A
45,45,90,90,-45,-45,1,1,0.702852864781662,0.702852864781662,A,A
46,46,92,92,-46,-46,1,1,0.782790506984652,0.782790506984652,A,A
49,49,98,98,-49,-49,1,1,0.18577998682076147,0.18577998682076147,A,A
51,51,102,102,-51,-51,1,1,0.17336566860538916,0.17336566860538916,A,A
53,53,106,106,-53,-53,1,1,0.5809270792949821,0.5809270792949821,A,A
54,54,108,108,-54,-54,1,1,0.7626275755393541,0.7626275755393541,A,A
55,55,110,110,-55,-55,1,1,0.3305735447074689,0.3305735447074689,A,A
58,58,116,116,-58,-58,1,1,0.10748435250109534,0.10748435250109534,A,A
59,59,118,118,-59,-59,1,1,0.31815206615596414,0.31815206615596414,A,A
60,60,120,120,-60,-60,1,1,0.17615374435243925,0.17615374435243925,A,A
62,62,124,124,-62,-62,1,1,0.41427400112941626,0.41427400112941626,A,A
63,63,126,126,-63,-63,1,1,0.49938782495874,0.49938782495874,A,A
64,64,128,128,-64,-64,1,1,0.5947312267231223,0.5947312267231223,A,A
65,65,130,130,-65,-65,1,1,0.8171358104150716,0.8171358104150716,A,A
67,67,134,134,-67,-67,1,1,0.7695838355598332,0.7695838355598332,A,A
69,69,138,138,-69,-69,1,1,0.06343830372503745,0.06343830372503745,A,A
70,70,140,140,-70,-70,1,1,0.9595882794162985,0.9595882794162985,A,A
73,73,146,146,-73,-73,1,1,0.6168416704429529,0.6168416704429529,A,A
75,75,150,150,-75,-75,1,1,0.24786944985703308,0.24786944985703308,A,A
76,76,152,152,-76,-76,1,1,0.07574345645986724,0.07574345645986724,A,A
77,77,154,154,-77,-77,1,1,0.9576917662311247,0.9576917662311247,A,A
78,78,156,156,-78,-78,1,1,0.3444122032974388,0.3444122032974388,A,A
79,79,158,158,-79,-79,1,1,0.00018798835706279604,0.00018798835706279604,A,A
81,81,162,162,-81,-81,1,1,0.08338800327535068,0.08338800327535068,A,A
82,82,164,164,-82,-82,1,1,0.8371076701450203,0.8371076701450203,A,A
86,86,172,172,-86,-86,1,1,0.5928400284910654,0.5928400284910654,A,A
87,87,174,174,-87,-87,1,1,0.31353758449725977,0.31353758449725977,A,A
89,89,178,178,-89,-89,1,1,0.2044281416563637,0.2044281416563637,A,A
90,90,180,180,-90,-90,1,1,0.46052453367336,0.46052453367336,A,A
91,91,182,182,-91,-91,1,1,0.27655555095419226,0.27655555095419226,A,A
93,93,186,186,-93,-93,1,1,0.2156697601069203,0.2156697601069203,A,A
94,94,188,188,-94,-94,1,1,0.14628113311681623,0.14628113311681623,A,A
95,95,190,190,-95,-95,1,1,0.6364167409499052,0.6364167409499052,A,A
96,96,192,192,-96,-96,1,1,0.2323360157373191,0.2323360157373191,A,A
99,99,198,198,-99,-99,1,1,0.7964356400542186,0.7964356400542186,A,A
100,100,200,200,-100,-100,1,1,0.2875327944914716,0.2875327944914716,A,A
101,101,202,202,-101,-101,1,1,0.49383332900746946,0.49383332900746946,A,A
102,102,204,204,-102,-102,1,1,0.19739142058166181,0.19739142058166181,A,A
103,103,206,206,-103,-103,1,1,0.7548063603256833,0.7548063603256833,A,A
104,104,208,208,-104,-104,1,1,0.3645628592530845,0.3645628592530845,A,A
105,105,210,210,-105,-105,1,1,0.3656840437206773,0.3656840437206773,A,A
106,106,212,212,-106,-106,1,1,0.84754785192232,0.84754785192232,A,A
107,107,214,214,-107,-107,1,1,0.15569631768405867,0.15569631768405867,A,A
109,109,218,218,-109,-109,1,1,0.8776157882608909,0.8776157882608909,A,A
111,111,222,222,-111,-111,1,1,0.6848139489241195,0.6848139489241195,A,A
114,114,228,228,-114,-114,1,1,0.8967573771245423,0.8967573771245423,A,A
115,115,230,230,-115,-115,1,1,0.5144574291580433,0.5144574291580433,A,A
118,118,236,236,-118,-118,1,1,0.9119564155005877,0.9119564155005877,A,A
120,120,240,240,-120,-120,1,1,0.7449259240416669,0.7449259240416669,A,A
122,122,244,244,-122,-122,1,1,0.0025256535814799363,0.0025256535814799363,A,A
124,124,248,248,-124,-124,1,1,0.4804421953497041,0.4804421953497041,A,A
125,125,250,250,-125,-125,1,1,0.039918173844016636,0.039918173844016636,A,A
126,126,252,252,-126,-126,1,1,0.8019859002940205,0.8019859002940205,A,A
127,127,254,254,-127,-127,1,1,0.7404676807815441,0.7404676807815441,A,A
128,128,256,256,-128,-128,1,1,0.35394898011032017,0.35394898011032017,A,A
132,132,264,264,-132,-132,1,1,0.9985188230254209,0.9985188230254209,A,A
134,134,268,268,-134,-134,1,1,0.08753180441541364,0.08753180441541364,A,A
135,135,270,270,-135,-135,1,1,0.45693399513245136,0.45693399513245136,A,A
136,136,272,272,-136,-136,1,1,0.5420084319709784,0.5420084319709784,A,A
138,138,276,276,-138,-138,1,1,0.7235440909847851,0.7235440909847851,A,A
139,139,278,278,-139,-139,1,1,0.08298791698125008,0.08298791698125008,A,A
140,140,280,280,-140,-140,1,1,0.2098672099761597,0.2098672099761597,A,A
141,141,282,282,-141,-141,1,1,0.9361882248606086,0.9361882248606086,A,A
144,144,288,288,-144,-144,1,1,0.6409335998781611,0.6409335998781611,A,A
145,145,290,290,-145,-145,1,1,0.31936333175165044,0.31936333175165044,A,A
146,146,292,292,-146,-146,1,1,0.6530281546879411,0.6530281546879411,A,A
147,147,294,294,-147,-147,1,1,0.7307944381478196,0.7307944381478196,A,A
148,148,296,296,-148,-148,1,1,0.3234850816431194,0.3234850816431194,A,A
149,149,298,298,-149,-149,1,1,0.5389870398960958,0.5389870398960958,A,A
150,150,300,300,-150,-150,1,1,0.7314529725710204,0.7314529725710204,A,A
152,152,304,304,-152,-152,1,1,0.10907559554219015,0.10907559554219015,A,A
154,154,308,308,-154,-154,1,1,0.328939054410314,0.328939054410314,A,A
156,156,312,312,-156,-156,1,1,0.41848078614115325,0.41848078614115325,A,A
157,157,314,314,-157,-157,1,1,0.9756041135596359,0.9756041135596359,A,A
158,158,316,316,-158,-158,1,1,0.35344865233845213,0.35344865233845213,A,A
160,160,320,320,-160,-160,1,1,0.5547361732143491,0.5547361732143491,A,A
161,161,322,322,-161,-161,1,1,0.0891336921094471,0.0891336921094471,A,A
162,162,324,324,-162,-162,1,1,0.4086551213893691,0.4086551213893691,A,A
163,163,326,326,-163,-163,1,1,0.25029279515328706,0.25029279515328706,A,A
166,166,332,332,-166,-166,1,1,0.48687563784850674,0.48687563784850674,A,A
167,167,334,334,-167,-167,1,1,0.44445852567547495,0.44445852567547495,A,A
168,168,336,336,-168,-168,1,1,0.8907188245124945,0.8907188245124945,A,A
169,169,338,338,-169,-169,1,1,0.3061689856984916,0.3061689856984916,A,A
170,170,340,340,-170,-170,1,1,0.8798434225240414,0.8798434225240414,A,A
171,171,342,342,-171,-171,1,1,0.0745435733204598,0.0745435733204598,A,A
174,174,348,348,-174,-174,1,1,0.3830656923488178,0.3830656923488178,A,A
175,175,350,350,-175,-175,1,1,0.9920349123789985,0.9920349123789985,A,A
177,177,354,354,-177,-177,1,1,0.9851696042005833,0.9851696042005833,A,A
179,179,358,358,-179,-179,1,1,0.2919342053637328,0.2919342053637328,A,A
180,180,360,360,-180,-180,1,1,0.17815154104628128,0.17815154104628128,A,A
181,181,362,362,-181,-181,1,1,0.8538597292457968,0.8538597292457968,A,A
183,183,366,366,-183,-183,1,1,0.4790305279039493,0.4790305279039493,A,A
184,184,368,368,-184,-184,1,1,0.7147776404233779,0.7147776404233779,A,A
185,185,370,370,-185,-185,1,1,0.8017489925271069,0.8017489925271069,A,A
186,186,372,372,-186,-186,1,1,0.011498010784058432,0.011498010784058432,A,A
187,187,374,374,-187,-187,1,1,0.8371325712700731,0.8371325712700731,A,A
189,189,378,378,-189,-189,1,1,0.5492034535373715,0.5492034535373715,A,A
190,190,380,380,-190,-190,1,1,0.7308845633079191,0.7308845633079191,A,A
191,191,382,382,-191,-191,1,1,0.10921191130855845,0.10921191130855845,A,A
192,192,384,384,-192,-192,1,1,0.9234830037894185,0.9234830037894185,A,A
195,195,390,390,-195,-195,1,1,0.368353272569945,0.368353272569945,A,A
196,196,392,392,-196,-196,1,1,0.8724991015739577,0.8724991015739577,A,A
197,197,394,394,-197,-197,1,1,0.2922377569551684,0.2922377569551684,A,A
199,199,398,398,-199,-199,1,1,0.5248936171304759,0.5248936171304759,A,A
200,200,400,400,-200,-200,1,1,0.3060569653180567,0.3060569653180567,A,A
201,201,402,402,-201,-201,1,1,0.26199665297179386,0.26199665297179386,A,A
202,202,404,404,-202,-202,1,1,0.47169304505146326,0.47169304505146326,A,A
203,203,406,406,-203,-203,1,1,0.1902830388180744,0.1902830388180744,A,A
204,204,408,408,-204,-204,1,1,0.9093441924168961,0.9093441924168961,A,A
205,205,410,410,-205,-205,1,1,0.7320098361501537,0.7320098361501537,A,A
207,207,414,414,-207,-207,1,1,0.5854106508314816,0.5854106508314816,A,A
208,208,416,416,-208,-208,1,1,0.3262330582153067,0.3262330582153067,A,A
209,209,418,418,-209,-209,1,1,0.510516524939833,0.510516524939833,A,A
210,210,420,420,-210,-210,1,1,0.5126369798472399,0.5126369798472399,A,A
211,211,422,422,-211,-211,1,1,0.855642868013121,0.855642868013121,A,A
212,212,424,424,-212,-212,1,1,0.31246113422227684,0.31246113422227684,A,A
213,213,426,426,-213,-213,1,1,0.8445645520264801,0.8445645520264801,A,A
214,214,428,428,-214,-214,1,1,0.4516985791113336,0.4516985791113336,A,A
215,215,430,430,-215,-215,1,1,0.22973536766060942,0.22973536766060942,A,A
220,220,440,440,-220,-220,1,1,0.9231317027545626,0.9231317027545626,A,A
222,222,444,444,-222,-222,1,1,0.743066243381264,0.743066243381264,A,A
224,224,448,448,-224,-224,1,1,0.8476455748949766,0.8476455748949766,A,A
225,225,450,450,-225,-225,1,1,0.7932621032872628,0.7932621032872628,A,A
226,226,452,452,-226,-226,1,1,0.23826111084097823,0.23826111084097823,A,A
227,227,454,454,-227,-227,1,1,0.5115687808399548,0.5115687808399548,A,A
229,229,458,458,-229,-229,1,1,0.3279480873617552,0.3279480873617552,A,A
230,230,460,460,-230,-230,1,1,0.6259314303093111,0.6259314303093111,A,A
231,231,462,462,-231,-231,1,1,0.8971980029870462,0.8971980029870462,A,A
232,232,464,464,-232,-232,1,1,0.9908711908535485,0.9908711908535485,A,A
233,233,466,466,-233,-233,1,1,0.7584237246845656,0.7584237246845656,A,A
234,234,468,468,-234,-234,1,1,0.8237125253110059,0.8237125253110059,A,A
235,235,470,470,-235,-235,1,1,0.7584120604450391,0.7584120604450391,A,A
236,236,472,472,-236,-236,1,1,0.9575466519742649,0.9575466519742649,A,A
237,237,474,474,-237,-237,1,1,0.4113756427780252,0.4113756427780252,A,A
238,238,476,476,-238,-238,1,1,0.9612472393298356,0.9612472393298356,A,A
240,240,480,480,-240,-240,1,1,0.2764494259327396,0.2764494259327396,A,A
241,241,482,482,-241,-241,1,1,0.938353865972726,0.938353865972726,A,A
242,242,484,484,-242,-242,1,1,0.6124703511727232,0.6124703511727232,A,A
244,244,488,488,-244,-244,1,1,0.5701127403098096,0.5701127403098096,A,A
245,245,490,490,-245,-245,1,1,0.16751459145622916,0.16751459145622916,A,A
249,249,498,498,-249,-249,1,1,0.9493041759216881,0.9493041759216881,A,A
251,251,502,502,-251,-251,1,1,0.9911899563397208,0.9911899563397208,A,A
252,252,504,504,-252,-252,1,1,0.8316434202957592,0.8316434202957592,A,A
254,254,508,508,-254,-254,1,1,0.5503637737372428,0.5503637737372428,A,A
255,255,510,510,-255,-255,1,1,0.9379948550290127,0.9379948550290127,A,A
256,256,512,512,-256,-256,1,1,0.304195182608067,0.304195182608067,A,A
257,257,514,514,-257,-257,1,1,0.6041084664351004,0.6041084664351004,A,A
258,258,516,516,-258,-258,1,1,0.8429299266418653,0.8429299266418653,A,A
259,259,518,518,-259,-259,1,1,0.08317559390365592,0.08317559390365592,A,A
260,260,520,520,-260,-260,1,1,0.44232886396111537,0.44232886396111537,A,A
266,266,532,532,-266,-266,1,1,0.10830619248453244,0.10830619248453244,A,A
267,267,534,534,-267,-267,1,1,0.2849481034476822,0.2849481034476822,A,A
268,268,536,536,-268,-268,1,1,0.9421824520090991,0.9421824520090991,A,A
269,269,538,538,-269,-269,1,1,0.32528102413436866,0.32528102413436866,A,A
271,271,542,542,-271,-271,1,1,0.19006142689484962,0.19006142689484962,A,A
273,273,546,546,-273,-273,1,1,0.1804109096654538,0.1804109096654538,A,A
274,274,548,548,-274,-274,1,1,0.11257032597186623,0.11257032597186623,A,A
276,276,552,552,-276,-276,1,1,0.9777169062368408,0.9777169062368408,A,A
278,278,556,556,-278,-278,1,1,0.13597021502270445,0.13597021502270445,A,A
281,281,562,562,-281,-281,1,1,0.6771155863562527,0.6771155863562527,A,A
282,282,564,564,-282,-282,1,1,0.8813731959095698,0.8813731959095698,A,A
283,283,566,566,-283,-283,1,1,0.5462389635950663,0.5462389635950663,A,A
284,284,568,568,-284,-284,1,1,0.3746240959849827,0.3746240959849827,A,A
285,285,570,570,-285,-285,1,1,0.38273465364445847,0.38273465364445847,A,A
287,287,574,574,-287,-287,1,1,0.7221678025804639,0.7221678025804639,A,A
288,288,576,576,-288,-288,1,1,0.39451644860589097,0.39451644860589097,A,A
289,289,578,578,-289,-289,1,1,0.6956345046795808,0.6956345046795808,A,A
295,295,590,590,-295,-295,1,1,0.7309991588805963,0.7309991588805963,A,A
296,296,592,592,-296,-296,1,1,0.751624247387987,0.751624247387987,A,A
297,297,594,594,-297,-297,1,1,0.8957926671717115,0.8957926671717115,A,A
301,301,602,602,-301,-301,1,1,0.678621897564474,0.678621897564474,A,A
302,302,604,604,-302,-302,1,1,0.8445248735248361,0.8445248735248361,A,A
304,304,608,608,-304,-304,1,1,0.4354048305112247,0.4354048305112247,A,A
307,307,614,614,-307,-307,1,1,0.44452759464861724,0.44452759464861724,A,A
308,308,616,616,-308,-308,1,1,0.29044071739397614,0.29044071739397614,A,A
309,309,618,618,-309,-309,1,1,0.23874750145564017,0.23874750145564017,A,A
310,310,620,620,-310,-310,1,1,0.3791777074689626,0.3791777074689626,A,A
311,311,622,622,-311,-311,1,1,0.6689599395406561,0.6689599395406561,A,A
312,312,624,624,-312,-312,1,1,0.11640682191707508,0.11640682191707508,A,A
314,314,628,628,-314,-314,1,1,0.9680983063246806,0.9680983063246806,A,A
315,315,630,630,-315,-315,1,1,0.012781374179177019,0.012781374179177019,A,A
316,316,632,632,-316,-316,1,1,0.394203477821936,0.394203477821936,A,A
317,317,634,634,-317,-317,1,1,0.2716687561530514,0.2716687561530514,A,A
318,318,636,636,-318,-318,1,1,0.982356478691016,0.982356478691016,A,A
319,319,638,638,-319,-319,1,1,0.6218164244319097,0.6218164244319097,A,A
323,323,646,646,-323,-323,1,1,0.894204299513141,0.894204299513141,A,A
324,324,648,648,-324,-324,1,1,0.29936365179074487,0.29936365179074487,A,A
325,325,650,650,-325,-325,1,1,0.6191946502475879,0.6191946502475879,A,A
326,326,652,652,-326,-326,1,1,0.03690349437327689,0.03690349437327689,A,A
327,327,654,654,-327,-327,1,1,0.013631094690395917,0.013631094690395917,A,A
328,328,656,656,-328,-328,1,1,0.23767222590019765,0.23767222590019765,A,A
329,329,658,658,-329,-329,1,1,0.5612583125587796,0.5612583125587796,A,A
331,331,662,662,-331,-331,1,1,0.7384855172912195,0.7384855172912195,A,A
332,332,664,664,-332,-332,1,1,0.6711491342736402,0.6711491342736402,A,A
334,334,668,668,-334,-334,1,1,0.7723776452809665,0.7723776452809665,A,A
335,335,670,670,-335,-335,1,1,0.5591999188833854,0.5591999188833854,A,A
336,336,672,672,-336,-336,1,1,0.16350656450403,0.16350656450403,A,A
337,337,674,674,-337,-337,1,1,0.54553276576695,0.54553276576695,A,A
338,338,676,676,-338,-338,1,1,0.9469766201838017,0.9469766201838017,A,A
339,339,678,678,-339,-339,1,1,0.7743384898720793,0.7743384898720793,A,A
341,341,682,682,-341,-341,1,1,0.4676774791530549,0.4676774791530549,A,A
342,342,684,684,-342,-342,1,1,0.38318136964683136,0.38318136964683136,A,A
343,343,686,686,-343,-343,1,1,0.5590817017998385,0.5590817017998385,A,A
344,344,688,688,-344,-344,1,1,0.44629035622831603,0.44629035622831603,A,A
345,345,690,690,-345,-345,1,1,0.6480063183173667,0.6480063183173667,A,A
346,346,692,692,-346,-346,1,1,0.815148612887458,0.815148612887458,A,A
349,349,698,698,-349,-349,1,1,0.7263800352756986,0.7263800352756986,A,A
352,352,704,704,-352,-352,1,1,0.40752477742041615,0.40752477742041615,A,A
353,353,706,706,-353,-353,1,1,0.10496952066073251,0.10496952066073251,A,A
354,354,708,708,-354,-354,1,1,0.5420479648617993,0.5420479648617993,A,A
355,355,710,710,-355,-355,1,1,0.03444345273883331,0.03444345273883331,A,A
356,356,712,712,-356,-356,1,1,0.5019387836693746,0.5019387836693746,A,A
358,358,716,716,-358,-358,1,1,0.1606913529373336,0.1606913529373336,A,A
361,361,722,722,-361,-361,1,1,0.7248533491587095,0.7248533491587095,A,A
362,362,724,724,-362,-362,1,1,0.4449149795727033,0.4449149795727033,A,A
363,363,726,726,-363,-363,1,1,0.7439371159842326,0.7439371159842326,A,A
364,364,728,728,-364,-364,1,1,0.32026569031615437,0.32026569031615437,A,A
365,365,730,730,-365,-365,1,1,0.3694185732602101,0.3694185732602101,A,A
366,366,732,732,-366,-366,1,1,0.7883088102180945,0.7883088102180945,A,A
367,367,734,734,-367,-367,1,1,0.009431753548861166,0.009431753548861166,A,A
368,368,736,736,-368,-368,1,1,0.2569330702828112,0.2569330702828112,A,A
370,370,740,740,-370,-370,1,1,0.9240869149846782,0.9240869149846782,A,A
371,371,742,742,-371,-371,1,1,0.2989157114516917,0.2989157114516917,A,A
373,373,746,746,-373,-373,1,1,0.6130334048993574,0.6130334048993574,A,A
374,374,748,748,-374,-374,1,1,0.27561248698508045,0.27561248698508045,A,A
375,375,750,750,-375,-375,1,1,0.2709332579101378,0.2709332579101378,A,A
376,376,752,752,-376,-376,1,1,0.7325924887022567,0.7325924887022567,A,A
377,377,754,754,-377,-377,1,1,0.678657414669274,0.678657414669274,A,A
378,378,756,756,-378,-378,1,1,0.7890655754445042,0.7890655754445042,A,A
379,379,758,758,-379,-379,1,1,0.9768988801162586,0.9768988801162586,A,A
380,380,760,760,-380,-380,1,1,0.9472071687964871,0.9472071687964871,A,A
382,382,764,764,-382,-382,1,1,0.8207048737119446,0.8207048737119446,A,A
383,383,766,766,-383,-383,1,1,0.5903819938969364,0.5903819938969364,A,A
384,384,768,768,-384,-384,1,1,0.7634237045485027,0.7634237045485027,A,A
385,385,770,770,-385,-385,1,1,0.37516038885827363,0.37516038885827363,A,A
386,386,772,772,-386,-386,1,1,0.834891335025827,0.834891335025827,A,A
388,388,776,776,-388,-388,1,1,0.8535755010247054,0.8535755010247054,A,A
389,389,778,778,-389,-389,1,1,0.5018566589612492,0.5018566589612492,A,A
390,390,780,780,-390,-390,1,1,0.8419524347923883,0.8419524347923883,A,A
391,391,782,782,-391,-391,1,1,0.8299202942173313,0.8299202942173313,A,A
395,395,790,790,-395,-395,1,1,0.6267238074438565,0.6267238074438565,A,A
396,396,792,792,-396,-396,1,1,0.16492553218706107,0.16492553218706107,A,A
397,397,794,794,-397,-397,1,1,0.22107135132537903,0.22107135132537903,A,A
400,400,800,800,-400,-400,1,1,0.7185972171257222,0.7185972171257222,A,A
402,402,804,804,-402,-402,1,1,0.5074926719327431,0.5074926719327431,A,A
403,403,806,806,-403,-403,1,1,0.023153673121733442,0.023153673121733442,A,A
404,404,808,808,-404,-404,1,1,0.8037410046819706,0.8037410046819706,A,A
406,406,812,812,-406,-406,1,1,0.03982515835776257,0.03982515835776257,A,A
407,407,814,814,-407,-407,1,1,0.431160810420833,0.431160810420833,A,A
408,408,816,816,-408,-408,1,1,0.9268482330062446,0.9268482330062446,A,A
409,409,818,818,-409,-409,1,1,0.4778728315800652,0.4778728315800652,A,A
410,410,820,820,-410,-410,1,1,0.3485024391686822,0.3485024391686822,A,A
413,413,826,826,-413,-413,1,1,0.17540967161125165,0.17540967161125165,A,A
416,416,832,832,-416,-416,1,1,0.1528358092022869,0.1528358092022869,A,A
417,417,834,834,-417,-417,1,1,0.952849313046448,0.952849313046448,A,A
418,418,836,836,-418,-418,1,1,0.6426489537716861,0.6426489537716861,A,A
419,419,838,838,-419,-419,1,1,0.9036166532384952,0.9036166532384952,A,A
421,421,842,842,-421,-421,1,1,0.3100316077774148,0.3100316077774148,A,A
422,422,844,844,-422,-422,1,1,0.45421835131292554,0.45421835131292554,A,A
423,423,846,846,-423,-423,1,1,0.5346249499903778,0.5346249499903778,A,A
424,424,848,848,-424,-424,1,1,0.20761927554937865,0.20761927554937865,A,A
425,425,850,850,-425,-425,1,1,0.5561610000270887,0.5561610000270887,A,A
426,426,852,852,-426,-426,1,1,0.9851583240203498,0.9851583240203498,A,A
428,428,856,856,-428,-428,1,1,0.7502392296509925,0.7502392296509925,A,A
429,429,858,858,-429,-429,1,1,0.9552656214467534,0.9552656214467534,A,A
430,430,860,860,-430,-430,1,1,0.3503350747657311,0.3503350747657311,A,A
432,432,864,864,-432,-432,1,1,0.009732910446077048,0.009732910446077048,A,A
434,434,868,868,-434,-434,1,1,0.8136430768106707,0.8136430768106707,A,A
435,435,870,870,-435,-435,1,1,0.25992037883502095,0.25992037883502095,A,A
440,440,880,880,-440,-440,1,1,0.8062564737325466,0.8062564737325466,A,A
441,441,882,882,-441,-441,1,1,0.4250216874909256,0.4250216874909256,A,A
443,443,886,886,-443,-443,1,1,0.7840590074854497,0.7840590074854497,A,A
446,446,892,892,-446,-446,1,1,0.31679581611559915,0.31679581611559915,A,A
447,447,894,894,-447,-447,1,1,0.3900941042163707,0.3900941042163707,A,A
448,448,896,896,-448,-448,1,1,0.3833812594048591,0.3833812594048591,A,A
449,449,898,898,-449,-449,1,1,0.33145150487008557,0.33145150487008557,A,A
451,451,902,902,-451,-451,1,1,0.6900448584468925,0.6900448584468925,A,A
452,452,904,904,-452,-452,1,1,0.9512721208523415,0.9512721208523415,A,A
453,453,906,906,-453,-453,1,1,0.39516903429714223,0.39516903429714223,A,A
454,454,908,908,-454,-454,1,1,0.0389263465584716,0.0389263465584716,A,A
455,455,910,910,-455,-455,1,1,0.07106882344906051,0.07106882344906051,A,A
456,456,912,912,-456,-456,1,1,0.2996797103160549,0.2996797103160549,A,A
457,457,914,914,-457,-457,1,1,0.8249614345925032,0.8249614345925032,A,A
458,458,916,916,-458,-458,1,1,0.1899474468909772,0.1899474468909772,A,A
459,459,918,918,-459,-459,1,1,0.07771418984655731,0.07771418984655731,A,A
461,461,922,922,-461,-461,1,1,0.4499290343572615,0.4499290343572615,A,A
462,462,924,924,-462,-462,1,1,0.924962341235342,0.924962341235342,A,A
463,463,926,926,-463,-463,1,1,0.0612500986114628,0.0612500986114628,A,A
468,468,936,936,-468,-468,1,1,0.6320419259309551,0.6320419259309551,A,A
469,469,938,938,-469,-469,1,1,0.7205731002761605,0.7205731002761605,A,A
471,471,942,942,-471,-471,1,1,0.5898053222234434,0.5898053222234434,A,A
472,472,944,944,-472,-472,1,1,0.8910701817005761,0.8910701817005761,A,A
474,474,948,948,-474,-474,1,1,0.4303517072854365,0.4303517072854365,A,A
475,475,950,950,-475,-475,1,1,0.6823065203912035,0.6823065203912035,A,A
476,476,952,952,-476,-476,1,1,0.9543852723607621,0.9543852723607621,A,A
477,477,954,954,-477,-477,1,1,0.8632755345077058,0.8632755345077058,A,A
478,478,956,956,-478,-478,1,1,0.0764677232812021,0.0764677232812021,A,A
479,479,958,958,-479,-479,1,1,0.3544980651228179,0.3544980651228179,A,A
480,480,960,960,-480,-480,1,1,0.5593498357898485,0.5593498357898485,A,A
481,481,962,962,-481,-481,1,1,0.9789209221281394,0.9789209221281394,A,A
482,482,964,964,-482,-482,1,1,0.06140087961272889,0.06140087961272889,A,A
484,484,968,968,-484,-484,1,1,0.17371535718610254,0.17371535718610254,A,A
485,485,970,970,-485,-485,1,1,0.16032435665697564,0.16032435665697564,A,A
488,488,976,976,-488,-488,1,1,0.1517002214555101,0.1517002214555101,A,A
489,489,978,978,-489,-489,1,1,0.5969715985027864,0.5969715985027864,A,A
490,490,980,980,-490,-490,1,1,0.4208080615948371,0.4208080615948371,A,A
491,491,982,982,-491,-491,1,1,0.8172100839411818,0.8172100839411818,A,A
493,493,986,986,-493,-493,1,1,0.7545530318165024,0.7545530318165024,A,A
494,494,988,988,-494,-494,1,1,0.9509054252239306,0.9509054252239306,A,A
495,495,990,990,-495,-495,1,1,0.5353236586329564,0.5353236586329564,A,A
498,498,996,996,-498,-498,1,1,0.2460840155670766,0.2460840155670766,A,A
499,499,998,998,-499,-499,1,1,0.20833379708727728,0.20833379708727728,A,A
502,502,1004,1004,-502,-502,1,1,0.03006498819985337,0.03006498819985337,A,A
503,503,1006,1006,-503,-503,1,1,0.6131987069751813,0.6131987069751813,A,A
504,504,1008,1008,-504,-504,1,1,0.5602916286068992,0.5602916286068992,A,A
506,506,1012,1012,-506,-506,1,1,0.35094998811839995,0.35094998811839995,A,A
507,507,1014,1014,-507,-507,1,1,0.658448118779321,0.658448118779321,A,A
508,508,1016,1016,-508,-508,1,1,0.3060541151576892,0.3060541151576892,A,A
509,509,1018,1018,-509,-509,1,1,0.9782876846996086,0.9782876846996086,A,A
510,510,1020,1020,-510,-510,1,1,0.9412645886153952,0.9412645886153952,A,A
511,511,1022,1022,-511,-511,1,1,0.8614912588697449,0.8614912588697449,A,A
512,512,1024,1024,-512,-512,1,1,0.47198168067509827,0.47198168067509827,A,A
513,513,1026,1026,-513,-513,1,1,0.13234226764840074,0.13234226764840074,A,A
515,515,1030,1030,-515,-515,1,1,0.8930985053399444,0.8930985053399444,A,A
517,517,1034,1034,-517,-517,1,1,0.36597632780641964,0.36597632780641964,A,A
518,518,1036,1036,-518,-518,1,1,0.9857165955162195,0.9857165955162195,A,A
519,519,1038,1038,-519,-519,1,1,0.5357077042739103,0.5357077042739103,A,A
520,520,1040,1040,-520,-520,1,1,0.7182771415053689,0.7182771415053689,A,A
521,521,1042,1042,-521,-521,1,1,0.07899269555290411,0.07899269555290411,A,A
522,522,1044,1044,-522,-522,1,1,0.8576890768148474,0.8576890768148474,A,A
524,524,1048,1048,-524,-524,1,1,0.7056693188849676,0.7056693188849676,A,A
525,525,1050,1050,-525,-525,1,1,0.9390605661828081,0.9390605661828081,A,A
526,526,1052,1052,-526,-526,1,1,0.04350827513202393,0.04350827513202393,A,A
527,527,1054,1054,-527,-527,1,1,0.27448894741050056,0.27448894741050056,A,A
528,528,1056,1056,-528,-528,1,1,0.5059555869560317,0.5059555869560317,A,A
532,532,1064,1064,-532,-532,1,1,0.426165387847687,0.426165387847687,A,A
533,533,1066,1066,-533,-533,1,1,0.053151240462795735,0.053151240462795735,A,A
534,534,1068,1068,-534,-534,1,1,0.9270328491647392,0.9270328491647392,A,A
536,536,1072,1072,-536,-536,1,1,0.8286908529413636,0.8286908529413636,A,A
538,538,1076,1076,-538,-538,1,1,0.35997044809730716,0.35997044809730716,A,A
539,539,1078,1078,-539,-539,1,1,0.7331111547562698,0.7331111547562698,A,A
540,540,1080,1080,-540,-540,1,1,0.9606465123861373,0.9606465123861373,A,A
541,541,1082,1082,-541,-541,1,1,0.21179237568037101,0.21179237568037101,A,A
544,544,1088,1088,-544,-544,1,1,0.00725679704380644,0.00725679704380644,A,A
545,545,1090,1090,-545,-545,1,1,0.7315559512925025,0.7315559512925025,A,A
546,546,1092,1092,-546,-546,1,1,0.051703560852298214,0.051703560852298214,A,A
547,547,1094,1094,-547,-547,1,1,0.8257260063386134,0.8257260063386134,A,A
549,549,1098,1098,-549,-549,1,1,0.9842726595689034,0.9842726595689034,A,A
550,550,1100,1100,-550,-550,1,1,0.05435344307440804,0.05435344307440804,A,A
551,551,1102,1102,-551,-551,1,1,0.6848244790888292,0.6848244790888292,A,A
552,552,1104,1104,-552,-552,1,1,0.2051942797701125,0.2051942797701125,A,A
553,553,1106,1106,-553,-553,1,1,0.8067468593278214,0.8067468593278214,A,A
554,554,1108,1108,-554,-554,1,1,0.8566592861021727,0.8566592861021727,A,A
556,556,1112,1112,-556,-556,1,1,0.5754209097067302,0.5754209097067302,A,A
558,558,1116,1116,-558,-558,1,1,0.9489819250528171,0.9489819250528171,A,A
559,559,1118,1118,-559,-559,1,1,0.9962773211976599,0.9962773211976599,A,A
562,562,1124,1124,-562,-562,1,1,0.5301034602456073,0.5301034602456073,A,A
563,563,1126,1126,-563,-563,1,1,0.6552928487368456,0.6552928487368456,A,A
564,564,1128,1128,-564,-564,1,1,0.31358275145001824,0.31358275145001824,A,A
566,566,1132,1132,-566,-566,1,1,0.34330946008892615,0.34330946008892615,A,A
569,569,1138,1138,-569,-569,1,1,0.23033428742188866,0.23033428742188866,A,A
571,571,1142,1142,-571,-571,1,1,0.07024121476847278,0.07024121476847278,A,A
572,572,1144,1144,-572,-572,1,1,0.5729217985047085,0.5729217985047085,A,A
573,573,1146,1146,-573,-573,1,1,0.5299255872798355,0.5299255872798355,A,A
574,574,1148,1148,-574,-574,1,1,0.07457384053366523,0.07457384053366523,A,A
575,575,1150,1150,-575,-575,1,1,0.907647260543251,0.907647260543251,A,A
576,576,1152,1152,-576,-576,1,1,0.6215009865395288,0.6215009865395288,A,A
577,577,1154,1154,-577,-577,1,1,0.08000016006589106,0.08000016006589106,A,A
578,578,1156,1156,-578,-578,1,1,0.37597251677116494,0.37597251677116494,A,A
579,579,1158,1158,-579,-579,1,1,0.7987575215910023,0.7987575215910023,A,A
580,580,1160,1160,-580,-580,1,1,0.297088315887745,0.297088315887745,A,A
581,581,1162,1162,-581,-581,1,1,0.40676274545200697,0.40676274545200697,A,A
582,582,1164,1164,-582,-582,1,1,0.575937846819772,0.575937846819772,A,A
583,583,1166,1166,-583,-583,1,1,0.0493797501582901,0.0493797501582901,A,A
584,584,1168,1168,-584,-584,1,1,0.22428025535025042,0.22428025535025042,A,A
585,585,1170,1170,-585,-585,1,1,0.8628395894852418,0.8628395894852418,A,A
589,589,1178,1178,-589,-589,1,1,0.8506409055859523,0.8506409055859523,A,A
590,590,1180,1180,-590,-590,1,1,0.5347465464028762,0.5347465464028762,A,A
592,592,1184,1184,-592,-592,1,1,0.10687899719603156,0.10687899719603156,A,A
593,593,1186,1186,-593,-593,1,1,0.4540995174696383,0.4540995174696383,A,A
594,594,1188,1188,-594,-594,1,1,0.6700577944168072,0.6700577944168072,A,A
595,595,1190,1190,-595,-595,1,1,0.8137872277940899,0.8137872277940899,A,A
600,600,1200,1200,-600,-600,1,1,0.039971929780422855,0.039971929780422855,A,A
601,601,1202,1202,-601,-601,1,1,0.3454045383820389,0.3454045383820389,A,A
603,603,1206,1206,-603,-603,1,1,0.4646821792302497,0.4646821792302497,A,A
605,605,1210,1210,-605,-605,1,1,0.2002743517561667,0.2002743517561667,A,A
608,608,1216,1216,-608,-608,1,1,0.524569965028447,0.524569965028447,A,A
609,609,1218,1218,-609,-609,1,1,0.1642842600642056,0.1642842600642056,A,A
610,610,1220,1220,-610,-610,1,1,0.9991388514209734,0.9991388514209734,A,A
611,611,1222,1222,-611,-611,1,1,0.7303543210304436,0.7303543210304436,A,A
613,613,1226,1226,-613,-613,1,1,0.19645228897211253,0.19645228897211253,A,A
614,614,1228,1228,-614,-614,1,1,0.18219362224099178,0.18219362224099178,A,A
615,615,1230,1230,-615,-615,1,1,0.22410790038449224,0.22410790038449224,A,A
619,619,1238,1238,-619,-619,1,1,0.6384683103815639,0.6384683103815639,A,A
621,621,1242,1242,-621,-621,1,1,0.7124319516852103,0.7124319516852103,A,A
622,622,1244,1244,-622,-622,1,1,0.26936000876650923,0.26936000876650923,A,A
623,623,1246,1246,-623,-623,1,1,0.3676093511165056,0.3676093511165056,A,A
624,624,1248,1248,-624,-624,1,1,0.7868034611211059,0.7868034611211059,A,A
626,626,1252,1252,-626,-626,1,1,0.2064898226080546,0.2064898226080546,A,A
627,627,1254,1254,-627,-627,1,1,0.06734156382084833,0.06734156382084833,A,A
628,628,1256,1256,-628,-628,1,1,0.6327385287345331,0.6327385287345331,A,A
630,630,1260,1260,-630,-630,1,1,0.5553781353895069,0.5553781353895069,A,A
631,631,1262,1262,-631,-631,1,1,0.9779528052686185,0.9779528052686185,A,A
632,632,1264,1264,-632,-632,1,1,0.5339528360807427,0.5339528360807427,A,A
633,633,1266,1266,-633,-633,1,1,0.0908550890737495,0.0908550890737495,A,A
635,635,1270,1270,-635,-635,1,1,0.09230906670480576,0.09230906670480576,A,A
637,637,1274,1274,-637,-637,1,1,0.32362399118648677,0.32362399118648677,A,A
638,638,1276,1276,-638,-638,1,1,0.13096956094017087,0.13096956094017087,A,A
639,639,1278,1278,-639,-639,1,1,0.3406100379658129,0.3406100379658129,A,A
640,640,1280,1280,-640,-640,1,1,0.8053158748990111,0.8053158748990111,A,A
641,641,1282,1282,-641,-641,1,1,0.06848216038827504,0.06848216038827504,A,A
645,645,1290,1290,-645,-645,1,1,0.4542921613631532,0.4542921613631532,A,A
647,647,1294,1294,-647,-647,1,1,0.39895281771875835,0.39895281771875835,A,A
648,648,1296,1296,-648,-648,1,1,0.6595203601690224,0.6595203601690224,A,A
649,649,1298,1298,-649,-649,1,1,0.030841616474399203,0.030841616474399203,A,A
650,650,1300,1300,-650,-650,1,1,0.7730694686076269,0.7730694686076269,A,A
651,651,1302,1302,-651,-651,1,1,0.41430530973524404,0.41430530973524404,A,A
653,653,1306,1306,-653,-653,1,1,0.11079361247289166,0.11079361247289166,A,A
654,654,1308,1308,-654,-654,1,1,0.9473077574723736,0.9473077574723736,A,A
655,655,1310,1310,-655,-655,1,1,0.36030186759800353,0.36030186759800353,A,A
656,656,1312,1312,-656,-656,1,1,0.26922299621041834,0.26922299621041834,A,A
657,657,1314,1314,-657,-657,1,1,0.6618274567629842,0.6618274567629842,A,A
658,658,1316,1316,-658,-658,1,1,0.5600133232644029,0.5600133232644029,A,A
660,660,1320,1320,-660,-660,1,1,0.736639192638209,0.736639192638209,A,A
662,662,1324,1324,-662,-662,1,1,0.44165391870880966,0.44165391870880966,A,A
663,663,1326,1326,-663,-663,1,1,0.5273943249547693,0.5273943249547693,A,A
665,665,1330,1330,-665,-665,1,1,0.8095715098194166,0.8095715098194166,A,A
666,666,1332,1332,-666,-666,1,1,0.7897398894124356,0.7897398894124356,A,A
670,670,1340,1340,-670,-670,1,1,0.7902523713769659,0.7902523713769659,A,A
672,672,1344,1344,-672,-672,1,1,0.14860211053659755,0.14860211053659755,A,A
673,673,1346,1346,-673,-673,1,1,0.046636926221635844,0.046636926221635844,A,A
676,676,1352,1352,-676,-676,1,1,0.58976814949409,0.58976814949409,A,A
677,677,1354,1354,-677,-677,1,1,0.6291517447761883,0.6291517447761883,A,A
678,678,1356,1356,-678,-678,1,1,0.3838766087461166,0.3838766087461166,A,A
679,679,1358,1358,-679,-679,1,1,0.32677014705286356,0.32677014705286356,A,A
682,682,1364,1364,-682,-682,1,1,0.19327719611557548,0.19327719611557548,A,A
684,684,1368,1368,-684,-684,1,1,0.1227372814697213,0.1227372814697213,A,A
686,686,1372,1372,-686,-686,1,1,0.044985829017040735,0.044985829017040735,A,A
687,687,1374,1374,-687,-687,1,1,0.7729692600838747,0.7729692600838747,A,A
690,690,1380,1380,-690,-690,1,1,0.809321750042001,0.809321750042001,A,A
691,691,1382,1382,-691,-691,1,1,0.8409857380537643,0.8409857380537643,A,A
693,693,1386,1386,-693,-693,1,1,0.18406407849854156,0.18406407849854156,A,A
694,694,1388,1388,-694,-694,1,1,0.17338869173641702,0.17338869173641702,A,A
695,695,1390,1390,-695,-695,1,1,0.8748461618389791,0.8748461618389791,A,A
696,696,1392,1392,-696,-696,1,1,0.9557286713890774,0.9557286713890774,A,A
700,700,1400,1400,-700,-700,1,1,0.7501492673341359,0.7501492673341359,A,A
702,702,1404,1404,-702,-702,1,1,0.21188029257857377,0.21188029257857377,A,A
705,705,1410,1410,-705,-705,1,1,0.15265012214210083,0.15265012214210083,A,A
707,707,1414,1414,-707,-707,1,1,0.3127403855062435,0.3127403855062435,A,A
708,708,1416,1416,-708,-708,1,1,0.024516821100967978,0.024516821100967978,A,A
709,709,1418,1418,-709,-709,1,1,0.9819311469125114,0.9819311469125114,A,A
710,710,1420,1420,-710,-710,1,1,0.8715305479863846,0.8715305479863846,A,A
711,711,1422,1422,-711,-711,1,1,0.8428559462501215,0.8428559462501215,A,A
712,712,1424,1424,-712,-712,1,1,0.3322686129358515,0.3322686129358515,A,A
714,714,1428,1428,-714,-714,1,1,0.5946450533544192,0.5946450533544192,A,A
715,715,1430,1430,-715,-715,1,1,0.7969020571286004,0.7969020571286004,A,A
716,716,1432,1432,-716,-716,1,1,0.5577195808015879,0.5577195808015879,A,A
717,717,1434,1434,-717,-717,1,1,0.9628840465686813,0.9628840465686813,A,A
718,718,1436,1436,-718,-718,1,1,0.26025938523265246,0.26025938523265246,A,A
720,720,1440,1440,-720,-720,1,1,0.30037966961761,0.30037966961761,A,A
721,721,1442,1442,-721,-721,1,1,0.8885566524008132,0.8885566524008132,A,A
722,722,1444,1444,-722,-722,1,1,0.8643108185656064,0.8643108185656064,A,A
723,723,1446,1446,-723,-723,1,1,0.16901715284871965,0.16901715284871965,A,A
725,725,1450,1450,-725,-725,1,1,0.5818590004752366,0.5818590004752366,A,A
726,726,1452,1452,-726,-726,1,1,0.5134699330946384,0.5134699330946384,A,A
727,727,1454,1454,-727,-727,1,1,0.7966208151220936,0.7966208151220936,A,A
728,728,1456,1456,-728,-728,1,1,0.3377799078168393,0.3377799078168393,A,A
729,729,1458,1458,-729,-729,1,1,0.5561792457695677,0.5561792457695677,A,A
730,730,1460,1460,-730,-730,1,1,0.7907632920293803,0.7907632920293803,A,A
731,731,1462,1462,-731,-731,1,1,0.4433061964369187,0.4433061964369187,A,A
732,732,1464,1464,-732,-732,1,1,0.17704584860481443,0.17704584860481443,A,A
733,733,1466,1466,-733,-733,1,1,0.05448007361766927,0.05448007361766927,A,A
734,734,1468,1468,-734,-734,1,1,0.8924100516540633,0.8924100516540633,A,A
735,735,1470,1470,-735,-735,1,1,0.384842081826567,0.384842081826567,A,A
736,736,1472,1472,-736,-736,1,1,0.21549748006330216,0.21549748006330216,A,A
737,737,1474,1474,-737,-737,1,1,0.11766008071769851,0.11766008071769851,A,A
738,738,1476,1476,-738,-738,1,1,0.3371828459961995,0.3371828459961995,A,A
739,739,1478,1478,-739,-739,1,1,0.677380601839987,0.677380601839987,A,A
740,740,1480,1480,-740,-740,1,1,0.3370461269894819,0.3370461269894819,A,A
741,741,1482,1482,-741,-741,1,1,0.0888591415746608,0.0888591415746608,A,A
742,742,1484,1484,-742,-742,1,1,0.9834661444125509,0.9834661444125509,A,A
743,743,1486,1486,-743,-743,1,1,0.8884384387639467,0.8884384387639467,A,A
744,744,1488,1488,-744,-744,1,1,0.43938805425574157,0.43938805425574157,A,A
745,745,1490,1490,-745,-745,1,1,0.32093350541401,0.32093350541401,A,A
746,746,1492,1492,-746,-746,1,1,0.44953384894114723,0.44953384894114723,A,A
747,747,1494,1494,-747,-747,1,1,0.24224410913443728,0.24224410913443728,A,A
748,748,1496,1496,-748,-748,1,1,0.5014227535687902,0.5014227535687902,A,A
749,749,1498,1498,-749,-749,1,1,0.9668687645578863,0.9668687645578863,A,A
750,750,1500,1500,-750,-750,1,1,0.2951161755165179,0.2951161755165179,A,A
751,751,1502,1502,-751,-751,1,1,0.6121053871307213,0.6121053871307213,A,A
754,754,1508,1508,-754,-754,1,1,0.6661897046965777,0.6661897046965777,A,A
756,756,1512,1512,-756,-756,1,1,0.16533648639148024,0.16533648639148024,A,A
758,758,1516,1516,-758,-758,1,1,0.767238092405418,0.767238092405418,A,A
761,761,1522,1522,-761,-761,1,1,0.06976139429105344,0.06976139429105344,A,A
762,762,1524,1524,-762,-762,1,1,0.3499984465583802,0.3499984465583802,A,A
763,763,1526,1526,-763,-763,1,1,0.6769668595988896,0.6769668595988896,A,A
765,765,1530,1530,-765,-765,1,1,0.6019939977067417,0.6019939977067417,A,A
766,766,1532,1532,-766,-766,1,1,0.43013423392536143,0.43013423392536143,A,A
767,767,1534,1534,-767,-767,1,1,0.3722931444556249,0.3722931444556249,A,A
771,771,1542,1542,-771,-771,1,1,0.005335982248789617,0.005335982248789617,A,A
773,773,1546,1546,-773,-773,1,1,0.10406289620075193,0.10406289620075193,A,A
776,776,1552,1552,-776,-776,1,1,0.009759344445729123,0.009759344445729123,A,A
778,778,1556,1556,-778,-778,1,1,0.8849938703505023,0.8849938703505023,A,A
779,779,1558,1558,-779,-779,1,1,0.49426958023609846,0.49426958023609846,A,A
780,780,1560,1560,-780,-780,1,1,0.8932403690397421,0.8932403690397421,A,A
783,783,1566,1566,-783,-783,1,1,0.019644418582389633,0.019644418582389633,A,A
784,784,1568,1568,-784,-784,1,1,0.7255595921251184,0.7255595921251184,A,A
785,785,1570,1570,-785,-785,1,1,0.016616053339009396,0.016616053339009396,A,A
786,786,1572,1572,-786,-786,1,1,0.4681912313203088,0.4681912313203088,A,A
787,787,1574,1574,-787,-787,1,1,0.39979437965853926,0.39979437965853926,A,A
788,788,1576,1576,-788,-788,1,1,0.376104169953155,0.376104169953155,A,A
789,789,1578,1578,-789,-789,1,1,0.07883489383449871,0.07883489383449871,A,A
791,791,1582,1582,-791,-791,1,1,0.22463135642620125,0.22463135642620125,A,A
792,792,1584,1584,-792,-792,1,1,0.9733484615296845,0.9733484615296845,A,A
793,793,1586,1586,-793,-793,1,1,0.13963302800436117,0.13963302800436117,A,A
795,795,1590,1590,-795,-795,1,1,0.5395896651517039,0.5395896651517039,A,A
796,796,1592,1592,-796,-796,1,1,0.2406015998880502,0.2406015998880502,A,A
798,798,1596,1596,-798,-798,1,1,0.22945435521430813,0.22945435521430813,A,A
799,799,1598,1598,-799,-799,1,1,0.23385532211225446,0.23385532211225446,A,A
801,801,1602,1602,-801,-801,1,1,0.8764462327514305,0.8764462327514305,A,A
802,802,1604,1604,-802,-802,1,1,0.05517141132614933,0.05517141132614933,A,A
803,803,1606,1606,-803,-803,1,1,0.8732327110508629,0.8732327110508629,A,A
805,805,1610,1610,-805,-805,1,1,0.08815852685948344,0.08815852685948344,A,A
806,806,1612,1612,-806,-806,1,1,0.2857361724620323,0.2857361724620323,A,A
807,807,1614,1614,-807,-807,1,1,0.6325027992787061,0.6325027992787061,A,A
809,809,1618,1618,-809,-809,1,1,0.7238556095212819,0.7238556095212819,A,A
810,810,1620,1620,-810,-810,1,1,0.7950250410134003,0.7950250410134003,A,A
811,811,1622,1622,-811,-811,1,1,0.11377873137002126,0.11377873137002126,A,A
812,812,1624,1624,-812,-812,1,1,0.7660825399665527,0.7660825399665527,A,A
815,815,1630,1630,-815,-815,1,1,0.8440833293428097,0.8440833293428097,A,A
817,817,1634,1634,-817,-817,1,1,0.46605773069554024,0.46605773069554024,A,A
818,818,1636,1636,-818,-818,1,1,0.8304876551866441,0.8304876551866441,A,A
819,819,1638,1638,-819,-819,1,1,0.7633597467884877,0.7633597467884877,A,A
820,820,1640,1640,-820,-820,1,1,0.7001072328021962,0.7001072328021962,A,A
822,822,1644,1644,-822,-822,1,1,0.6015896373461491,0.6015896373461491,A,A
826,826,1652,1652,-826,-826,1,1,0.07097733825165331,0.07097733825165331,A,A
827,827,1654,1654,-827,-827,1,1,0.2508385477975068,0.2508385477975068,A,A
829,829,1658,1658,-829,-829,1,1,0.5622739041435653,0.5622739041435653,A,A
830,830,1660,1660,-830,-830,1,1,0.4569648131236064,0.4569648131236064,A,A
831,831,1662,1662,-831,-831,1,1,0.7379434045609077,0.7379434045609077,A,A
832,832,1664,1664,-832,-832,1,1,0.0738170409604012,0.0738170409604012,A,A
833,833,1666,1666,-833,-833,1,1,0.5095083949865293,0.5095083949865293,A,A
834,834,1668,1668,-834,-834,1,1,0.4760787731853534,0.4760787731853534,A,A
837,837,1674,1674,-837,-837,1,1,0.4734804374197361,0.4734804374197361,A,A
838,838,1676,1676,-838,-838,1,1,0.3392995651596943,0.3392995651596943,A,A
839,839,1678,1678,-839,-839,1,1,0.49581906820001587,0.49581906820001587,A,A
841,841,1682,1682,-841,-841,1,1,0.11418244800345634,0.11418244800345634,A,A
842,842,1684,1684,-842,-842,1,1,0.5799738643708684,0.5799738643708684,A,A
843,843,1686,1686,-843,-843,1,1,0.7291448804318605,0.7291448804318605,A,A
844,844,1688,1688,-844,-844,1,1,0.9193814529730828,0.9193814529730828,A,A
846,846,1692,1692,-846,-846,1,1,0.39168487717537537,0.39168487717537537,A,A
848,848,1696,1696,-848,-848,1,1,0.322430769022956,0.322430769022956,A,A
849,849,1698,1698,-849,-849,1,1,0.41689602296768336,0.41689602296768336,A,A
851,851,1702,1702,-851,-851,1,1,0.7211729287524056,0.7211729287524056,A,A
852,852,1704,1704,-852,-852,1,1,0.5802081695658857,0.5802081695658857,A,A
853,853,1706,1706,-853,-853,1,1,0.5511310240075796,0.5511310240075796,A,A
854,854,1708,1708,-854,-854,1,1,0.9449777400121517,0.9449777400121517,A,A
855,855,1710,1710,-855,-855,1,1,0.9128649029513242,0.9128649029513242,A,A
856,856,1712,1712,-856,-856,1,1,0.1627296085038955,0.1627296085038955,A,A
857,857,1714,1714,-857,-857,1,1,0.19265124779012133,0.19265124779012133,A,A
858,858,1716,1716,-858,-858,1,1,0.5555210029556992,0.5555210029556992,A,A
859,859,1718,1718,-859,-859,1,1,0.27135414157971793,0.27135414157971793,A,A
860,860,1720,1720,-860,-860,1,1,0.04124371547604033,0.04124371547604033,A,A
861,861,1722,1722,-861,-861,1,1,0.7051450354164431,0.7051450354164431,A,A
862,862,1724,1724,-862,-862,1,1,0.9897840150137442,0.9897840150137442,A,A
863,863,1726,1726,-863,-863,1,1,0.06728150267896782,0.06728150267896782,A,A
865,865,1730,1730,-865,-865,1,1,0.5624493434514002,0.5624493434514002,A,A
867,867,1734,1734,-867,-867,1,1,0.8421523752574732,0.8421523752574732,A,A
868,868,1736,1736,-868,-868,1,1,0.4565325717736727,0.4565325717736727,A,A
869,869,1738,1738,-869,-869,1,1,0.2913796963232761,0.2913796963232761,A,A
870,870,1740,1740,-870,-870,1,1,0.9683546774710977,0.9683546774710977,A,A
872,872,1744,1744,-872,-872,1,1,0.2451945604171707,0.2451945604171707,A,A
873,873,1746,1746,-873,-873,1,1,0.3044503990431475,0.3044503990431475,A,A
874,874,1748,1748,-874,-874,1,1,0.9628421217536561,0.9628421217536561,A,A
875,875,1750,1750,-875,-875,1,1,0.9420917520822463,0.9420917520822463,A,A
876,876,1752,1752,-876,-876,1,1,0.6924414048623273,0.6924414048623273,A,A
879,879,1758,1758,-879,-879,1,1,0.7440486340282879,0.7440486340282879,A,A
880,880,1760,1760,-880,-880,1,1,0.821956037008383,0.821956037008383,A,A
883,883,1766,1766,-883,-883,1,1,0.16074149324420728,0.16074149324420728,A,A
884,884,1768,1768,-884,-884,1,1,0.8264371713341339,0.8264371713341339,A,A
887,887,1774,1774,-887,-887,1,1,0.7363956046015158,0.7363956046015158,A,A
889,889,1778,1778,-889,-889,1,1,0.9033116510191067,0.9033116510191067,A,A
892,892,1784,1784,-892,-892,1,1,0.20533036646482183,0.20533036646482183,A,A
893,893,1786,1786,-893,-893,1,1,0.2046783851239362,0.2046783851239362,A,A
894,894,1788,1788,-894,-894,1,1,0.8625436724929626,0.8625436724929626,A,A
895,895,1790,1790,-895,-895,1,1,0.8626492226645293,0.8626492226645293,A,A
896,896,1792,1792,-896,-896,1,1,0.8090490228053578,0.8090490228053578,A,A
897,897,1794,1794,-897,-897,1,1,0.6831662237286785,0.6831662237286785,A,A
898,898,1796,1796,-898,-898,1,1,0.8350274338804652,0.8350274338804652,A,A
901,901,1802,1802,-901,-901,1,1,0.7266863698505613,0.7266863698505613,A,A
902,902,1804,1804,-902,-902,1,1,0.8805893543016017,0.8805893543016017,A,A
903,903,1806,1806,-903,-903,1,1,0.4298012037135258,0.4298012037135258,A,A
906,906,1812,1812,-906,-906,1,1,0.7859513314841425,0.7859513314841425,A,A
908,908,1816,1816,-908,-908,1,1,0.22381826811900063,0.22381826811900063,A,A
909,909,1818,1818,-909,-909,1,1,0.9072747821522914,0.9072747821522914,A,A
912,912,1824,1824,-912,-912,1,1,0.4532938446593624,0.4532938446593624,A,A
913,913,1826,1826,-913,-913,1,1,0.9270978943326763,0.9270978943326763,A,A
914,914,1828,1828,-914,-914,1,1,0.03092895409812324,0.03092895409812324,A,A
917,917,1834,1834,-917,-917,1,1,0.21469640508414412,0.21469640508414412,A,A
918,918,1836,1836,-918,-918,1,1,0.09168724982999421,0.09168724982999421,A,A
919,919,1838,1838,-919,-919,1,1,0.2537738149870916,0.2537738149870916,A,A
922,922,1844,1844,-922,-922,1,1,0.584197916722481,0.584197916722481,A,A
924,924,1848,1848,-924,-924,1,1,0.06020838218851121,0.06020838218851121,A,A
925,925,1850,1850,-925,-925,1,1,0.49644776486261355,0.49644776486261355,A,A
926,926,1852,1852,-926,-926,1,1,0.6837438293108188,0.6837438293108188,A,A
929,929,1858,1858,-929,-929,1,1,0.7891103747067955,0.7891103747067955,A,A
930,930,1860,1860,-930,-930,1,1,0.8287118780730128,0.8287118780730128,A,A
931,931,1862,1862,-931,-931,1,1,0.8596857550542464,0.8596857550542464,A,A
934,934,1868,1868,-934,-934,1,1,0.39695678974453197,0.39695678974453197,A,A
936,936,1872,1872,-936,-936,1,1,0.8575198426772369,0.8575198426772369,A,A
937,937,1874,1874,-937,-937,1,1,0.7281561925045402,0.7281561925045402,A,A
939,939,1878,1878,-939,-939,1,1,0.6537897511652627,0.6537897511652627,A,A
940,940,1880,1880,-940,-940,1,1,0.6240772970171617,0.6240772970171617,A,A
944,944,1888,1888,-944,-944,1,1,0.7506517330377793,0.7506517330377793,A,A
945,945,1890,1890,-945,-945,1,1,0.822771190003668,0.822771190003668,A,A
946,946,1892,1892,-946,-946,1,1,0.6016253859688949,0.6016253859688949,A,A
947,947,1894,1894,-947,-947,1,1,0.9128194264250631,0.9128194264250631,A,A
949,949,1898,1898,-949,-949,1,1,0.5145661420572911,0.5145661420572911,A,A
951,951,1902,1902,-951,-951,1,1,0.7891137472673396,0.7891137472673396,A,A
952,952,1904,1904,-952,-952,1,1,0.8401609642423521,0.8401609642423521,A,A
953,953,1906,1906,-953,-953,1,1,0.10850604562100263,0.10850604562100263,A,A
955,955,1910,1910,-955,-955,1,1,0.6566675014349809,0.6566675014349809,A,A
956,956,1912,1912,-956,-956,1,1,0.7173298493916235,0.7173298493916235,A,A
957,957,1914,1914,-957,-957,1,1,0.74377936983289,0.74377936983289,A,A
958,958,1916,1916,-958,-958,1,1,0.3478884838263492,0.3478884838263492,A,A
960,960,1920,1920,-960,-960,1,1,0.6349542154593262,0.6349542154593262,A,A
961,961,1922,1922,-961,-961,1,1,0.5472480110721717,0.5472480110721717,A,A
962,962,1924,1924,-962,-962,1,1,0.9075764108144846,0.9075764108144846,A,A
963,963,1926,1926,-963,-963,1,1,0.3477088015797719,0.3477088015797719,A,A
964,964,1928,1928,-964,-964,1,1,0.7758738889474356,0.7758738889474356,A,A
965,965,1930,1930,-965,-965,1,1,0.050687735759174735,0.050687735759174735,A,A
966,966,1932,1932,-966,-966,1,1,0.3811730258588334,0.3811730258588334,A,A
967,967,1934,1934,-967,-967,1,1,0.33676748886188534,0.33676748886188534,A,A
969,969,1938,1938,-969,-969,1,1,0.6882378795526554,0.6882378795526554,A,A
970,970,1940,1940,-970,-970,1,1,0.19711413112951914,0.19711413112951914,A,A
975,975,1950,1950,-975,-975,1,1,0.19455283100238374,0.19455283100238374,A,A
976,976,1952,1952,-976,-976,1,1,0.008882222039447996,0.008882222039447996,A,A
978,978,1956,1956,-978,-978,1,1,0.3127260647072718,0.3127260647072718,A,A
979,979,1958,1958,-979,-979,1,1,0.965155390402223,0.965155390402223,A,A
981,981,1962,1962,-981,-981,1,1,0.6378476222250233,0.6378476222250233,A,A
982,982,1964,1964,-982,-982,1,1,0.9964938798252502,0.9964938798252502,A,A
983,983,1966,1966,-983,-983,1,1,0.7747626977680618,0.7747626977680618,A,A
985,985,1970,1970,-985,-985,1,1,0.011981182727577977,0.011981182727577977,A,A
986,986,1972,1972,-986,-986,1,1,0.1497775949935195,0.1497775949935195,A,A
987,987,1974,1974,-987,-987,1,1,0.6032130540698609,0.6032130540698609,A,A
990,990,1980,1980,-990,-990,1,1,0.8827055855152461,0.8827055855152461,A,A
991,991,1982,1982,-991,-991,1,1,0.5720774695028356,0.5720774695028356,A,A
992,992,1984,1984,-992,-992,1,1,0.37918676677056473,0.37918676677056473,A,A
993,993,1986,1986,-993,-993,1,1,0.11884947320871753,0.11884947320871753,A,A
994,994,1988,1988,-994,-994,1,1,0.03577039097018875,0.03577039097018875,A,A
995,995,1990,1990,-995,-995,1,1,0.49557837062542986,0.49557837062542986,A,A
996,996,1992,1992,-996,-996,1,1,0.25884423201024076,0.25884423201024076,A,A
997,997,1994,1994,-997,-997,1,1,0.6227044977591177,0.6227044977591177,A,A
1000,1000,2000,2000,-1000,-1000,1,1,0.8394008834136725,0.8394008834136725,A,A
1001,1001,2002,2002,-1001,-1001,1,1,0.9436981164240409,0.9436981164240409,A,A
1002,1002,2004,2004,-1002,-1002,1,1,0.519816558214857,0.519816558214857,A,A
1003,1003,2006,2006,-1003,-1003,1,1,0.9526729974893353,0.9526729974893353,A,A
1004,1004,2008,2008,-1004,-1004,1,1,0.43707084517308714,0.43707084517308714,A,A
1005,1005,2010,2010,-1005,-1005,1,1,0.8534669694929289,0.8534669694929289,A,A
1007,1007,2014,2014,-1007,-1007,1,1,0.6464933657242043,0.6464933657242043,A,A
1008,1008,2016,2016,-1008,-1008,1,1,0.02164053881428929,0.02164053881428929,A,A
1009,1009,2018,2018,-1009,-1009,1,1,0.8510381313921026,0.8510381313921026,A,A
1010,1010,2020,2020,-1010,-1010,1,1,0.5822262098172036,0.5822262098172036,A,A
1012,1012,2024,2024,-1012,-1012,1,1,0.3863344912944716,0.3863344912944716,A,A
1014,1014,2028,2028,-1014,-1014,1,1,0.2617042246798509,0.2617042246798509,A,A
1015,1015,2030,2030,-1015,-1015,1,1,0.29584783410036664,0.29584783410036664,A,A
1018,1018,2036,2036,-1018,-1018,1,1,0.8597513921096792,0.8597513921096792,A,A
1019,1019,2038,2038,-1019,-1019,1,1,0.3465127655180993,0.3465127655180993,A,A
1021,1021,2042,2042,-1021,-1021,1,1,0.5727366309152728,0.5727366309152728,A,A
1023,1023,2046,2046,-1023,-1023,1,1,0.4438205361113037,0.4438205361113037,A,A
1024,1024,2048,2048,-1024,-1024,1,1,0.8124023642330431,0.8124023642330431,A,A
1025,1025,2050,2050,-1025,-1025,1,1,0.8474141997885166,0.8474141997885166,A,A
1028,1028,2056,2056,-1028,-1028,1,1,0.9532647838772838,0.9532647838772838,A,A
1029,1029,2058,2058,-1029,-1029,1,1,0.530489486486279,0.530489486486279,A,A
1030,1030,2060,2060,-1030,-1030,1,1,0.6295178555523135,0.6295178555523135,A,A
1031,1031,2062,2062,-1031,-1031,1,1,0.7671586397271567,0.7671586397271567,A,A
1032,1032,2064,2064,-1032,-1032,1,1,0.4851747737220261,0.4851747737220261,A,A
1035,1035,2070,2070,-1035,-1035,1,1,0.2669114862274953,0.2669114862274953,A,A
1036,1036,2072,2072,-1036,-1036,1,1,0.83984637027218,0.83984637027218,A,A
1037,1037,2074,2074,-1037,-1037,1,1,0.3584686115413106,0.3584686115413106,A,A
1038,1038,2076,2076,-1038,-1038,1,1,0.08226212582767833,0.08226212582767833,A,A
1043,1043,2086,2086,-1043,-1043,1,1,0.13231974342484198,0.13231974342484198,A,A
1044,1044,2088,2088,-1044,-1044,1,1,0.8666072935525874,0.8666072935525874,A,A
1045,1045,2090,2090,-1045,-1045,1,1,0.830760620395229,0.830760620395229,A,A
1046,1046,2092,2092,-1046,-1046,1,1,0.49639120963378747,0.49639120963378747,A,A
1047,1047,2094,2094,-1047,-1047,1,1,0.5583546881285381,0.5583546881285381,A,A
1048,1048,2096,2096,-1048,-1048,1,1,0.8785534487840505,0.8785534487840505,A,A
1049,1049,2098,2098,-1049,-1049,1,1,0.5669600648219867,0.5669600648219867,A,A
1050,1050,2100,2100,-1050,-1050,1,1,0.24061741784697954,0.24061741784697954,A,A
1052,1052,2104,2104,-1052,-1052,1,1,0.017341527110330213,0.017341527110330213,A,A
1054,1054,2108,2108,-1054,-1054,1,1,0.35230393921462244,0.35230393921462244,A,A
1055,1055,2110,2110,-1055,-1055,1,1,0.41742645472335715,0.41742645472335715,A,A
1056,1056,2112,2112,-1056,-1056,1,1,0.5501104320267146,0.5501104320267146,A,A
1057,1057,2114,2114,-1057,-1057,1,1,0.2663769096613041,0.2663769096613041,A,A
1059,1059,2118,2118,-1059,-1059,1,1,0.40560913500794515,0.40560913500794515,A,A
1060,1060,2120,2120,-1060,-1060,1,1,0.47168282167599973,0.47168282167599973,A,A
1061,1061,2122,2122,-1061,-1061,1,1,0.7009824576634798,0.7009824576634798,A,A
1062,1062,2124,2124,-1062,-1062,1,1,0.42198909598978895,0.42198909598978895,A,A
1068,1068,2136,2136,-1068,-1068,1,1,0.05536050775536705,0.05536050775536705,A,A
1069,1069,2138,2138,-1069,-1069,1,1,0.9302530621986045,0.9302530621986045,A,A
1072,1072,2144,2144,-1072,-1072,1,1,0.9144107891292365,0.9144107891292365,A,A
1075,1075,2150,2150,-1075,-1075,1,1,0.017066487023777444,0.017066487023777444,A,A
1076,1076,2152,2152,-1076,-1076,1,1,0.4490015453760494,0.4490015453760494,A,A
1077,1077,2154,2154,-1077,-1077,1,1,0.45825122703120436,0.45825122703120436,A,A
1078,1078,2156,2156,-1078,-1078,1,1,0.9295954352671468,0.9295954352671468,A,A
1080,1080,2160,2160,-1080,-1080,1,1,0.00898616394679308,0.00898616394679308,A,A
1081,1081,2162,2162,-1081,-1081,1,1,0.40114059031478855,0.40114059031478855,A,A
1082,1082,2164,2164,-1082,-1082,1,1,0.5196894051563903,0.5196894051563903,A,A
1083,1083,2166,2166,-1083,-1083,1,1,0.6232918899441282,0.6232918899441282,A,A
1085,1085,2170,2170,-1085,-1085,1,1,0.954095395837923,0.954095395837923,A,A
1087,1087,2174,2174,-1087,-1087,1,1,0.9757432053674628,0.9757432053674628,A,A
1088,1088,2176,2176,-1088,-1088,1,1,0.9002505174138594,0.9002505174138594,A,A
1089,1089,2178,2178,-1089,-1089,1,1,0.8727678071314781,0.8727678071314781,A,A
1090,1090,2180,2180,-1090,-1090,1,1,0.573696360407651,0.573696360407651,A,A
1092,1092,2184,2184,-1092,-1092,1,1,0.9879021905147221,0.9879021905147221,A,A
1093,1093,2186,2186,-1093,-1093,1,1,0.7320532354796343,0.7320532354796343,A,A
1094,1094,2188,2188,-1094,-1094,1,1,0.005797725385632946,0.005797725385632946,A,A
1096,1096,2192,2192,-1096,-1096,1,1,0.6540241665671158,0.6540241665671158,A,A
1097,1097,2194,2194,-1097,-1097,1,1,0.8856273562734744,0.8856273562734744,A,A
1098,1098,2196,2196,-1098,-1098,1,1,0.5517219295892265,0.5517219295892265,A,A
1099,1099,2198,2198,-1099,-1099,1,1,0.5651021454649225,0.5651021454649225,A,A
1100,1100,2200,2200,-1100,-1100,1,1,0.6441564823422662,0.6441564823422662,A,A
1101,1101,2202,2202,-1101,-1101,1,1,0.5601784770205294,0.5601784770205294,A,A
1102,1102,2204,2204,-1102,-1102,1,1,0.6092597601085884,0.6092597601085884,A,A
1103,1103,2206,2206,-1103,-1103,1,1,0.5473582290062506,0.5473582290062506,A,A
1105,1105,2210,2210,-1105,-1105,1,1,0.952835053538901,0.952835053538901,A,A
1106,1106,2212,2212,-1106,-1106,1,1,0.34700100542791656,0.34700100542791656,A,A
1108,1108,2216,2216,-1108,-1108,1,1,0.7241415637083172,0.7241415637083172,A,A
1109,1109,2218,2218,-1109,-1109,1,1,0.04302740556271223,0.04302740556271223,A,A
1110,1110,2220,2220,-1110,-1110,1,1,0.3266782630270193,0.3266782630270193,A,A
1113,1113,2226,2226,-1113,-1113,1,1,0.09708326876064166,0.09708326876064166,A,A
1114,1114,2228,2228,-1114,-1114,1,1,0.8702098233423187,0.8702098233423187,A,A
1115,1115,2230,2230,-1115,-1115,1,1,0.3880198894435265,0.3880198894435265,A,A
1116,1116,2232,2232,-1116,-1116,1,1,0.26260057947706805,0.26260057947706805,A,A
1118,1118,2236,2236,-1118,-1118,1,1,0.923133837653294,0.923133837653294,A,A
1121,1121,2242,2242,-1121,-1121,1,1,0.6538119184257596,0.6538119184257596,A,A
1122,1122,2244,2244,-1122,-1122,1,1,0.770851768247499,0.770851768247499,A,A
1123,1123,2246,2246,-1123,-1123,1,1,0.26573831777619406,0.26573831777619406,A,A
1125,1125,2250,2250,-1125,-1125,1,1,0.05206955883800335,0.05206955883800335,A,A
1129,1129,2258,2258,-1129,-1129,1,1,0.7309377349230501,0.7309377349230501,A,A
1130,1130,2260,2260,-1130,-1130,1,1,0.6620691540229507,0.6620691540229507,A,A
1132,1132,2264,2264,-1132,-1132,1,1,0.8558154634012365,0.8558154634012365,A,A
1133,1133,2266,2266,-1133,-1133,1,1,0.31590756074914206,0.31590756074914206,A,A
1136,1136,2272,2272,-1136,-1136,1,1,0.8069304027333316,0.8069304027333316,A,A
1137,1137,2274,2274,-1137,-1137,1,1,0.3623754480550443,0.3623754480550443,A,A
1138,1138,2276,2276,-1138,-1138,1,1,0.35552442942144524,0.35552442942144524,A,A
1140,1140,2280,2280,-1140,-1140,1,1,0.5427307573310365,0.5427307573310365,A,A
1141,1141,2282,2282,-1141,-1141,1,1,0.03419584703409495,0.03419584703409495,A,A
1142,1142,2284,2284,-1142,-1142,1,1,0.5195035044156102,0.5195035044156102,A,A
1143,1143,2286,2286,-1143,-1143,1,1,0.9845290624677744,0.9845290624677744,A,A
1145,1145,2290,2290,-1145,-1145,1,1,0.38363096284712384,0.38363096284712384,A,A
1146,1146,2292,2292,-1146,-1146,1,1,0.08051698103640614,0.08051698103640614,A,A
1147,1147,2294,2294,-1147,-1147,1,1,0.65434109373838,0.65434109373838,A,A
1148,1148,2296,2296,-1148,-1148,1,1,0.27922422243807177,0.27922422243807177,A,A
1151,1151,2302,2302,-1151,-1151,1,1,0.37824666540009955,0.37824666540009955,A,A
1155,1155,2310,2310,-1155,-1155,1,1,0.7427737693885316,0.7427737693885316,A,A
1156,1156,2312,2312,-1156,-1156,1,1,0.9657879568076521,0.9657879568076521,A,A
1159,1159,2318,2318,-1159,-1159,1,1,0.4793959801221592,0.4793959801221592,A,A
1160,1160,2320,2320,-1160,-1160,1,1,0.28270753259444803,0.28270753259444803,A,A
1162,1162,2324,2324,-1162,-1162,1,1,0.4209682648998666,0.4209682648998666,A,A
1163,1163,2326,2326,-1163,-1163,1,1,0.6412093686467913,0.6412093686467913,A,A
1164,1164,2328,2328,-1164,-1164,1,1,0.4095920312455318,0.4095920312455318,A,A
1165,1165,2330,2330,-1165,-1165,1,1,0.018107185998360587,0.018107185998360587,A,A
1166,1166,2332,2332,-1166,-1166,1,1,0.9613689233787422,0.9613689233787422,A,A
1167,1167,2334,2334,-1167,-1167,1,1,0.3850905731224512,0.3850905731224512,A,A
1168,1168,2336,2336,-1168,-1168,1,1,0.9296090129343119,0.9296090129343119,A,A
1170,1170,2340,2340,-1170,-1170,1,1,0.07290089949721634,0.07290089949721634,A,A
1171,1171,2342,2342,-1171,-1171,1,1,0.8866949523880501,0.8866949523880501,A,A
1172,1172,2344,2344,-1172,-1172,1,1,0.5417319714103711,0.5417319714103711,A,A
1173,1173,2346,2346,-1173,-1173,1,1,0.36886205204787503,0.36886205204787503,A,A
1174,1174,2348,2348,-1174,-1174,1,1,0.9970189607598873,0.9970189607598873,A,A
1175,1175,2350,2350,-1175,-1175,1,1,0.5859555017973327,0.5859555017973327,A,A
1176,1176,2352,2352,-1176,-1176,1,1,0.6975466520482863,0.6975466520482863,A,A
1177,1177,2354,2354,-1177,-1177,1,1,0.25619479770451103,0.25619479770451103,A,A
1178,1178,2356,2356,-1178,-1178,1,1,0.1288650194048827,0.1288650194048827,A,A
1180,1180,2360,2360,-1180,-1180,1,1,0.5310019016898861,0.5310019016898861,A,A
1181,1181,2362,2362,-1181,-1181,1,1,0.6546948057257341,0.6546948057257341,A,A
1182,1182,2364,2364,-1182,-1182,1,1,0.5490006089603832,0.5490006089603832,A,A
1183,1183,2366,2366,-1183,-1183,1,1,0.4189046407750536,0.4189046407750536,A,A
1185,1185,2370,2370,-1185,-1185,1,1,0.86048813807293,0.86048813807293,A,A
1186,1186,2372,2372,-1186,-1186,1,1,0.3104140722731804,0.3104140722731804,A,A
1187,1187,2374,2374,-1187,-1187,1,1,0.908052653405581,0.908052653405581,A,A
1188,1188,2376,2376,-1188,-1188,1,1,0.8924099617905672,0.8924099617905672,A,A
1190,1190,2380,2380,-1190,-1190,1,1,0.01925841496503189,0.01925841496503189,A,A
1192,1192,2384,2384,-1192,-1192,1,1,0.8092302177155157,0.8092302177155157,A,A
1193,1193,2386,2386,-1193,-1193,1,1,0.10949215360722564,0.10949215360722564,A,A
1195,1195,2390,2390,-1195,-1195,1,1,0.9411122760388687,0.9411122760388687,A,A
1196,1196,2392,2392,-1196,-1196,1,1,0.6007397561565143,0.6007397561565143,A,A
1198,1198,2396,2396,-1198,-1198,1,1,0.09889850683737256,0.09889850683737256,A,A
1199,1199,2398,2398,-1199,-1199,1,1,0.014065976239987177,0.014065976239987177,A,A
1204,1204,2408,2408,-1204,-1204,1,1,0.8710826164665462,0.8710826164665462,A,A
1206,1206,2412,2412,-1206,-1206,1,1,0.6488593302558607,0.6488593302558607,A,A
1207,1207,2414,2414,-1207,-1207,1,1,0.3136408368559953,0.3136408368559953,A,A
1209,1209,2418,2418,-1209,-1209,1,1,0.034213480727657175,0.034213480727657175,A,A
1211,1211,2422,2422,-1211,-1211,1,1,0.614638480552854,0.614638480552854,A,A
1214,1214,2428,2428,-1214,-1214,1,1,0.007101767839618467,0.007101767839618467,A,A
1215,1215,2430,2430,-1215,-1215,1,1,0.638997100721702,0.638997100721702,A,A
1216,1216,2432,2432,-1216,-1216,1,1,0.43213250048276053,0.43213250048276053,A,A
1220,1220,2440,2440,-1220,-1220,1,1,0.5894309295373432,0.5894309295373432,A,A
1221,1221,2442,2442,-1221,-1221,1,1,0.8198285371503953,0.8198285371503953,A,A
1223,1223,2446,2446,-1223,-1223,1,1,0.8508918200991392,0.8508918200991392,A,A
1224,1224,2448,2448,-1224,-1224,1,1,0.3008611557895906,0.3008611557895906,A,A
1225,1225,2450,2450,-1225,-1225,1,1,0.319081121655734,0.319081121655734,A,A
1226,1226,2452,2452,-1226,-1226,1,1,0.5954214520709484,0.5954214520709484,A,A
1227,1227,2454,2454,-1227,-1227,1,1,0.230650195566386,0.230650195566386,A,A
1230,1230,2460,2460,-1230,-1230,1,1,0.7528687512809328,0.7528687512809328,A,A
1231,1231,2462,2462,-1231,-1231,1,1,0.735015565285039,0.735015565285039,A,A
1232,1232,2464,2464,-1232,-1232,1,1,0.7325396990670666,0.7325396990670666,A,A
1234,1234,2468,2468,-1234,-1234,1,1,0.6592467334376352,0.6592467334376352,A,A
1235,1235,2470,2470,-1235,-1235,1,1,0.21106290718118037,0.21106290718118037,A,A
1236,1236,2472,2472,-1236,-1236,1,1,0.38035030387969937,0.38035030387969937,A,A
1237,1237,2474,2474,-1237,-1237,1,1,0.6832469437630739,0.6832469437630739,A,A
1238,1238,2476,2476,-1238,-1238,1,1,0.510024403878719,0.510024403878719,A,A
1239,1239,2478,2478,-1239,-1239,1,1,0.326395344895119,0.326395344895119,A,A
1240,1240,2480,2480,-1240,-1240,1,1,0.7001319279222099,0.7001319279222099,A,A
1241,1241,2482,2482,-1241,-1241,1,1,0.5723615240297675,0.5723615240297675,A,A
1243,1243,2486,2486,-1243,-1243,1,1,0.5025935609594048,0.5025935609594048,A,A
1247,1247,2494,2494,-1247,-1247,1,1,0.939562439132056,0.939562439132056,A,A
1248,1248,2496,2496,-1248,-1248,1,1,0.4368967124861203,0.4368967124861203,A,A
1250,1250,2500,2500,-1250,-1250,1,1,0.44216011258892174,0.44216011258892174,A,A
1251,1251,2502,2502,-1251,-1251,1,1,0.31067609432869503,0.31067609432869503,A,A
1252,1252,2504,2504,-1252,-1252,1,1,0.717003130351452,0.717003130351452,A,A
1253,1253,2506,2506,-1253,-1253,1,1,0.7657139820800832,0.7657139820800832,A,A
1256,1256,2512,2512,-1256,-1256,1,1,0.009904405076079148,0.009904405076079148,A,A
1257,1257,2514,2514,-1257,-1257,1,1,0.6664898339917398,0.6664898339917398,A,A
1258,1258,2516,2516,-1258,-1258,1,1,0.29811668199956354,0.29811668199956354,A,A
1259,1259,2518,2518,-1259,-1259,1,1,0.20909696498756358,0.20909696498756358,A,A
1260,1260,2520,2520,-1260,-1260,1,1,0.16558875789062388,0.16558875789062388,A,A
1261,1261,2522,2522,-1261,-1261,1,1,0.31587618261239003,0.31587618261239003,A,A
1263,1263,2526,2526,-1263,-1263,1,1,0.8617466973780892,0.8617466973780892,A,A
1265,1265,2530,2530,-1265,-1265,1,1,0.7519767944981288,0.7519767944981288,A,A
1267,1267,2534,2534,-1267,-1267,1,1,0.8866436146854644,0.8866436146854644,A,A
1268,1268,2536,2536,-1268,-1268,1,1,0.8916328883244009,0.8916328883244009,A,A
1269,1269,2538,2538,-1269,-1269,1,1,0.22441968040588234,0.22441968040588234,A,A
1270,1270,2540,2540,-1270,-1270,1,1,0.4104963642327383,0.4104963642327383,A,A
1273,1273,2546,2546,-1273,-1273,1,1,0.25978880063094323,0.25978880063094323,A,A
1274,1274,2548,2548,-1274,-1274,1,1,0.3315167262848775,0.3315167262848775,A,A
1275,1275,2550,2550,-1275,-1275,1,1,0.6956274546018438,0.6956274546018438,A,A
1276,1276,2552,2552,-1276,-1276,1,1,0.15141368549475964,0.15141368549475964,A,A
1277,1277,2554,2554,-1277,-1277,1,1,0.8777323688619063,0.8777323688619063,A,A
1278,1278,2556,2556,-1278,-1278,1,1,0.7400050451229842,0.7400050451229842,A,A
1279,1279,2558,2558,-1279,-1279,1,1,0.28618398813923307,0.28618398813923307,A,A
1280,1280,2560,2560,-1280,-1280,1,1,0.7761675970244574,0.7761675970244574,A,A
1282,1282,2564,2564,-1282,-1282,1,1,0.04519320208130506,0.04519320208130506,A,A
1284,1284,2568,2568,-1284,-1284,1,1,0.9086281338866843,0.9086281338866843,A,A
1287,1287,2574,2574,-1287,-1287,1,1,0.8861294362161114,0.8861294362161114,A,A
1288,1288,2576,2576,-1288,-1288,1,1,0.8102196727165565,0.8102196727165565,A,A
1290,1290,2580,2580,-1290,-1290,1,1,0.3280564536157409,0.3280564536157409,A,A
1292,1292,2584,2584,-1292,-1292,1,1,0.899244163452398,0.899244163452398,A,A
1293,1293,2586,2586,-1293,-1293,1,1,0.7476384182884076,0.7476384182884076,A,A
1294,1294,2588,2588,-1294,-1294,1,1,0.7474067557679512,0.7474067557679512,A,A
1295,1295,2590,2590,-1295,-1295,1,1,0.6780213338373584,0.6780213338373584,A,A
1296,1296,2592,2592,-1296,-1296,1,1,0.2655239172670354,0.2655239172670354,A,A
1297,1297,2594,2594,-1297,-1297,1,1,0.8030209435631811,0.8030209435631811,A,A
1298,1298,2596,2596,-1298,-1298,1,1,0.3236223637793014,0.3236223637793014,A,A
1299,1299,2598,2598,-1299,-1299,1,1,0.08253477958509303,0.08253477958509303,A,A
1300,1300,2600,2600,-1300,-1300,1,1,0.14183538316424538,0.14183538316424538,A,A
1302,1302,2604,2604,-1302,-1302,1,1,0.09737725692767918,0.09737725692767918,A,A
1303,1303,2606,2606,-1303,-1303,1,1,0.8427385564181009,0.8427385564181009,A,A
1305,1305,2610,2610,-1305,-1305,1,1,0.16562224756537125,0.16562224756537125,A,A
1306,1306,2612,2612,-1306,-1306,1,1,0.6564550762516631,0.6564550762516631,A,A
1309,1309,2618,2618,-1309,-1309,1,1,0.08597850236458815,0.08597850236458815,A,A
1310,1310,2620,2620,-1310,-1310,1,1,0.2764316374415252,0.2764316374415252,A,A
1311,1311,2622,2622,-1311,-1311,1,1,0.8534368501016054,0.8534368501016054,A,A
1312,1312,2624,2624,-1312,-1312,1,1,0.16479491385046197,0.16479491385046197,A,A
1317,1317,2634,2634,-1317,-1317,1,1,0.363638341243124,0.363638341243124,A,A
1319,1319,2638,2638,-1319,-1319,1,1,0.689613779931008,0.689613779931008,A,A
1320,1320,2640,2640,-1320,-1320,1,1,0.20104992609410077,0.20104992609410077,A,A
1323,1323,2646,2646,-1323,-1323,1,1,0.38495903974719803,0.38495903974719803,A,A
1324,1324,2648,2648,-1324,-1324,1,1,0.5965188473707411,0.5965188473707411,A,A
1325,1325,2650,2650,-1325,-1325,1,1,0.882698079318005,0.882698079318005,A,A
1326,1326,2652,2652,-1326,-1326,1,1,0.4654843662056878,0.4654843662056878,A,A
1327,1327,2654,2654,-1327,-1327,1,1,0.6838273652215583,0.6838273652215583,A,A
1334,1334,2668,2668,-1334,-1334,1,1,0.7742082629193414,0.7742082629193414,A,A
1335,1335,2670,2670,-1335,-1335,1,1,0.6613110479450107,0.6613110479450107,A,A
1337,1337,2674,2674,-1337,-1337,1,1,0.3321152504178412,0.3321152504178412,A,A
1339,1339,2678,2678,-1339,-1339,1,1,0.24661081368365656,0.24661081368365656,A,A
1341,1341,2682,2682,-1341,-1341,1,1,0.3357990154501982,0.3357990154501982,A,A
1342,1342,2684,2684,-1342,-1342,1,1,0.6125714912434576,0.6125714912434576,A,A
1343,1343,2686,2686,-1343,-1343,1,1,0.7722605766058341,0.7722605766058341,A,A
1346,1346,2692,2692,-1346,-1346,1,1,0.9468804745096414,0.9468804745096414,A,A
1347,1347,2694,2694,-1347,-1347,1,1,0.9544179142998731,0.9544179142998731,A,A
1348,1348,2696,2696,-1348,-1348,1,1,0.23903987755725564,0.23903987755725564,A,A
1349,1349,2698,2698,-1349,-1349,1,1,0.29511690800701373,0.29511690800701373,A,A
1350,1350,2700,2700,-1350,-1350,1,1,0.7978402972390728,0.7978402972390728,A,A
1352,1352,2704,2704,-1352,-1352,1,1,0.004968378662594364,0.004968378662594364,A,A
1354,1354,2708,2708,-1354,-1354,1,1,0.2506242334034475,0.2506242334034475,A,A
1355,1355,2710,2710,-1355,-1355,1,1,0.3996479389765242,0.3996479389765242,A,A
1356,1356,2712,2712,-1356,-1356,1,1,0.5816838647886269,0.5816838647886269,A,A
1357,1357,2714,2714,-1357,-1357,1,1,0.020355747209990893,0.020355747209990893,A,A
1358,1358,2716,2716,-1358,-1358,1,1,0.5441268868612871,0.5441268868612871,A,A
1359,1359,2718,2718,-1359,-1359,1,1,0.3663250002697407,0.3663250002697407,A,A
1361,1361,2722,2722,-1361,-1361,1,1,0.43231830119832015,0.43231830119832015,A,A
1362,1362,2724,2724,-1362,-1362,1,1,0.9322867637404522,0.9322867637404522,A,A
1365,1365,2730,2730,-1365,-1365,1,1,0.08802362830802224,0.08802362830802224,A,A
1366,1366,2732,2732,-1366,-1366,1,1,0.0923426808287493,0.0923426808287493,A,A
1368,1368,2736,2736,-1368,-1368,1,1,0.4623974201270832,0.4623974201270832,A,A
1370,1370,2740,2740,-1370,-1370,1,1,0.15551526805510718,0.15551526805510718,A,A
1372,1372,2744,2744,-1372,-1372,1,1,0.9753715903920442,0.9753715903920442,A,A
1373,1373,2746,2746,-1373,-1373,1,1,0.7812926686237686,0.7812926686237686,A,A
1376,1376,2752,2752,-1376,-1376,1,1,0.9839938380793389,0.9839938380793389,A,A
1377,1377,2754,2754,-1377,-1377,1,1,0.7675896387806751,0.7675896387806751,A,A
1378,1378,2756,2756,-1378,-1378,1,1,0.36839517065768435,0.36839517065768435,A,A
1379,1379,2758,2758,-1379,-1379,1,1,0.8866884464763815,0.8866884464763815,A,A
1380,1380,2760,2760,-1380,-1380,1,1,0.024743529137280063,0.024743529137280063,A,A
1382,1382,2764,2764,-1382,-1382,1,1,0.3030697778934274,0.3030697778934274,A,A
1383,1383,2766,2766,-1383,-1383,1,1,0.7890477610449783,0.7890477610449783,A,A
1386,1386,2772,2772,-1386,-1386,1,1,0.052285361487746984,0.052285361487746984,A,A
1387,1387,2774,2774,-1387,-1387,1,1,0.6905035655103365,0.6905035655103365,A,A
1388,1388,2776,2776,-1388,-1388,1,1,0.009584972101777889,0.009584972101777889,A,A
1389,1389,2778,2778,-1389,-1389,1,1,0.2376253896953996,0.2376253896953996,A,A
1390,1390,2780,2780,-1390,-1390,1,1,0.9679295808756648,0.9679295808756648,A,A
1391,1391,2782,2782,-1391,-1391,1,1,0.27437010235410764,0.27437010235410764,A,A
1393,1393,2786,2786,-1393,-1393,1,1,0.32821293082668057,0.32821293082668057,A,A
1394,1394,2788,2788,-1394,-1394,1,1,0.5592543595840791,0.5592543595840791,A,A
1397,1397,2794,2794,-1397,-1397,1,1,0.6203534717715955,0.6203534717715955,A,A
1399,1399,2798,2798,-1399,-1399,1,1,0.3161655493950686,0.3161655493950686,A,A
1400,1400,2800,2800,-1400,-1400,1,1,0.8897213573059041,0.8897213573059041,A,A
1401,1401,2802,2802,-1401,-1401,1,1,0.8674242207762006,0.8674242207762006,A,A
1402,1402,2804,2804,-1402,-1402,1,1,0.13653649504200227,0.13653649504200227,A,A
1404,1404,2808,2808,-1404,-1404,1,1,0.4979688304220621,0.4979688304220621,A,A
1406,1406,2812,2812,-1406,-1406,1,1,0.6985808281713393,0.6985808281713393,A,A
1408,1408,2816,2816,-1408,-1408,1,1,0.2704142757570186,0.2704142757570186,A,A
1409,1409,2818,2818,-1409,-1409,1,1,0.9760376704261513,0.9760376704261513,A,A
1410,1410,2820,2820,-1410,-1410,1,1,0.9741338839470775,0.9741338839470775,A,A
1411,1411,2822,2822,-1411,-1411,1,1,0.9179381156194387,0.9179381156194387,A,A
1412,1412,2824,2824,-1412,-1412,1,1,0.6124969418600353,0.6124969418600353,A,A
1414,1414,2828,2828,-1414,-1414,1,1,0.10846865873250955,0.10846865873250955,A,A
1416,1416,2832,2832,-1416,-1416,1,1,0.5296038613355,0.5296038613355,A,A
1417,1417,2834,2834,-1417,-1417,1,1,0.02692509925936759,0.02692509925936759,A,A
1418,1418,2836,2836,-1418,-1418,1,1,0.024368816673664973,0.024368816673664973,A,A
1419,1419,2838,2838,-1419,-1419,1,1,0.6604460692084784,0.6604460692084784,A,A
1421,1421,2842,2842,-1421,-1421,1,1,0.5956607708917158,0.5956607708917158,A,A
1422,1422,2844,2844,-1422,-1422,1,1,0.6970954608713208,0.6970954608713208,A,A
1424,1424,2848,2848,-1424,-1424,1,1,0.09147157125607963,0.09147157125607963,A,A
1425,1425,2850,2850,-1425,-1425,1,1,0.7612457093917244,0.7612457093917244,A,A
1427,1427,2854,2854,-1427,-1427,1,1,0.3309686464734739,0.3309686464734739,A,A
1431,1431,2862,2862,-1431,-1431,1,1,0.6638648225384117,0.6638648225384117,A,A
1434,1434,2868,2868,-1434,-1434,1,1,0.9527594173175555,0.9527594173175555,A,A
1436,1436,2872,2872,-1436,-1436,1,1,0.6829395946040244,0.6829395946040244,A,A
1437,1437,2874,2874,-1437,-1437,1,1,0.8542136635392755,0.8542136635392755,A,A
1438,1438,2876,2876,-1438,-1438,1,1,0.36371427468206063,0.36371427468206063,A,A
1439,1439,2878,2878,-1439,-1439,1,1,0.37697828165219727,0.37697828165219727,A,A
1441,1441,2882,2882,-1441,-1441,1,1,0.9327607716967484,0.9327607716967484,A,A
1444,1444,2888,2888,-1444,-1444,1,1,0.4198722612288657,0.4198722612288657,A,A
1445,1445,2890,2890,-1445,-1445,1,1,0.8444337174086928,0.8444337174086928,A,A
1446,1446,2892,2892,-1446,-1446,1,1,0.8546013688869314,0.8546013688869314,A,A
1447,1447,2894,2894,-1447,-1447,1,1,0.03629535398395056,0.03629535398395056,A,A
1448,1448,2896,2896,-1448,-1448,1,1,0.5757735847904645,0.5757735847904645,A,A
1449,1449,2898,2898,-1449,-1449,1,1,0.12183237328671959,0.12183237328671959,A,A
1450,1450,2900,2900,-1450,-1450,1,1,0.6319842650165255,0.6319842650165255,A,A
1452,1452,2904,2904,-1452,-1452,1,1,0.7734411995628534,0.7734411995628534,A,A
1453,1453,2906,2906,-1453,-1453,1,1,0.43694695656277116,0.43694695656277116,A,A
1454,1454,2908,2908,-1454,-1454,1,1,0.8050146153496467,0.8050146153496467,A,A
1455,1455,2910,2910,-1455,-1455,1,1,0.34515578734097996,0.34515578734097996,A,A
1459,1459,2918,2918,-1459,-1459,1,1,0.21479636197757757,0.21479636197757757,A,A
1460,1460,2920,2920,-1460,-1460,1,1,0.9490457403178368,0.9490457403178368,A,A
1461,1461,2922,2922,-1461,-1461,1,1,0.642057496645521,0.642057496645521,A,A
1462,1462,2924,2924,-1462,-1462,1,1,0.3703195844231397,0.3703195844231397,A,A
1463,1463,2926,2926,-1463,-1463,1,1,0.2187067091926962,0.2187067091926962,A,A
1464,1464,2928,2928,-1464,-1464,1,1,0.4028237363647521,0.4028237363647521,A,A
1465,1465,2930,2930,-1465,-1465,1,1,0.4383020544442353,0.4383020544442353,A,A
1466,1466,2932,2932,-1466,-1466,1,1,0.6867343420245275,0.6867343420245275,A,A
1468,1468,2936,2936,-1468,-1468,1,1,0.1774019088669031,0.1774019088669031,A,A
1469,1469,2938,2938,-1469,-1469,1,1,0.7690724847275675,0.7690724847275675,A,A
1470,1470,2940,2940,-1470,-1470,1,1,0.5882184252065543,0.5882184252065543,A,A
1471,1471,2942,2942,-1471,-1471,1,1,0.24266753041824263,0.24266753041824263,A,A
1472,1472,2944,2944,-1472,-1472,1,1,0.8517140162822318,0.8517140162822318,A,A
1474,1474,2948,2948,-1474,-1474,1,1,0.6434991919711737,0.6434991919711737,A,A
1475,1475,2950,2950,-1475,-1475,1,1,0.5299476735573972,0.5299476735573972,A,A
1476,1476,2952,2952,-1476,-1476,1,1,0.5916944943937259,0.5916944943937259,A,A
1477,1477,2954,2954,-1477,-1477,1,1,0.7890055456531859,0.7890055456531859,A,A
1478,1478,2956,2956,-1478,-1478,1,1,0.687003628644293,0.687003628644293,A,A
1479,1479,2958,2958,-1479,-1479,1,1,0.769510778802168,0.769510778802168,A,A
1481,1481,2962,2962,-1481,-1481,1,1,0.5718939183292927,0.5718939183292927,A,A
1482,1482,2964,2964,-1482,-1482,1,1,0.22748953228290247,0.22748953228290247,A,A
1483,1483,2966,2966,-1483,-1483,1,1,0.8519725768350616,0.8519725768350616,A,A
1484,1484,2968,2968,-1484,-1484,1,1,0.6695075447591402,0.6695075447591402,A,A
1485,1485,2970,2970,-1485,-1485,1,1,0.5421278721758009,0.5421278721758009,A,A
1486,1486,2972,2972,-1486,-1486,1,1,0.9664158482173663,0.9664158482173663,A,A
1487,1487,2974,2974,-1487,-1487,1,1,0.1424497714431081,0.1424497714431081,A,A
1488,1488,2976,2976,-1488,-1488,1,1,0.8541992752485109,0.8541992752485109,A,A
1490,1490,2980,2980,-1490,-1490,1,1,0.15452325632572028,0.15452325632572028,A,A
1491,1491,2982,2982,-1491,-1491,1,1,0.8632727675174866,0.8632727675174866,A,A
1492,1492,2984,2984,-1492,-1492,1,1,0.9862580483390652,0.9862580483390652,A,A
1493,1493,2986,2986,-1493,-1493,1,1,0.5836039295678518,0.5836039295678518,A,A
1494,1494,2988,2988,-1494,-1494,1,1,0.8959158151595832,0.8959158151595832,A,A
1495,1495,2990,2990,-1495,-1495,1,1,0.9357730080979935,0.9357730080979935,A,A
1497,1497,2994,2994,-1497,-1497,1,1,0.17592898010978797,0.17592898010978797,A,A
1501,1501,3002,3002,-1501,-1501,1,1,0.9324803305330005,0.9324803305330005,A,A
1504,1504,3008,3008,-1504,-1504,1,1,0.3957663314541594,0.3957663314541594,A,A
1505,1505,3010,3010,-1505,-1505,1,1,0.3112313427368387,0.3112313427368387,A,A
1508,1508,3016,3016,-1508,-1508,1,1,0.8302503903766947,0.8302503903766947,A,A
1509,1509,3018,3018,-1509,-1509,1,1,0.3281752013925153,0.3281752013925153,A,A
1513,1513,3026,3026,-1513,-1513,1,1,0.5296608661812332,0.5296608661812332,A,A
1515,1515,3030,3030,-1515,-1515,1,1,0.321857812498313,0.321857812498313,A,A
1524,1524,3048,3048,-1524,-1524,1,1,0.9411855942626163,0.9411855942626163,A,A
1526,1526,3052,3052,-1526,-1526,1,1,0.06688235614631621,0.06688235614631621,A,A
1528,1528,3056,3056,-1528,-1528,1,1,0.9358892092224953,0.9358892092224953,A,A
1529,1529,3058,3058,-1529,-1529,1,1,0.09540020152146245,0.09540020152146245,A,A
1530,1530,3060,3060,-1530,-1530,1,1,0.3077488214077788,0.3077488214077788,A,A
1531,1531,3062,3062,-1531,-1531,1,1,0.6726394836589329,0.6726394836589329,A,A
1532,1532,3064,3064,-1532,-1532,1,1,0.06745054547299667,0.06745054547299667,A,A
1533,1533,3066,3066,-1533,-1533,1,1,0.5547025329050291,0.5547025329050291,A,A
1534,1534,3068,3068,-1534,-1534,1,1,0.18987988959103763,0.18987988959103763,A,A
1535,1535,3070,3070,-1535,-1535,1,1,0.7929312970527601,0.7929312970527601,A,A
1536,1536,3072,3072,-1536,-1536,1,1,0.3129227481514164,0.3129227481514164,A,A
1538,1538,3076,3076,-1538,-1538,1,1,0.0751989567036162,0.0751989567036162,A,A
1539,1539,3078,3078,-1539,-1539,1,1,0.39166565377895723,0.39166565377895723,A,A
1540,1540,3080,3080,-1540,-1540,1,1,0.14770238942363167,0.14770238942363167,A,A
1544,1544,3088,3088,-1544,-1544,1,1,0.019950277024499474,0.019950277024499474,A,A
1545,1545,3090,3090,-1545,-1545,1,1,0.1755354834949039,0.1755354834949039,A,A
1549,1549,3098,3098,-1549,-1549,1,1,0.5041573558606979,0.5041573558606979,A,A
1551,1551,3102,3102,-1551,-1551,1,1,0.9704160751263841,0.9704160751263841,A,A
1552,1552,3104,3104,-1552,-1552,1,1,0.455534927410157,0.455534927410157,A,A
1553,1553,3106,3106,-1553,-1553,1,1,0.5510561334537836,0.5510561334537836,A,A
1556,1556,3112,3112,-1556,-1556,1,1,0.4462632044446674,0.4462632044446674,A,A
1558,1558,3116,3116,-1558,-1558,1,1,0.5137683926084498,0.5137683926084498,A,A
1559,1559,3118,3118,-1559,-1559,1,1,0.897897211542344,0.897897211542344,A,A
1560,1560,3120,3120,-1560,-1560,1,1,0.5528849266031082,0.5528849266031082,A,A
1561,1561,3122,3122,-1561,-1561,1,1,0.6337513193822119,0.6337513193822119,A,A
1564,1564,3128,3128,-1564,-1564,1,1,0.08512998181622378,0.08512998181622378,A,A
1566,1566,3132,3132,-1566,-1566,1,1,0.24847658616722534,0.24847658616722534,A,A
1567,1567,3134,3134,-1567,-1567,1,1,0.6027528676173795,0.6027528676173795,A,A
1568,1568,3136,3136,-1568,-1568,1,1,0.8803179828480598,0.8803179828480598,A,A
1569,1569,3138,3138,-1569,-1569,1,1,0.9705466706744531,0.9705466706744531,A,A
1572,1572,3144,3144,-1572,-1572,1,1,0.6638805736724165,0.6638805736724165,A,A
1573,1573,3146,3146,-1573,-1573,1,1,0.4648266711963571,0.4648266711963571,A,A
1574,1574,3148,3148,-1574,-1574,1,1,0.8235726559027196,0.8235726559027196,A,A
1576,1576,3152,3152,-1576,-1576,1,1,0.4661259911964948,0.4661259911964948,A,A
1577,1577,3154,3154,-1577,-1577,1,1,0.5211672936521694,0.5211672936521694,A,A
1578,1578,3156,3156,-1578,-1578,1,1,0.7074998178906917,0.7074998178906917,A,A
1580,1580,3160,3160,-1580,-1580,1,1,0.5870163831143757,0.5870163831143757,A,A
1581,1581,3162,3162,-1581,-1581,1,1,0.83594171703499,0.83594171703499,A,A
1582,1582,3164,3164,-1582,-1582,1,1,0.5306559890837435,0.5306559890837435,A,A
1583,1583,3166,3166,-1583,-1583,1,1,0.606551373808608,0.606551373808608,A,A
1584,1584,3168,3168,-1584,-1584,1,1,0.7072784012270489,0.7072784012270489,A,A
1585,1585,3170,3170,-1585,-1585,1,1,0.734373009626446,0.734373009626446,A,A
1586,1586,3172,3172,-1586,-1586,1,1,0.16020059941863463,0.16020059941863463,A,A
1588,1588,3176,3176,-1588,-1588,1,1,0.15169664310181852,0.15169664310181852,A,A
1589,1589,3178,3178,-1589,-1589,1,1,0.705229490352433,0.705229490352433,A,A
1590,1590,3180,3180,-1590,-1590,1,1,0.3765282571516527,0.3765282571516527,A,A
1591,1591,3182,3182,-1591,-1591,1,1,0.4843810481252414,0.4843810481252414,A,A
1593,1593,3186,3186,-1593,-1593,1,1,0.4699594202389271,0.4699594202389271,A,A
1595,1595,3190,3190,-1595,-1595,1,1,0.040223196869210165,0.040223196869210165,A,A
1596,1596,3192,3192,-1596,-1596,1,1,0.37084404291770867,0.37084404291770867,A,A
1597,1597,3194,3194,-1597,-1597,1,1,0.7234247637552221,0.7234247637552221,A,A
1598,1598,3196,3196,-1598,-1598,1,1,0.6368415612289919,0.6368415612289919,A,A
1600,1600,3200,3200,-1600,-1600,1,1,0.09291962271329557,0.09291962271329557,A,A
1601,1601,3202,3202,-1601,-1601,1,1,0.7730706966944744,0.7730706966944744,A,A
1602,1602,3204,3204,-1602,-1602,1,1,0.8696565791690756,0.8696565791690756,A,A
1603,1603,3206,3206,-1603,-1603,1,1,0.0730898104862654,0.0730898104862654,A,A
1604,1604,3208,3208,-1604,-1604,1,1,0.16332706950857434,0.16332706950857434,A,A
1606,1606,3212,3212,-1606,-1606,1,1,0.6468801869803195,0.6468801869803195,A,A
1609,1609,3218,3218,-1609,-1609,1,1,0.6730036921383072,0.6730036921383072,A,A
1610,1610,3220,3220,-1610,-1610,1,1,0.4494002653909972,0.4494002653909972,A,A
1613,1613,3226,3226,-1613,-1613,1,1,0.4935949869384758,0.4935949869384758,A,A
1614,1614,3228,3228,-1614,-1614,1,1,0.33807826873945257,0.33807826873945257,A,A
1615,1615,3230,3230,-1615,-1615,1,1,0.523645110283029,0.523645110283029,A,A
1616,1616,3232,3232,-1616,-1616,1,1,0.08552131804254537,0.08552131804254537,A,A
1617,1617,3234,3234,-1617,-1617,1,1,0.03647730909775815,0.03647730909775815,A,A
1618,1618,3236,3236,-1618,-1618,1,1,0.44498203441779216,0.44498203441779216,A,A
1619,1619,3238,3238,-1619,-1619,1,1,0.1648356629552512,0.1648356629552512,A,A
1621,1621,3242,3242,-1621,-1621,1,1,0.6234476433546069,0.6234476433546069,A,A
1622,1622,3244,3244,-1622,-1622,1,1,0.6864552455069827,0.6864552455069827,A,A
1624,1624,3248,3248,-1624,-1624,1,1,0.606307040175097,0.606307040175097,A,A
1626,1626,3252,3252,-1626,-1626,1,1,0.915425556223921,0.915425556223921,A,A
1627,1627,3254,3254,-1627,-1627,1,1,0.5803515031436528,0.5803515031436528,A,A
1628,1628,3256,3256,-1628,-1628,1,1,0.8468009220399121,0.8468009220399121,A,A
1630,1630,3260,3260,-1630,-1630,1,1,0.4098920849785893,0.4098920849785893,A,A
1631,1631,3262,3262,-1631,-1631,1,1,0.6485573245880312,0.6485573245880312,A,A
1632,1632,3264,3264,-1632,-1632,1,1,0.33863349108215723,0.33863349108215723,A,A
1633,1633,3266,3266,-1633,-1633,1,1,0.7722396935057788,0.7722396935057788,A,A
1634,1634,3268,3268,-1634,-1634,1,1,0.6948360096575417,0.6948360096575417,A,A
1635,1635,3270,3270,-1635,-1635,1,1,0.967458012179519,0.967458012179519,A,A
1636,1636,3272,3272,-1636,-1636,1,1,0.1833069172349926,0.1833069172349926,A,A
1638,1638,3276,3276,-1638,-1638,1,1,0.8597613145143805,0.8597613145143805,A,A
1641,1641,3282,3282,-1641,-1641,1,1,0.9011422511602691,0.9011422511602691,A,A
1643,1643,3286,3286,-1643,-1643,1,1,0.28511450535367766,0.28511450535367766,A,A
1644,1644,3288,3288,-1644,-1644,1,1,0.8252609744691636,0.8252609744691636,A,A
1645,1645,3290,3290,-1645,-1645,1,1,0.6794152401157615,0.6794152401157615,A,A
1650,1650,3300,3300,-1650,-1650,1,1,0.973138974298211,0.973138974298211,A,A
1651,1651,3302,3302,-1651,-1651,1,1,0.45505512038819695,0.45505512038819695,A,A
1652,1652,3304,3304,-1652,-1652,1,1,0.9439909737390202,0.9439909737390202,A,A
1655,1655,3310,3310,-1655,-1655,1,1,0.37635889761770924,0.37635889761770924,A,A
1656,1656,3312,3312,-1656,-1656,1,1,0.6367188473936883,0.6367188473936883,A,A
1657,1657,3314,3314,-1657,-1657,1,1,0.939038247749289,0.939038247749289,A,A
1659,1659,3318,3318,-1659,-1659,1,1,0.10616725581542052,0.10616725581542052,A,A
1661,1661,3322,3322,-1661,-1661,1,1,0.32049816215579385,0.32049816215579385,A,A
1662,1662,3324,3324,-1662,-1662,1,1,0.4328406367828542,0.4328406367828542,A,A
1663,1663,3326,3326,-1663,-1663,1,1,0.17041312741560155,0.17041312741560155,A,A
1664,1664,3328,3328,-1664,-1664,1,1,0.6745035882894739,0.6745035882894739,A,A
1665,1665,3330,3330,-1665,-1665,1,1,0.16374622520466442,0.16374622520466442,A,A
1666,1666,3332,3332,-1666,-1666,1,1,0.6950866490421206,0.6950866490421206,A,A
1668,1668,3336,3336,-1668,-1668,1,1,0.06735947036754852,0.06735947036754852,A,A
1669,1669,3338,3338,-1669,-1669,1,1,0.8922040229323701,0.8922040229323701,A,A
1670,1670,3340,3340,-1670,-1670,1,1,0.7386408776802375,0.7386408776802375,A,A
1671,1671,3342,3342,-1671,-1671,1,1,0.19560801007269435,0.19560801007269435,A,A
1672,1672,3344,3344,-1672,-1672,1,1,0.6601607479780415,0.6601607479780415,A,A
1673,1673,3346,3346,-1673,-1673,1,1,0.6771271182053117,0.6771271182053117,A,A
1676,1676,3352,3352,-1676,-1676,1,1,0.12350801000695111,0.12350801000695111,A,A
1677,1677,3354,3354,-1677,-1677,1,1,0.849510607578986,0.849510607578986,A,A
1678,1678,3356,3356,-1678,-1678,1,1,0.9536491905328045,0.9536491905328045,A,A
1681,1681,3362,3362,-1681,-1681,1,1,0.007961661234341944,0.007961661234341944,A,A
1683,1683,3366,3366,-1683,-1683,1,1,0.9821004490869545,0.9821004490869545,A,A
1684,1684,3368,3368,-1684,-1684,1,1,0.2211916812607303,0.2211916812607303,A,A
1685,1685,3370,3370,-1685,-1685,1,1,0.2262970815123373,0.2262970815123373,A,A
1687,1687,3374,3374,-1687,-1687,1,1,0.36802094773926497,0.36802094773926497,A,A
1688,1688,3376,3376,-1688,-1688,1,1,0.7380954957883777,0.7380954957883777,A,A
1689,1689,3378,3378,-1689,-1689,1,1,0.1268817344543718,0.1268817344543718,A,A
1690,1690,3380,3380,-1690,-1690,1,1,0.9235135946389198,0.9235135946389198,A,A
1691,1691,3382,3382,-1691,-1691,1,1,0.2166772139552886,0.2166772139552886,A,A
1693,1693,3386,3386,-1693,-1693,1,1,0.5894763589431622,0.5894763589431622,A,A
1694,1694,3388,3388,-1694,-1694,1,1,0.8080767470413586,0.8080767470413586,A,A
1697,1697,3394,3394,-1697,-1697,1,1,0.3919418199284421,0.3919418199284421,A,A
1700,1700,3400,3400,-1700,-1700,1,1,0.23107520109607493,0.23107520109607493,A,A
1701,1701,3402,3402,-1701,-1701,1,1,0.08310480426481182,0.08310480426481182,A,A
1702,1702,3404,3404,-1702,-1702,1,1,0.4799742880254757,0.4799742880254757,A,A
1703,1703,3406,3406,-1703,-1703,1,1,0.5805587594827994,0.5805587594827994,A,A
1704,1704,3408,3408,-1704,-1704,1,1,0.9991191086954441,0.9991191086954441,A,A
1705,1705,3410,3410,-1705,-1705,1,1,0.31795253398526413,0.31795253398526413,A,A
1706,1706,3412,3412,-1706,-1706,1,1,0.5189843296695799,0.5189843296695799,A,A
1708,1708,3416,3416,-1708,-1708,1,1,0.6193508584791556,0.6193508584791556,A,A
1709,1709,3418,3418,-1709,-1709,1,1,0.9548513149959161,0.9548513149959161,A,A
1710,1710,3420,3420,-1710,-1710,1,1,0.5688331089382067,0.5688331089382067,A,A
1711,1711,3422,3422,-1711,-1711,1,1,0.7663493430291268,0.7663493430291268,A,A
1712,1712,3424,3424,-1712,-1712,1,1,0.023856251850032928,0.023856251850032928,A,A
1713,1713,3426,3426,-1713,-1713,1,1,0.4517260923906399,0.4517260923906399,A,A
1715,1715,3430,3430,-1715,-1715,1,1,0.41350392073763265,0.41350392073763265,A,A
1716,1716,3432,3432,-1716,-1716,1,1,0.5310805115460789,0.5310805115460789,A,A
1718,1718,3436,3436,-1718,-1718,1,1,0.6905478011033693,0.6905478011033693,A,A
1719,1719,3438,3438,-1719,-1719,1,1,0.9638008592751904,0.9638008592751904,A,A
1720,1720,3440,3440,-1720,-1720,1,1,0.8993357845843626,0.8993357845843626,A,A
1721,1721,3442,3442,-1721,-1721,1,1,0.2213541750081336,0.2213541750081336,A,A
1722,1722,3444,3444,-1722,-1722,1,1,0.4698306152051547,0.4698306152051547,A,A
1726,1726,3452,3452,-1726,-1726,1,1,0.13211145554135761,0.13211145554135761,A,A
1727,1727,3454,3454,-1727,-1727,1,1,0.4241948748443497,0.4241948748443497,A,A
1728,1728,3456,3456,-1728,-1728,1,1,0.6831573293493708,0.6831573293493708,A,A
1730,1730,3460,3460,-1730,-1730,1,1,0.602950677519856,0.602950677519856,A,A
1732,1732,3464,3464,-1732,-1732,1,1,0.6802345597902167,0.6802345597902167,A,A
1733,1733,3466,3466,-1733,-1733,1,1,0.645549296926382,0.645549296926382,A,A
1734,1734,3468,3468,-1734,-1734,1,1,0.9856823932743453,0.9856823932743453,A,A
1736,1736,3472,3472,-1736,-1736,1,1,0.630988161384566,0.630988161384566,A,A
1738,1738,3476,3476,-1738,-1738,1,1,0.9128052250992914,0.9128052250992914,A,A
1739,1739,3478,3478,-1739,-1739,1,1,0.327518857256467,0.327518857256467,A,A
1740,1740,3480,3480,-1740,-1740,1,1,0.14595051425918848,0.14595051425918848,A,A
1742,1742,3484,3484,-1742,-1742,1,1,0.2944125893639117,0.2944125893639117,A,A
1743,1743,3486,3486,-1743,-1743,1,1,0.7321621705994261,0.7321621705994261,A,A
1746,1746,3492,3492,-1746,-1746,1,1,0.055177285145186605,0.055177285145186605,A,A
1747,1747,3494,3494,-1747,-1747,1,1,0.5904698848281087,0.5904698848281087,A,A
1748,1748,3496,3496,-1748,-1748,1,1,0.24056206132504032,0.24056206132504032,A,A
1750,1750,3500,3500,-1750,-1750,1,1,0.5692106735405412,0.5692106735405412,A,A
1751,1751,3502,3502,-1751,-1751,1,1,0.057652285341722065,0.057652285341722065,A,A
1752,1752,3504,3504,-1752,-1752,1,1,0.33228861503554585,0.33228861503554585,A,A
1753,1753,3506,3506,-1753,-1753,1,1,0.2550083618786513,0.2550083618786513,A,A
1754,1754,3508,3508,-1754,-1754,1,1,0.6611084903808346,0.6611084903808346,A,A
1755,1755,3510,3510,-1755,-1755,1,1,0.5666241136100454,0.5666241136100454,A,A
1756,1756,3512,3512,-1756,-1756,1,1,0.9051600459537045,0.9051600459537045,A,A
1758,1758,3516,3516,-1758,-1758,1,1,0.21053985418566923,0.21053985418566923,A,A
1760,1760,3520,3520,-1760,-1760,1,1,0.2930515875084606,0.2930515875084606,A,A
1764,1764,3528,3528,-1764,-1764,1,1,0.7336452738751119,0.7336452738751119,A,A
1765,1765,3530,3530,-1765,-1765,1,1,0.4546584465954976,0.4546584465954976,A,A
1766,1766,3532,3532,-1766,-1766,1,1,0.9855434331396827,0.9855434331396827,A,A
1768,1768,3536,3536,-1768,-1768,1,1,0.0722824290630456,0.0722824290630456,A,A
1769,1769,3538,3538,-1769,-1769,1,1,0.9269243198195444,0.9269243198195444,A,A
1770,1770,3540,3540,-1770,-1770,1,1,0.5433536653183896,0.5433536653183896,A,A
1771,1771,3542,3542,-1771,-1771,1,1,0.9229705237391328,0.9229705237391328,A,A
1772,1772,3544,3544,-1772,-1772,1,1,0.8727709742883908,0.8727709742883908,A,A
1774,1774,3548,3548,-1774,-1774,1,1,0.5316755466093728,0.5316755466093728,A,A
1776,1776,3552,3552,-1776,-1776,1,1,0.38742337630688684,0.38742337630688684,A,A
1777,1777,3554,3554,-1777,-1777,1,1,0.5057109052103254,0.5057109052103254,A,A
1778,1778,3556,3556,-1778,-1778,1,1,0.5364676566761873,0.5364676566761873,A,A
1779,1779,3558,3558,-1779,-1779,1,1,0.6732045015174335,0.6732045015174335,A,A
1780,1780,3560,3560,-1780,-1780,1,1,0.06590615116905663,0.06590615116905663,A,A
1781,1781,3562,3562,-1781,-1781,1,1,0.4254276922505288,0.4254276922505288,A,A
1782,1782,3564,3564,-1782,-1782,1,1,0.6637914523066742,0.6637914523066742,A,A
1783,1783,3566,3566,-1783,-1783,1,1,0.9550341436004985,0.9550341436004985,A,A
1785,1785,3570,3570,-1785,-1785,1,1,0.7542210657897184,0.7542210657897184,A,A
1786,1786,3572,3572,-1786,-1786,1,1,0.5269624387843885,0.5269624387843885,A,A
1788,1788,3576,3576,-1788,-1788,1,1,0.16123217000985024,0.16123217000985024,A,A
1789,1789,3578,3578,-1789,-1789,1,1,0.8668836412055324,0.8668836412055324,A,A
1791,1791,3582,3582,-1791,-1791,1,1,0.4946843826442069,0.4946843826442069,A,A
1792,1792,3584,3584,-1792,-1792,1,1,0.2201948018678438,0.2201948018678438,A,A
1793,1793,3586,3586,-1793,-1793,1,1,0.910413810989292,0.910413810989292,A,A
1795,1795,3590,3590,-1795,-1795,1,1,0.20825632823401374,0.20825632823401374,A,A
1798,1798,3596,3596,-1798,-1798,1,1,0.9067238404916425,0.9067238404916425,A,A
1799,1799,3598,3598,-1799,-1799,1,1,0.9531142772377286,0.9531142772377286,A,A
1800,1800,3600,3600,-1800,-1800,1,1,0.07848752472093012,0.07848752472093012,A,A
1801,1801,3602,3602,-1801,-1801,1,1,0.9926132617110691,0.9926132617110691,A,A
1802,1802,3604,3604,-1802,-1802,1,1,0.9544134615396381,0.9544134615396381,A,A
1803,1803,3606,3606,-1803,-1803,1,1,0.6477974391190868,0.6477974391190868,A,A
1804,1804,3608,3608,-1804,-1804,1,1,0.4716800333435003,0.4716800333435003,A,A
1805,1805,3610,3610,-1805,-1805,1,1,0.18513987923672703,0.18513987923672703,A,A
1810,1810,3620,3620,-1810,-1810,1,1,0.6614716152547626,0.6614716152547626,A,A
1811,1811,3622,3622,-1811,-1811,1,1,0.3131360646579948,0.3131360646579948,A,A
1812,1812,3624,3624,-1812,-1812,1,1,0.538455266238793,0.538455266238793,A,A
1814,1814,3628,3628,-1814,-1814,1,1,0.9654090664369791,0.9654090664369791,A,A
1815,1815,3630,3630,-1815,-1815,1,1,0.9692932650515171,0.9692932650515171,A,A
1816,1816,3632,3632,-1816,-1816,1,1,0.3066175248469335,0.3066175248469335,A,A
1820,1820,3640,3640,-1820,-1820,1,1,0.39919199304329944,0.39919199304329944,A,A
1822,1822,3644,3644,-1822,-1822,1,1,0.988816934533461,0.988816934533461,A,A
1823,1823,3646,3646,-1823,-1823,1,1,0.03516897247142614,0.03516897247142614,A,A
1824,1824,3648,3648,-1824,-1824,1,1,0.9162562729411368,0.9162562729411368,A,A
1825,1825,3650,3650,-1825,-1825,1,1,0.6117294106382596,0.6117294106382596,A,A
1828,1828,3656,3656,-1828,-1828,1,1,0.9718883183568378,0.9718883183568378,A,A
1829,1829,3658,3658,-1829,-1829,1,1,0.2826245348823605,0.2826245348823605,A,A
1831,1831,3662,3662,-1831,-1831,1,1,0.11748296826463478,0.11748296826463478,A,A
1833,1833,3666,3666,-1833,-1833,1,1,0.7987924940437099,0.7987924940437099,A,A
1834,1834,3668,3668,-1834,-1834,1,1,0.4748755221055446,0.4748755221055446,A,A
1836,1836,3672,3672,-1836,-1836,1,1,0.43053196351209244,0.43053196351209244,A,A
1839,1839,3678,3678,-1839,-1839,1,1,0.6741307886742445,0.6741307886742445,A,A
1841,1841,3682,3682,-1841,-1841,1,1,0.6725217525634334,0.6725217525634334,A,A
1842,1842,3684,3684,-1842,-1842,1,1,0.38174418886816075,0.38174418886816075,A,A
1843,1843,3686,3686,-1843,-1843,1,1,0.7725621804404321,0.7725621804404321,A,A
1845,1845,3690,3690,-1845,-1845,1,1,0.9513435339735716,0.9513435339735716,A,A
1847,1847,3694,3694,-1847,-1847,1,1,0.2526040062536443,0.2526040062536443,A,A
1848,1848,3696,3696,-1848,-1848,1,1,0.4684785718329494,0.4684785718329494,A,A
1850,1850,3700,3700,-1850,-1850,1,1,0.09814072365684245,0.09814072365684245,A,A
1851,1851,3702,3702,-1851,-1851,1,1,0.37802729985015926,0.37802729985015926,A,A
1853,1853,3706,3706,-1853,-1853,1,1,0.9330985806791643,0.9330985806791643,A,A
1858,1858,3716,3716,-1858,-1858,1,1,0.8120131111426999,0.8120131111426999,A,A
1860,1860,3720,3720,-1860,-1860,1,1,0.9128613465312353,0.9128613465312353,A,A
1862,1862,3724,3724,-1862,-1862,1,1,0.12199034714213353,0.12199034714213353,A,A
1863,1863,3726,3726,-1863,-1863,1,1,0.9560695370131472,0.9560695370131472,A,A
1864,1864,3728,3728,-1864,-1864,1,1,0.06016438947443925,0.06016438947443925,A,A
1865,1865,3730,3730,-1865,-1865,1,1,0.6647222760234254,0.6647222760234254,A,A
1867,1867,3734,3734,-1867,-1867,1,1,0.5471430246929814,0.5471430246929814,A,A
1869,1869,3738,3738,-1869,-1869,1,1,0.09104335891696957,0.09104335891696957,A,A
1871,1871,3742,3742,-1871,-1871,1,1,0.5943417939759144,0.5943417939759144,A,A
1873,1873,3746,3746,-1873,-1873,1,1,0.09349937952598242,0.09349937952598242,A,A
1874,1874,3748,3748,-1874,-1874,1,1,0.180761356258898,0.180761356258898,A,A
1875,1875,3750,3750,-1875,-1875,1,1,0.6932795576787727,0.6932795576787727,A,A
1876,1876,3752,3752,-1876,-1876,1,1,0.38820244889665334,0.38820244889665334,A,A
1878,1878,3756,3756,-1878,-1878,1,1,0.9112009952648356,0.9112009952648356,A,A
1880,1880,3760,3760,-1880,-1880,1,1,0.5677667994580042,0.5677667994580042,A,A
1882,1882,3764,3764,-1882,-1882,1,1,0.503584793668734,0.503584793668734,A,A
1883,1883,3766,3766,-1883,-1883,1,1,0.8408138246091176,0.8408138246091176,A,A
1885,1885,3770,3770,-1885,-1885,1,1,0.9539635999909925,0.9539635999909925,A,A
1886,1886,3772,3772,-1886,-1886,1,1,0.679885734760249,0.679885734760249,A,A
1887,1887,3774,3774,-1887,-1887,1,1,0.44367321643274404,0.44367321643274404,A,A
1890,1890,3780,3780,-1890,-1890,1,1,0.1948684021450814,0.1948684021450814,A,A
1891,1891,3782,3782,-1891,-1891,1,1,0.33214473194733085,0.33214473194733085,A,A
1892,1892,3784,3784,-1892,-1892,1,1,0.40857562751710885,0.40857562751710885,A,A
1894,1894,3788,3788,-1894,-1894,1,1,0.7601349005866322,0.7601349005866322,A,A
1895,1895,3790,3790,-1895,-1895,1,1,0.8169395778127655,0.8169395778127655,A,A
1896,1896,3792,3792,-1896,-1896,1,1,0.04084684579358411,0.04084684579358411,A,A
1901,1901,3802,3802,-1901,-1901,1,1,0.5377018842009144,0.5377018842009144,A,A
1902,1902,3804,3804,-1902,-1902,1,1,0.17407294504427884,0.17407294504427884,A,A
1906,1906,3812,3812,-1906,-1906,1,1,0.276225127454683,0.276225127454683,A,A
1907,1907,3814,3814,-1907,-1907,1,1,0.5087677992102988,0.5087677992102988,A,A
1908,1908,3816,3816,-1908,-1908,1,1,0.2543623600354489,0.2543623600354489,A,A
1910,1910,3820,3820,-1910,-1910,1,1,0.11115286073891939,0.11115286073891939,A,A
1912,1912,3824,3824,-1912,-1912,1,1,0.9298882355254885,0.9298882355254885,A,A
1914,1914,3828,3828,-1914,-1914,1,1,0.5807153737851637,0.5807153737851637,A,A
1915,1915,3830,3830,-1915,-1915,1,1,0.8415975861349929,0.8415975861349929,A,A
1916,1916,3832,3832,-1916,-1916,1,1,0.9314841115947514,0.9314841115947514,A,A
1919,1919,3838,3838,-1919,-1919,1,1,0.15147958824928232,0.15147958824928232,A,A
1921,1921,3842,3842,-1921,-1921,1,1,0.9715069034774207,0.9715069034774207,A,A
1923,1923,3846,3846,-1923,-1923,1,1,0.8955215340748105,0.8955215340748105,A,A
1924,1924,3848,3848,-1924,-1924,1,1,0.19621820521202626,0.19621820521202626,A,A
1925,1925,3850,3850,-1925,-1925,1,1,0.6022981086338753,0.6022981086338753,A,A
1926,1926,3852,3852,-1926,-1926,1,1,0.49244797829934006,0.49244797829934006,A,A
1927,1927,3854,3854,-1927,-1927,1,1,0.7077726274397098,0.7077726274397098,A,A
1928,1928,3856,3856,-1928,-1928,1,1,0.9787243636558854,0.9787243636558854,A,A
1929,1929,3858,3858,-1929,-1929,1,1,0.8614386764224766,0.8614386764224766,A,A
1930,1930,3860,3860,-1930,-1930,1,1,0.18673138462854455,0.18673138462854455,A,A
1932,1932,3864,3864,-1932,-1932,1,1,0.38189953828092027,0.38189953828092027,A,A
1933,1933,3866,3866,-1933,-1933,1,1,0.3923354169771175,0.3923354169771175,A,A
1934,1934,3868,3868,-1934,-1934,1,1,0.19465534881112867,0.19465534881112867,A,A
1935,1935,3870,3870,-1935,-1935,1,1,0.5812565030687853,0.5812565030687853,A,A
1936,1936,3872,3872,-1936,-1936,1,1,0.7149354557179358,0.7149354557179358,A,A
1938,1938,3876,3876,-1938,-1938,1,1,0.6300226260674405,0.6300226260674405,A,A
1941,1941,3882,3882,-1941,-1941,1,1,0.12256764555366051,0.12256764555366051,A,A
1942,1942,3884,3884,-1942,-1942,1,1,0.19425593120928453,0.19425593120928453,A,A
1943,1943,3886,3886,-1943,-1943,1,1,0.28267001036749506,0.28267001036749506,A,A
1944,1944,3888,3888,-1944,-1944,1,1,0.8278236061718143,0.8278236061718143,A,A
1946,1946,3892,3892,-1946,-1946,1,1,0.6944511321718986,0.6944511321718986,A,A
1947,1947,3894,3894,-1947,-1947,1,1,0.2934834344827334,0.2934834344827334,A,A
1949,1949,3898,3898,-1949,-1949,1,1,0.41681259077826593,0.41681259077826593,A,A
1950,1950,3900,3900,-1950,-1950,1,1,0.23864417048565623,0.23864417048565623,A,A
1954,1954,3908,3908,-1954,-1954,1,1,0.07522454865778105,0.07522454865778105,A,A
1955,1955,3910,3910,-1955,-1955,1,1,0.613523487687339,0.613523487687339,A,A
1956,1956,3912,3912,-1956,-1956,1,1,0.021486747329841904,0.021486747329841904,A,A
1958,1958,3916,3916,-1958,-1958,1,1,0.7714179930238514,0.7714179930238514,A,A
1959,1959,3918,3918,-1959,-1959,1,1,0.3402273098625448,0.3402273098625448,A,A
1960,1960,3920,3920,-1960,-1960,1,1,0.7529346548230224,0.7529346548230224,A,A
1962,1962,3924,3924,-1962,-1962,1,1,0.2520345186660663,0.2520345186660663,A,A
1963,1963,3926,3926,-1963,-1963,1,1,0.5869780402732033,0.5869780402732033,A,A
1964,1964,3928,3928,-1964,-1964,1,1,0.1988188226361156,0.1988188226361156,A,A
1969,1969,3938,3938,-1969,-1969,1,1,0.9723207603274087,0.9723207603274087,A,A
1971,1971,3942,3942,-1971,-1971,1,1,0.7951506706191053,0.7951506706191053,A,A
1972,1972,3944,3944,-1972,-1972,1,1,0.30491119929029387,0.30491119929029387,A,A
1973,1973,3946,3946,-1973,-1973,1,1,0.8974411071749718,0.8974411071749718,A,A
1975,1975,3950,3950,-1975,-1975,1,1,0.5285132247499348,0.5285132247499348,A,A
1976,1976,3952,3952,-1976,-1976,1,1,0.583547561838019,0.583547561838019,A,A
1977,1977,3954,3954,-1977,-1977,1,1,0.15112398703053753,0.15112398703053753,A,A
1978,1978,3956,3956,-1978,-1978,1,1,0.8946901087318754,0.8946901087318754,A,A
1983,1983,3966,3966,-1983,-1983,1,1,0.49077757760834395,0.49077757760834395,A,A
1986,1986,3972,3972,-1986,-1986,1,1,0.5963435592281614,0.5963435592281614,A,A
1987,1987,3974,3974,-1987,-1987,1,1,0.31639543157027383,0.31639543157027383,A,A
1989,1989,3978,3978,-1989,-1989,1,1,0.5124821693648663,0.5124821693648663,A,A
1990,1990,3980,3980,-1990,-1990,1,1,0.37296695447714134,0.37296695447714134,A,A
1993,1993,3986,3986,-1993,-1993,1,1,0.9558104774901678,0.9558104774901678,A,A
1994,1994,3988,3988,-1994,-1994,1,1,0.2696082176213761,0.2696082176213761,A,A
1995,1995,3990,3990,-1995,-1995,1,1,0.9093757611049985,0.9093757611049985,A,A
1996,1996,3992,3992,-1996,-1996,1,1,0.2122799682469355,0.2122799682469355,A,A
1997,1997,3994,3994,-1997,-1997,1,1,0.32877858474063326,0.32877858474063326,A,A
1998,1998,3996,3996,-1998,-1998,1,1,0.6224260904673257,0.6224260904673257,A,A
2000,2000,4000,4000,-2000,-2000,1,1,0.6920760465129538,0.6920760465129538,A,A
2003,2003,4006,4006,-2003,-2003,1,1,0.9020293304868983,0.9020293304868983,A,A
2005,2005,4010,4010,-2005,-2005,1,1,0.15497105459825233,0.15497105459825233,A,A
2008,2008,4016,4016,-2008,-2008,1,1,0.511636053573436,0.511636053573436,A,A
2009,2009,4018,4018,-2009,-2009,1,1,0.03908449915822154,0.03908449915822154,A,A
2010,2010,4020,4020,-2010,-2010,1,1,0.6174502231884595,0.6174502231884595,A,A
2011,2011,4022,4022,-2011,-2011,1,1,0.02969049098499632,0.02969049098499632,A,A
2012,2012,4024,4024,-2012,-2012,1,1,0.392666982827082,0.392666982827082,A,A
2014,2014,4028,4028,-2014,-2014,1,1,0.5201462226324929,0.5201462226324929,A,A
2015,2015,4030,4030,-2015,-2015,1,1,0.04040801141761741,0.04040801141761741,A,A
2018,2018,4036,4036,-2018,-2018,1,1,0.10359683997078328,0.10359683997078328,A,A
2019,2019,4038,4038,-2019,-2019,1,1,0.19374337812420417,0.19374337812420417,A,A
2020,2020,4040,4040,-2020,-2020,1,1,0.9443510968899013,0.9443510968899013,A,A
2021,2021,4042,4042,-2021,-2021,1,1,0.46849014280949375,0.46849014280949375,A,A
2022,2022,4044,4044,-2022,-2022,1,1,0.7373155984868632,0.7373155984868632,A,A
2026,2026,4052,4052,-2026,-2026,1,1,0.16431945696361383,0.16431945696361383,A,A
2029,2029,4058,4058,-2029,-2029,1,1,0.8548314669317515,0.8548314669317515,A,A
2030,2030,4060,4060,-2030,-2030,1,1,0.6696749009444805,0.6696749009444805,A,A
2031,2031,4062,4062,-2031,-2031,1,1,0.09915750097621046,0.09915750097621046,A,A
2034,2034,4068,4068,-2034,-2034,1,1,0.5510356033156381,0.5510356033156381,A,A
2036,2036,4072,4072,-2036,-2036,1,1,0.4888062760965157,0.4888062760965157,A,A
2037,2037,4074,4074,-2037,-2037,1,1,0.18588896318449033,0.18588896318449033,A,A
2038,2038,4076,4076,-2038,-2038,1,1,0.5864187187103068,0.5864187187103068,A,A
2039,2039,4078,4078,-2039,-2039,1,1,0.8505230630781971,0.8505230630781971,A,A
2040,2040,4080,4080,-2040,-2040,1,1,0.6332129320324322,0.6332129320324322,A,A
2041,2041,4082,4082,-2041,-2041,1,1,0.7682077223894709,0.7682077223894709,A,A
2042,2042,4084,4084,-2042,-2042,1,1,0.10641109694749529,0.10641109694749529,A,A
2044,2044,4088,4088,-2044,-2044,1,1,0.1642650866458556,0.1642650866458556,A,A
2047,2047,4094,4094,-2047,-2047,1,1,0.9042835303466485,0.9042835303466485,A,A
2048,2048,4096,4096,-2048,-2048,1,1,0.46452583449674234,0.46452583449674234,A,A
2049,2049,4098,4098,-2049,-2049,1,1,0.5628526468493731,0.5628526468493731,A,A
2051,2051,4102,4102,-2051,-2051,1,1,0.7482753722475324,0.7482753722475324,A,A
2053,2053,4106,4106,-2053,-2053,1,1,0.9046627554633557,0.9046627554633557,A,A
2054,2054,4108,4108,-2054,-2054,1,1,0.2452289330231182,0.2452289330231182,A,A
2055,2055,4110,4110,-2055,-2055,1,1,0.3738856601410966,0.3738856601410966,A,A
2057,2057,4114,4114,-2057,-2057,1,1,0.35918346586617456,0.35918346586617456,A,A
2059,2059,4118,4118,-2059,-2059,1,1,0.22680663810707813,0.22680663810707813,A,A
2060,2060,4120,4120,-2060,-2060,1,1,0.9726148226350092,0.9726148226350092,A,A
2061,2061,4122,4122,-2061,-2061,1,1,0.4299529519748322,0.4299529519748322,A,A
2063,2063,4126,4126,-2063,-2063,1,1,0.8628426423189842,0.8628426423189842,A,A
2064,2064,4128,4128,-2064,-2064,1,1,0.6512799177745784,0.6512799177745784,A,A
2065,2065,4130,4130,-2065,-2065,1,1,0.4955247842583108,0.4955247842583108,A,A
2067,2067,4134,4134,-2067,-2067,1,1,0.9575383579849276,0.9575383579849276,A,A
2068,2068,4136,4136,-2068,-2068,1,1,0.21972966335891964,0.21972966335891964,A,A
2069,2069,4138,4138,-2069,-2069,1,1,0.6188104716609718,0.6188104716609718,A,A
2071,2071,4142,4142,-2071,-2071,1,1,0.15866752999780054,0.15866752999780054,A,A
2072,2072,4144,4144,-2072,-2072,1,1,0.5815682714264501,0.5815682714264501,A,A
2074,2074,4148,4148,-2074,-2074,1,1,0.13603781907097745,0.13603781907097745,A,A
2075,2075,4150,4150,-2075,-2075,1,1,0.12397701076009726,0.12397701076009726,A,A
2079,2079,4158,4158,-2079,-2079,1,1,0.9887047521646695,0.9887047521646695,A,A
2080,2080,4160,4160,-2080,-2080,1,1,0.5371281621530575,0.5371281621530575,A,A
2083,2083,4166,4166,-2083,-2083,1,1,0.9250739121959811,0.9250739121959811,A,A
2084,2084,4168,4168,-2084,-2084,1,1,0.37172753689179006,0.37172753689179006,A,A
2090,2090,4180,4180,-2090,-2090,1,1,0.19036145825709072,0.19036145825709072,A,A
2092,2092,4184,4184,-2092,-2092,1,1,0.7968843356000147,0.7968843356000147,A,A
2093,2093,4186,4186,-2093,-2093,1,1,0.4584134806346578,0.4584134806346578,A,A
2094,2094,4188,4188,-2094,-2094,1,1,0.2275493795638367,0.2275493795638367,A,A
2095,2095,4190,4190,-2095,-2095,1,1,0.1497340850710892,0.1497340850710892,A,A
2096,2096,4192,4192,-2096,-2096,1,1,0.6199793730309391,0.6199793730309391,A,A
2097,2097,4194,4194,-2097,-2097,1,1,0.5001601482724661,0.5001601482724661,A,A
2098,2098,4196,4196,-2098,-2098,1,1,0.28781300824167033,0.28781300824167033,A,A
2099,2099,4198,4198,-2099,-2099,1,1,0.9485255371698378,0.9485255371698378,A,A
2103,2103,4206,4206,-2103,-2103,1,1,0.17226865257555002,0.17226865257555002,A,A
2104,2104,4208,4208,-2104,-2104,1,1,0.3921840496890653,0.3921840496890653,A,A
2105,2105,4210,4210,-2105,-2105,1,1,0.5492633972616967,0.5492633972616967,A,A
2107,2107,4214,4214,-2107,-2107,1,1,0.4019613690313628,0.4019613690313628,A,A
2109,2109,4218,4218,-2109,-2109,1,1,0.7231898306046227,0.7231898306046227,A,A
2113,2113,4226,4226,-2113,-2113,1,1,0.3819607269395564,0.3819607269395564,A,A
2115,2115,4230,4230,-2115,-2115,1,1,0.5864178341636732,0.5864178341636732,A,A
2116,2116,4232,4232,-2116,-2116,1,1,0.9903829861159332,0.9903829861159332,A,A
2117,2117,4234,4234,-2117,-2117,1,1,0.40792127620737306,0.40792127620737306,A,A
2118,2118,4236,4236,-2118,-2118,1,1,0.16849576671682098,0.16849576671682098,A,A
2119,2119,4238,4238,-2119,-2119,1,1,0.22348811840741178,0.22348811840741178,A,A
2122,2122,4244,4244,-2122,-2122,1,1,0.8688576668837227,0.8688576668837227,A,A
2123,2123,4246,4246,-2123,-2123,1,1,0.25469432613726906,0.25469432613726906,A,A
2124,2124,4248,4248,-2124,-2124,1,1,0.9108778393631544,0.9108778393631544,A,A
2125,2125,4250,4250,-2125,-2125,1,1,0.15227184889792944,0.15227184889792944,A,A
2128,2128,4256,4256,-2128,-2128,1,1,0.44623194311024117,0.44623194311024117,A,A
2129,2129,4258,4258,-2129,-2129,1,1,0.8115346674401637,0.8115346674401637,A,A
2130,2130,4260,4260,-2130,-2130,1,1,0.8903138700787162,0.8903138700787162,A,A
2132,2132,4264,4264,-2132,-2132,1,1,0.9048795444853772,0.9048795444853772,A,A
2135,2135,4270,4270,-2135,-2135,1,1,0.08343227514126861,0.08343227514126861,A,A
2136,2136,4272,4272,-2136,-2136,1,1,0.8862017307920507,0.8862017307920507,A,A
2139,2139,4278,4278,-2139,-2139,1,1,0.9013841969574511,0.9013841969574511,A,A
2140,2140,4280,4280,-2140,-2140,1,1,0.019775878221396814,0.019775878221396814,A,A
2141,2141,4282,4282,-2141,-2141,1,1,0.9956565607449973,0.9956565607449973,A,A
2142,2142,4284,4284,-2142,-2142,1,1,0.6232053930501994,0.6232053930501994,A,A
2143,2143,4286,4286,-2143,-2143,1,1,0.43719815352378943,0.43719815352378943,A,A
2144,2144,4288,4288,-2144,-2144,1,1,0.5251674257666805,0.5251674257666805,A,A
2145,2145,4290,4290,-2145,-2145,1,1,0.9606080476232203,0.9606080476232203,A,A
2146,2146,4292,4292,-2146,-2146,1,1,0.7962361923109009,0.7962361923109009,A,A
2148,2148,4296,4296,-2148,-2148,1,1,0.36225098711200154,0.36225098711200154,A,A
2149,2149,4298,4298,-2149,-2149,1,1,0.24654726468621269,0.24654726468621269,A,A
2150,2150,4300,4300,-2150,-2150,1,1,0.43638426445459666,0.43638426445459666,A,A
2151,2151,4302,4302,-2151,-2151,1,1,0.3244299588889442,0.3244299588889442,A,A
2153,2153,4306,4306,-2153,-2153,1,1,0.4896964537429205,0.4896964537429205,A,A
2155,2155,4310,4310,-2155,-2155,1,1,0.9240209407803606,0.9240209407803606,A,A
2158,2158,4316,4316,-2158,-2158,1,1,0.8562013472995553,0.8562013472995553,A,A
2159,2159,4318,4318,-2159,-2159,1,1,0.9410849271674921,0.9410849271674921,A,A
2160,2160,4320,4320,-2160,-2160,1,1,0.5093864177025549,0.5093864177025549,A,A
2164,2164,4328,4328,-2164,-2164,1,1,0.4207778617272512,0.4207778617272512,A,A
2165,2165,4330,4330,-2165,-2165,1,1,0.868113657740247,0.868113657740247,A,A
2166,2166,4332,4332,-2166,-2166,1,1,0.6098014505255229,0.6098014505255229,A,A
2168,2168,4336,4336,-2168,-2168,1,1,0.25600008041373823,0.25600008041373823,A,A
2169,2169,4338,4338,-2169,-2169,1,1,0.36652639946655885,0.36652639946655885,A,A
2170,2170,4340,4340,-2170,-2170,1,1,0.015362985618663338,0.015362985618663338,A,A
2172,2172,4344,4344,-2172,-2172,1,1,0.9341609857632943,0.9341609857632943,A,A
2173,2173,4346,4346,-2173,-2173,1,1,0.3195963359822085,0.3195963359822085,A,A
2174,2174,4348,4348,-2174,-2174,1,1,0.34505460662560095,0.34505460662560095,A,A
2175,2175,4350,4350,-2175,-2175,1,1,0.8454262456937516,0.8454262456937516,A,A
2176,2176,4352,4352,-2176,-2176,1,1,0.11375639937190096,0.11375639937190096,A,A
2184,2184,4368,4368,-2184,-2184,1,1,0.6801787568099819,0.6801787568099819,A,A
2186,2186,4372,4372,-2186,-2186,1,1,0.364748030599368,0.364748030599368,A,A
2187,2187,4374,4374,-2187,-2187,1,1,0.408107639336447,0.408107639336447,A,A
2189,2189,4378,4378,-2189,-2189,1,1,0.666644204040869,0.666644204040869,A,A
2190,2190,4380,4380,-2190,-2190,1,1,0.8591879026343555,0.8591879026343555,A,A
2191,2191,4382,4382,-2191,-2191,1,1,0.3894524173755852,0.3894524173755852,A,A
2192,2192,4384,4384,-2192,-2192,1,1,0.4375121405311774,0.4375121405311774,A,A
2195,2195,4390,4390,-2195,-2195,1,1,0.09576545741484843,0.09576545741484843,A,A
2196,2196,4392,4392,-2196,-2196,1,1,0.11647894748410548,0.11647894748410548,A,A
2197,2197,4394,4394,-2197,-2197,1,1,0.8652068725450855,0.8652068725450855,A,A
2198,2198,4396,4396,-2198,-2198,1,1,0.043803898748470904,0.043803898748470904,A,A
2202,2202,4404,4404,-2202,-2202,1,1,0.3811706675950851,0.3811706675950851,A,A
2203,2203,4406,4406,-2203,-2203,1,1,0.13442387292164215,0.13442387292164215,A,A
2204,2204,4408,4408,-2204,-2204,1,1,0.6154427843779913,0.6154427843779913,A,A
2206,2206,4412,4412,-2206,-2206,1,1,0.22041899908405316,0.22041899908405316,A,A
2207,2207,4414,4414,-2207,-2207,1,1,0.7024663785915727,0.7024663785915727,A,A
2208,2208,4416,4416,-2208,-2208,1,1,0.9942700895910132,0.9942700895910132,A,A
2209,2209,4418,4418,-2209,-2209,1,1,0.3005301657955931,0.3005301657955931,A,A
2211,2211,4422,4422,-2211,-2211,1,1,0.7052948150613724,0.7052948150613724,A,A
2212,2212,4424,4424,-2212,-2212,1,1,0.8305811159100519,0.8305811159100519,A,A
2213,2213,4426,4426,-2213,-2213,1,1,0.3310740237429085,0.3310740237429085,A,A
2214,2214,4428,4428,-2214,-2214,1,1,0.06309626711925698,0.06309626711925698,A,A
2215,2215,4430,4430,-2215,-2215,1,1,0.38169467712978367,0.38169467712978367,A,A
2217,2217,4434,4434,-2217,-2217,1,1,0.2740820706916216,0.2740820706916216,A,A
2218,2218,4436,4436,-2218,-2218,1,1,0.22036609614170655,0.22036609614170655,A,A
2219,2219,4438,4438,-2219,-2219,1,1,0.168217469894407,0.168217469894407,A,A
2220,2220,4440,4440,-2220,-2220,1,1,0.39776255248836645,0.39776255248836645,A,A
2221,2221,4442,4442,-2221,-2221,1,1,0.1311318536272691,0.1311318536272691,A,A
2222,2222,4444,4444,-2222,-2222,1,1,0.035090927285217455,0.035090927285217455,A,A
2223,2223,4446,4446,-2223,-2223,1,1,0.5832974219420805,0.5832974219420805,A,A
2224,2224,4448,4448,-2224,-2224,1,1,0.3630826690282398,0.3630826690282398,A,A
2226,2226,4452,4452,-2226,-2226,1,1,0.7205344716986775,0.7205344716986775,A,A
2227,2227,4454,4454,-2227,-2227,1,1,0.28967581238257933,0.28967581238257933,A,A
2228,2228,4456,4456,-2228,-2228,1,1,0.5294853641284262,0.5294853641284262,A,A
2229,2229,4458,4458,-2229,-2229,1,1,0.13575200988301828,0.13575200988301828,A,A
2230,2230,4460,4460,-2230,-2230,1,1,0.5998111792957994,0.5998111792957994,A,A
2231,2231,4462,4462,-2231,-2231,1,1,0.15257842852144476,0.15257842852144476,A,A
2232,2232,4464,4464,-2232,-2232,1,1,0.14494706966142878,0.14494706966142878,A,A
2233,2233,4466,4466,-2233,-2233,1,1,0.9854624664177797,0.9854624664177797,A,A
2236,2236,4472,4472,-2236,-2236,1,1,0.6290859062437546,0.6290859062437546,A,A
2237,2237,4474,4474,-2237,-2237,1,1,0.1501248730665503,0.1501248730665503,A,A
2238,2238,4476,4476,-2238,-2238,1,1,0.5022320848472037,0.5022320848472037,A,A
2239,2239,4478,4478,-2239,-2239,1,1,0.020174307554296722,0.020174307554296722,A,A
2243,2243,4486,4486,-2243,-2243,1,1,0.8852895843767702,0.8852895843767702,A,A
2245,2245,4490,4490,-2245,-2245,1,1,0.4507786101099175,0.4507786101099175,A,A
2246,2246,4492,4492,-2246,-2246,1,1,0.338823904490525,0.338823904490525,A,A
2247,2247,4494,4494,-2247,-2247,1,1,0.9095162461253129,0.9095162461253129,A,A
2249,2249,4498,4498,-2249,-2249,1,1,0.7483960885656433,0.7483960885656433,A,A
2251,2251,4502,4502,-2251,-2251,1,1,0.22576874617689613,0.22576874617689613,A,A
2252,2252,4504,4504,-2252,-2252,1,1,0.22130865431319457,0.22130865431319457,A,A
2257,2257,4514,4514,-2257,-2257,1,1,0.9241555545963437,0.9241555545963437,A,A
2258,2258,4516,4516,-2258,-2258,1,1,0.6977825042277742,0.6977825042277742,A,A
2259,2259,4518,4518,-2259,-2259,1,1,0.5028133020964903,0.5028133020964903,A,A
2260,2260,4520,4520,-2260,-2260,1,1,0.7574477795990372,0.7574477795990372,A,A
2261,2261,4522,4522,-2261,-2261,1,1,0.02559069629583466,0.02559069629583466,A,A
2262,2262,4524,4524,-2262,-2262,1,1,0.6361198368566958,0.6361198368566958,A,A
2263,2263,4526,4526,-2263,-2263,1,1,0.6574330626775144,0.6574330626775144,A,A
2264,2264,4528,4528,-2264,-2264,1,1,0.09788726874127374,0.09788726874127374,A,A
2265,2265,4530,4530,-2265,-2265,1,1,0.5024018976347001,0.5024018976347001,A,A
2266,2266,4532,4532,-2266,-2266,1,1,0.8375239499338033,0.8375239499338033,A,A
2271,2271,4542,4542,-2271,-2271,1,1,0.8148666202491294,0.8148666202491294,A,A
2274,2274,4548,4548,-2274,-2274,1,1,0.7691255088567531,0.7691255088567531,A,A
2275,2275,4550,4550,-2275,-2275,1,1,0.273291051308419,0.273291051308419,A,A
2276,2276,4552,4552,-2276,-2276,1,1,0.9094501901726042,0.9094501901726042,A,A
2277,2277,4554,4554,-2277,-2277,1,1,0.15963876091289886,0.15963876091289886,A,A
2279,2279,4558,4558,-2279,-2279,1,1,0.6560668005072094,0.6560668005072094,A,A
2281,2281,4562,4562,-2281,-2281,1,1,0.9739756521411029,0.9739756521411029,A,A
2282,2282,4564,4564,-2282,-2282,1,1,0.050119384213060725,0.050119384213060725,A,A
2283,2283,4566,4566,-2283,-2283,1,1,0.06560276273244481,0.06560276273244481,A,A
2284,2284,4568,4568,-2284,-2284,1,1,0.03985472314904359,0.03985472314904359,A,A
2286,2286,4572,4572,-2286,-2286,1,1,0.1829891453241801,0.1829891453241801,A,A
2287,2287,4574,4574,-2287,-2287,1,1,0.7156792813766347,0.7156792813766347,A,A
2288,2288,4576,4576,-2288,-2288,1,1,0.019938901080986504,0.019938901080986504,A,A
2289,2289,4578,4578,-2289,-2289,1,1,0.07829173610777596,0.07829173610777596,A,A
2290,2290,4580,4580,-2290,-2290,1,1,0.5218302910177509,0.5218302910177509,A,A
2291,2291,4582,4582,-2291,-2291,1,1,0.4962978418136682,0.4962978418136682,A,A
2292,2292,4584,4584,-2292,-2292,1,1,0.613964752355126,0.613964752355126,A,A
2293,2293,4586,4586,-2293,-2293,1,1,0.7363369613526833,0.7363369613526833,A,A
2294,2294,4588,4588,-2294,-2294,1,1,0.3149343356838952,0.3149343356838952,A,A
2295,2295,4590,4590,-2295,-2295,1,1,0.7243973195366329,0.7243973195366329,A,A
2297,2297,4594,4594,-2297,-2297,1,1,0.7362350274124753,0.7362350274124753,A,A
2298,2298,4596,4596,-2298,-2298,1,1,0.7165514579756063,0.7165514579756063,A,A
2300,2300,4600,4600,-2300,-2300,1,1,0.9230390246766167,0.9230390246766167,A,A
2301,2301,4602,4602,-2301,-2301,1,1,0.7037423198287971,0.7037423198287971,A,A
2305,2305,4610,4610,-2305,-2305,1,1,0.5910199029555494,0.5910199029555494,A,A
2307,2307,4614,4614,-2307,-2307,1,1,0.7507284098203998,0.7507284098203998,A,A
2310,2310,4620,4620,-2310,-2310,1,1,0.6392326453889382,0.6392326453889382,A,A
2311,2311,4622,4622,-2311,-2311,1,1,0.926148724888785,0.926148724888785,A,A
2312,2312,4624,4624,-2312,-2312,1,1,0.40048215688092925,0.40048215688092925,A,A
2313,2313,4626,4626,-2313,-2313,1,1,0.11746606096134182,0.11746606096134182,A,A
2315,2315,4630,4630,-2315,-2315,1,1,0.38552283203323257,0.38552283203323257,A,A
2316,2316,4632,4632,-2316,-2316,1,1,0.6704362696386852,0.6704362696386852,A,A
2317,2317,4634,4634,-2317,-2317,1,1,0.8920194483881676,0.8920194483881676,A,A
2319,2319,4638,4638,-2319,-2319,1,1,0.32224749286069654,0.32224749286069654,A,A
2320,2320,4640,4640,-2320,-2320,1,1,0.35382578996858083,0.35382578996858083,A,A
2321,2321,4642,4642,-2321,-2321,1,1,0.42967702426607013,0.42967702426607013,A,A
2322,2322,4644,4644,-2322,-2322,1,1,0.05500363846053202,0.05500363846053202,A,A
2323,2323,4646,4646,-2323,-2323,1,1,0.7556700690046881,0.7556700690046881,A,A
2324,2324,4648,4648,-2324,-2324,1,1,0.28250654643682716,0.28250654643682716,A,A
2326,2326,4652,4652,-2326,-2326,1,1,0.21578565710458575,0.21578565710458575,A,A
2327,2327,4654,4654,-2327,-2327,1,1,0.07009619210993301,0.07009619210993301,A,A
2328,2328,4656,4656,-2328,-2328,1,1,0.9775321367897833,0.9775321367897833,A,A
2329,2329,4658,4658,-2329,-2329,1,1,0.8870998601792367,0.8870998601792367,A,A
2336,2336,4672,4672,-2336,-2336,1,1,0.5084822251106589,0.5084822251106589,A,A
2337,2337,4674,4674,-2337,-2337,1,1,0.776744447173982,0.776744447173982,A,A
2338,2338,4676,4676,-2338,-2338,1,1,0.38949644448362397,0.38949644448362397,A,A
2339,2339,4678,4678,-2339,-2339,1,1,0.0005305089177379818,0.0005305089177379818,A,A
2340,2340,4680,4680,-2340,-2340,1,1,0.24628085911351394,0.24628085911351394,A,A
2342,2342,4684,4684,-2342,-2342,1,1,0.3548923380830443,0.3548923380830443,A,A
2343,2343,4686,4686,-2343,-2343,1,1,0.6510707941977262,0.6510707941977262,A,A
2345,2345,4690,4690,-2345,-2345,1,1,0.9435051486044818,0.9435051486044818,A,A
2350,2350,4700,4700,-2350,-2350,1,1,0.8046012431374131,0.8046012431374131,A,A
2351,2351,4702,4702,-2351,-2351,1,1,0.8852540349320742,0.8852540349320742,A,A
2352,2352,4704,4704,-2352,-2352,1,1,0.10597753893081718,0.10597753893081718,A,A
2355,2355,4710,4710,-2355,-2355,1,1,0.3095040290378811,0.3095040290378811,A,A
2358,2358,4716,4716,-2358,-2358,1,1,0.6818929979125152,0.6818929979125152,A,A
2359,2359,4718,4718,-2359,-2359,1,1,0.4496897202690192,0.4496897202690192,A,A
2360,2360,4720,4720,-2360,-2360,1,1,0.9812221479298211,0.9812221479298211,A,A
2361,2361,4722,4722,-2361,-2361,1,1,0.25854697252696457,0.25854697252696457,A,A
2362,2362,4724,4724,-2362,-2362,1,1,0.5067055579609682,0.5067055579609682,A,A
2363,2363,4726,4726,-2363,-2363,1,1,0.7322862409433955,0.7322862409433955,A,A
2364,2364,4728,4728,-2364,-2364,1,1,0.7606188482197346,0.7606188482197346,A,A
2365,2365,4730,4730,-2365,-2365,1,1,0.7417212709358859,0.7417212709358859,A,A
2367,2367,4734,4734,-2367,-2367,1,1,0.7016225716195547,0.7016225716195547,A,A
2368,2368,4736,4736,-2368,-2368,1,1,0.2886402315035024,0.2886402315035024,A,A
2369,2369,4738,4738,-2369,-2369,1,1,0.30635620256857454,0.30635620256857454,A,A
2370,2370,4740,4740,-2370,-2370,1,1,0.8786665331689224,0.8786665331689224,A,A
2371,2371,4742,4742,-2371,-2371,1,1,0.16187270646931806,0.16187270646931806,A,A
2373,2373,4746,4746,-2373,-2373,1,1,0.3390259835966619,0.3390259835966619,A,A
2375,2375,4750,4750,-2375,-2375,1,1,0.1776504582379228,0.1776504582379228,A,A
2377,2377,4754,4754,-2377,-2377,1,1,0.9785207056418002,0.9785207056418002,A,A
2378,2378,4756,4756,-2378,-2378,1,1,0.86418107014129,0.86418107014129,A,A
2379,2379,4758,4758,-2379,-2379,1,1,0.7975362209338002,0.7975362209338002,A,A
2380,2380,4760,4760,-2380,-2380,1,1,0.39319874237582364,0.39319874237582364,A,A
2381,2381,4762,4762,-2381,-2381,1,1,0.5776248638592508,0.5776248638592508,A,A
2385,2385,4770,4770,-2385,-2385,1,1,0.04711136583249953,0.04711136583249953,A,A
2387,2387,4774,4774,-2387,-2387,1,1,0.7916788597903259,0.7916788597903259,A,A
2388,2388,4776,4776,-2388,-2388,1,1,0.4526962293133818,0.4526962293133818,A,A
2389,2389,4778,4778,-2389,-2389,1,1,0.3671248963219117,0.3671248963219117,A,A
2390,2390,4780,4780,-2390,-2390,1,1,0.14572833834145027,0.14572833834145027,A,A
2392,2392,4784,4784,-2392,-2392,1,1,0.45457408909018404,0.45457408909018404,A,A
2393,2393,4786,4786,-2393,-2393,1,1,0.6752162221641539,0.6752162221641539,A,A
2396,2396,4792,4792,-2396,-2396,1,1,0.47902170326036764,0.47902170326036764,A,A
2398,2398,4796,4796,-2398,-2398,1,1,0.8278112512881418,0.8278112512881418,A,A
2400,2400,4800,4800,-2400,-2400,1,1,0.9170377698433457,0.9170377698433457,A,A
2401,2401,4802,4802,-2401,-2401,1,1,0.9754215420389315,0.9754215420389315,A,A
2402,2402,4804,4804,-2402,-2402,1,1,0.24152567178239348,0.24152567178239348,A,A
2403,2403,4806,4806,-2403,-2403,1,1,0.5200480604633302,0.5200480604633302,A,A
2404,2404,4808,4808,-2404,-2404,1,1,0.07341929701599426,0.07341929701599426,A,A
2405,2405,4810,4810,-2405,-2405,1,1,0.46398238224683563,0.46398238224683563,A,A
2407,2407,4814,4814,-2407,-2407,1,1,0.9052850230072108,0.9052850230072108,A,A
2408,2408,4816,4816,-2408,-2408,1,1,0.022545721050416634,0.022545721050416634,A,A
2409,2409,4818,4818,-2409,-2409,1,1,0.8454797657725298,0.8454797657725298,A,A
2411,2411,4822,4822,-2411,-2411,1,1,0.4217485058752448,0.4217485058752448,A,A
2412,2412,4824,4824,-2412,-2412,1,1,0.30218247721020675,0.30218247721020675,A,A
2413,2413,4826,4826,-2413,-2413,1,1,0.015853573763724316,0.015853573763724316,A,A
2415,2415,4830,4830,-2415,-2415,1,1,0.7308127418318787,0.7308127418318787,A,A
2416,2416,4832,4832,-2416,-2416,1,1,0.9643560587978132,0.9643560587978132,A,A
2417,2417,4834,4834,-2417,-2417,1,1,0.4660308760749442,0.4660308760749442,A,A
2419,2419,4838,4838,-2419,-2419,1,1,0.4984652825960141,0.4984652825960141,A,A
2420,2420,4840,4840,-2420,-2420,1,1,0.6355554463437433,0.6355554463437433,A,A
2421,2421,4842,4842,-2421,-2421,1,1,0.14686118725838637,0.14686118725838637,A,A
2422,2422,4844,4844,-2422,-2422,1,1,0.09041701923732848,0.09041701923732848,A,A
2423,2423,4846,4846,-2423,-2423,1,1,0.5220723244278394,0.5220723244278394,A,A
2424,2424,4848,4848,-2424,-2424,1,1,0.2654369213359602,0.2654369213359602,A,A
2427,2427,4854,4854,-2427,-2427,1,1,0.970176233981376,0.970176233981376,A,A
2428,2428,4856,4856,-2428,-2428,1,1,0.7953277160817045,0.7953277160817045,A,A
2429,2429,4858,4858,-2429,-2429,1,1,0.7124266951977283,0.7124266951977283,A,A
2431,2431,4862,4862,-2431,-2431,1,1,0.7293755300194723,0.7293755300194723,A,A
2432,2432,4864,4864,-2432,-2432,1,1,0.21061954431170515,0.21061954431170515,A,A
2434,2434,4868,4868,-2434,-2434,1,1,0.7236966621172806,0.7236966621172806,A,A
2435,2435,4870,4870,-2435,-2435,1,1,0.47131422059076267,0.47131422059076267,A,A
2436,2436,4872,4872,-2436,-2436,1,1,0.9965397814097755,0.9965397814097755,A,A
2437,2437,4874,4874,-2437,-2437,1,1,0.49177660452726324,0.49177660452726324,A,A
2438,2438,4876,4876,-2438,-2438,1,1,0.10511696020193906,0.10511696020193906,A,A
2440,2440,4880,4880,-2440,-2440,1,1,0.37783420886578767,0.37783420886578767,A,A
2441,2441,4882,4882,-2441,-2441,1,1,0.25132304468096966,0.25132304468096966,A,A
2442,2442,4884,4884,-2442,-2442,1,1,0.9924294302854825,0.9924294302854825,A,A
2445,2445,4890,4890,-2445,-2445,1,1,0.8596963799665773,0.8596963799665773,A,A
2446,2446,4892,4892,-2446,-2446,1,1,0.8433811292869144,0.8433811292869144,A,A
2450,2450,4900,4900,-2450,-2450,1,1,0.864450990914534,0.864450990914534,A,A
2451,2451,4902,4902,-2451,-2451,1,1,0.6699447014147732,0.6699447014147732,A,A
2453,2453,4906,4906,-2453,-2453,1,1,0.38756834859627864,0.38756834859627864,A,A
2455,2455,4910,4910,-2455,-2455,1,1,0.8734669557557696,0.8734669557557696,A,A
2456,2456,4912,4912,-2456,-2456,1,1,0.3794802996260158,0.3794802996260158,A,A
2457,2457,4914,4914,-2457,-2457,1,1,0.6320260535279788,0.6320260535279788,A,A
2459,2459,4918,4918,-2459,-2459,1,1,0.48615290186786286,0.48615290186786286,A,A
2460,2460,4920,4920,-2460,-2460,1,1,0.21527622057648155,0.21527622057648155,A,A
2461,2461,4922,4922,-2461,-2461,1,1,0.7817968646602201,0.7817968646602201,A,A
2462,2462,4924,4924,-2462,-2462,1,1,0.4023482649266279,0.4023482649266279,A,A
2463,2463,4926,4926,-2463,-2463,1,1,0.7716458867517363,0.7716458867517363,A,A
2464,2464,4928,4928,-2464,-2464,1,1,0.9155804834289545,0.9155804834289545,A,A
2465,2465,4930,4930,-2465,-2465,1,1,0.9507364688090262,0.9507364688090262,A,A
2466,2466,4932,4932,-2466,-2466,1,1,0.0005455619483859531,0.0005455619483859531,A,A
2467,2467,4934,4934,-2467,-2467,1,1,0.562971629540277,0.562971629540277,A,A
2468,2468,4936,4936,-2468,-2468,1,1,0.11811397980457061,0.11811397980457061,A,A
2469,2469,4938,4938,-2469,-2469,1,1,0.6192633394518882,0.6192633394518882,A,A
2470,2470,4940,4940,-2470,-2470,1,1,0.04329084832790264,0.04329084832790264,A,A
2472,2472,4944,4944,-2472,-2472,1,1,0.38148637750335845,0.38148637750335845,A,A
2473,2473,4946,4946,-2473,-2473,1,1,0.6502569113619084,0.6502569113619084,A,A
2475,2475,4950,4950,-2475,-2475,1,1,0.5200259886188194,0.5200259886188194,A,A
2476,2476,4952,4952,-2476,-2476,1,1,0.20149176879570307,0.20149176879570307,A,A
2477,2477,4954,4954,-2477,-2477,1,1,0.9101814099174448,0.9101814099174448,A,A
2479,2479,4958,4958,-2479,-2479,1,1,0.5750938550650478,0.5750938550650478,A,A
2480,2480,4960,4960,-2480,-2480,1,1,0.6890907491171608,0.6890907491171608,A,A
2481,2481,4962,4962,-2481,-2481,1,1,0.34824129055996145,0.34824129055996145,A,A
2482,2482,4964,4964,-2482,-2482,1,1,0.8867934915865107,0.8867934915865107,A,A
2483,2483,4966,4966,-2483,-2483,1,1,0.4491526225720506,0.4491526225720506,A,A
2485,2485,4970,4970,-2485,-2485,1,1,0.8965252711154779,0.8965252711154779,A,A
2487,2487,4974,4974,-2487,-2487,1,1,0.8112980754821574,0.8112980754821574,A,A
2488,2488,4976,4976,-2488,-2488,1,1,0.1947722232964202,0.1947722232964202,A,A
2489,2489,4978,4978,-2489,-2489,1,1,0.05613171097631686,0.05613171097631686,A,A
2490,2490,4980,4980,-2490,-2490,1,1,0.5194543178145484,0.5194543178145484,A,A
2491,2491,4982,4982,-2491,-2491,1,1,0.8854652226564341,0.8854652226564341,A,A
2492,2492,4984,4984,-2492,-2492,1,1,0.8672652116087822,0.8672652116087822,A,A
2493,2493,4986,4986,-2493,-2493,1,1,0.6234860266360917,0.6234860266360917,A,A
2494,2494,4988,4988,-2494,-2494,1,1,0.5591587872921951,0.5591587872921951,A,A
2496,2496,4992,4992,-2496,-2496,1,1,0.7982572437289506,0.7982572437289506,A,A
2497,2497,4994,4994,-2497,-2497,1,1,0.6212481079961105,0.6212481079961105,A,A
2499,2499,4998,4998,-2499,-2499,1,1,0.3790554635736416,0.3790554635736416,A,A
2500,2500,5000,5000,-2500,-2500,1,1,0.4117371455619989,0.4117371455619989,A,A
2503,2503,5006,5006,-2503,-2503,1,1,0.9867277963524416,0.9867277963524416,A,A
2504,2504,5008,5008,-2504,-2504,1,1,0.9556519694980462,0.9556519694980462,A,A
2505,2505,5010,5010,-2505,-2505,1,1,0.7303391323837287,0.7303391323837287,A,A
2506,2506,5012,5012,-2506,-2506,1,1,0.3266523917473829,0.3266523917473829,A,A
2511,2511,5022,5022,-2511,-2511,1,1,0.24484688152792589,0.24484688152792589,A,A
2512,2512,5024,5024,-2512,-2512,1,1,0.0534754042940474,0.0534754042940474,A,A
2513,2513,5026,5026,-2513,-2513,1,1,0.23158051708514493,0.23158051708514493,A,A
2514,2514,5028,5028,-2514,-2514,1,1,0.45995911299076553,0.45995911299076553,A,A
2515,2515,5030,5030,-2515,-2515,1,1,0.4410922672762878,0.4410922672762878,A,A
2516,2516,5032,5032,-2516,-2516,1,1,0.20355627941672505,0.20355627941672505,A,A
2517,2517,5034,5034,-2517,-2517,1,1,0.26752595515101363,0.26752595515101363,A,A
2519,2519,5038,5038,-2519,-2519,1,1,0.5931087018773084,0.5931087018773084,A,A
2520,2520,5040,5040,-2520,-2520,1,1,0.3132499064371239,0.3132499064371239,A,A
2521,2521,5042,5042,-2521,-2521,1,1,0.8290899134892462,0.8290899134892462,A,A
2522,2522,5044,5044,-2522,-2522,1,1,0.026025546428005808,0.026025546428005808,A,A
2523,2523,5046,5046,-2523,-2523,1,1,0.30904107083556376,0.30904107083556376,A,A
2524,2524,5048,5048,-2524,-2524,1,1,0.03414119526341264,0.03414119526341264,A,A
2531,2531,5062,5062,-2531,-2531,1,1,0.7607524175945031,0.7607524175945031,A,A
2532,2532,5064,5064,-2532,-2532,1,1,0.5777863906449736,0.5777863906449736,A,A
2533,2533,5066,5066,-2533,-2533,1,1,0.4272980187937323,0.4272980187937323,A,A
2534,2534,5068,5068,-2534,-2534,1,1,0.20598186107753003,0.20598186107753003,A,A
2535,2535,5070,5070,-2535,-2535,1,1,0.7148252549050537,0.7148252549050537,A,A
2537,2537,5074,5074,-2537,-2537,1,1,0.7589946451107589,0.7589946451107589,A,A
2540,2540,5080,5080,-2540,-2540,1,1,0.9059014394687456,0.9059014394687456,A,A
2542,2542,5084,5084,-2542,-2542,1,1,0.34149596332414967,0.34149596332414967,A,A
2543,2543,5086,5086,-2543,-2543,1,1,0.795483543552771,0.795483543552771,A,A
2544,2544,5088,5088,-2544,-2544,1,1,0.4099348635040134,0.4099348635040134,A,A
2545,2545,5090,5090,-2545,-2545,1,1,0.7964483665042128,0.7964483665042128,A,A
2546,2546,5092,5092,-2546,-2546,1,1,0.015292449495862392,0.015292449495862392,A,A
2548,2548,5096,5096,-2548,-2548,1,1,0.3327562221264425,0.3327562221264425,A,A
2549,2549,5098,5098,-2549,-2549,1,1,0.07935937398972748,0.07935937398972748,A,A
2550,2550,5100,5100,-2550,-2550,1,1,0.9434072073008289,0.9434072073008289,A,A
2552,2552,5104,5104,-2552,-2552,1,1,0.43952404559852587,0.43952404559852587,A,A
2553,2553,5106,5106,-2553,-2553,1,1,0.3577516777865656,0.3577516777865656,A,A
2554,2554,5108,5108,-2554,-2554,1,1,0.13557366345847954,0.13557366345847954,A,A
2556,2556,5112,5112,-2556,-2556,1,1,0.2706649183295893,0.2706649183295893,A,A
2557,2557,5114,5114,-2557,-2557,1,1,0.6935504892216448,0.6935504892216448,A,A
2558,2558,5116,5116,-2558,-2558,1,1,0.8592413898012419,0.8592413898012419,A,A
2559,2559,5118,5118,-2559,-2559,1,1,0.754147916602979,0.754147916602979,A,A
2562,2562,5124,5124,-2562,-2562,1,1,0.5113350750723666,0.5113350750723666,A,A
2563,2563,5126,5126,-2563,-2563,1,1,0.5524305428404981,0.5524305428404981,A,A
2567,2567,5134,5134,-2567,-2567,1,1,0.18232145044521753,0.18232145044521753,A,A
2568,2568,5136,5136,-2568,-2568,1,1,0.8305662344389576,0.8305662344389576,A,A
2570,2570,5140,5140,-2570,-2570,1,1,0.12603526310178814,0.12603526310178814,A,A
2571,2571,5142,5142,-2571,-2571,1,1,0.22645163829519543,0.22645163829519543,A,A
2572,2572,5144,5144,-2572,-2572,1,1,0.280174101590592,0.280174101590592,A,A
2573,2573,5146,5146,-2573,-2573,1,1,0.7312340631703205,0.7312340631703205,A,A
2574,2574,5148,5148,-2574,-2574,1,1,0.414400314561571,0.414400314561571,A,A
2575,2575,5150,5150,-2575,-2575,1,1,0.34909837187792225,0.34909837187792225,A,A
2577,2577,5154,5154,-2577,-2577,1,1,0.06839497423198915,0.06839497423198915,A,A
2579,2579,5158,5158,-2579,-2579,1,1,0.6125014544841136,0.6125014544841136,A,A
2580,2580,5160,5160,-2580,-2580,1,1,0.39532053716533977,0.39532053716533977,A,A
2581,2581,5162,5162,-2581,-2581,1,1,0.5030228764894286,0.5030228764894286,A,A
2582,2582,5164,5164,-2582,-2582,1,1,0.7091268810058803,0.7091268810058803,A,A
2583,2583,5166,5166,-2583,-2583,1,1,0.1886125593847029,0.1886125593847029,A,A
2584,2584,5168,5168,-2584,-2584,1,1,0.45030769677905613,0.45030769677905613,A,A
2586,2586,5172,5172,-2586,-2586,1,1,0.07456610707382849,0.07456610707382849,A,A
2587,2587,5174,5174,-2587,-2587,1,1,0.6584313659678661,0.6584313659678661,A,A
2588,2588,5176,5176,-2588,-2588,1,1,0.6875656246812878,0.6875656246812878,A,A
2589,2589,5178,5178,-2589,-2589,1,1,0.0568628091540303,0.0568628091540303,A,A
2590,2590,5180,5180,-2590,-2590,1,1,0.23826477467080276,0.23826477467080276,A,A
2594,2594,5188,5188,-2594,-2594,1,1,0.14534187054728487,0.14534187054728487,A,A
2595,2595,5190,5190,-2595,-2595,1,1,0.8664220961610042,0.8664220961610042,A,A
2596,2596,5192,5192,-2596,-2596,1,1,0.33253678978451817,0.33253678978451817,A,A
2597,2597,5194,5194,-2597,-2597,1,1,0.23217148984638925,0.23217148984638925,A,A
2598,2598,5196,5196,-2598,-2598,1,1,0.8699634288846079,0.8699634288846079,A,A
2599,2599,5198,5198,-2599,-2599,1,1,0.2283417845087743,0.2283417845087743,A,A
2600,2600,5200,5200,-2600,-2600,1,1,0.32498530230367506,0.32498530230367506,A,A
2601,2601,5202,5202,-2601,-2601,1,1,0.9438732904754029,0.9438732904754029,A,A
2602,2602,5204,5204,-2602,-2602,1,1,0.3292245710383256,0.3292245710383256,A,A
2603,2603,5206,5206,-2603,-2603,1,1,0.7708437363473079,0.7708437363473079,A,A
2605,2605,5210,5210,-2605,-2605,1,1,0.5581162430450622,0.5581162430450622,A,A
2606,2606,5212,5212,-2606,-2606,1,1,0.4463692130656238,0.4463692130656238,A,A
2607,2607,5214,5214,-2607,-2607,1,1,0.6786362044801448,0.6786362044801448,A,A
2608,2608,5216,5216,-2608,-2608,1,1,0.4694285572767538,0.4694285572767538,A,A
2609,2609,5218,5218,-2609,-2609,1,1,0.49996658965529783,0.49996658965529783,A,A
2612,2612,5224,5224,-2612,-2612,1,1,0.7787021673193899,0.7787021673193899,A,A
2613,2613,5226,5226,-2613,-2613,1,1,0.76295146493317,0.76295146493317,A,A
2614,2614,5228,5228,-2614,-2614,1,1,0.3388776344660881,0.3388776344660881,A,A
2615,2615,5230,5230,-2615,-2615,1,1,0.5866260055375166,0.5866260055375166,A,A
2616,2616,5232,5232,-2616,-2616,1,1,0.35114763133980775,0.35114763133980775,A,A
2617,2617,5234,5234,-2617,-2617,1,1,0.3356882517020011,0.3356882517020011,A,A
2618,2618,5236,5236,-2618,-2618,1,1,0.3688109147546197,0.3688109147546197,A,A
2620,2620,5240,5240,-2620,-2620,1,1,0.9683544128281644,0.9683544128281644,A,A
2621,2621,5242,5242,-2621,-2621,1,1,0.00477810282461022,0.00477810282461022,A,A
2622,2622,5244,5244,-2622,-2622,1,1,0.8511195650412914,0.8511195650412914,A,A
2623,2623,5246,5246,-2623,-2623,1,1,0.7840595335258829,0.7840595335258829,A,A
2624,2624,5248,5248,-2624,-2624,1,1,0.926204772689811,0.926204772689811,A,A
2625,2625,5250,5250,-2625,-2625,1,1,0.7237742193062039,0.7237742193062039,A,A
2626,2626,5252,5252,-2626,-2626,1,1,0.8027677863265483,0.8027677863265483,A,A
2628,2628,5256,5256,-2628,-2628,1,1,0.5785667021327062,0.5785667021327062,A,A
2630,2630,5260,5260,-2630,-2630,1,1,0.5531046893657432,0.5531046893657432,A,A
2633,2633,5266,5266,-2633,-2633,1,1,0.5859551248457047,0.5859551248457047,A,A
2634,2634,5268,5268,-2634,-2634,1,1,0.6441112132979961,0.6441112132979961,A,A
2635,2635,5270,5270,-2635,-2635,1,1,0.994351373573985,0.994351373573985,A,A
2638,2638,5276,5276,-2638,-2638,1,1,0.41041439145611125,0.41041439145611125,A,A
2640,2640,5280,5280,-2640,-2640,1,1,0.5874449307671015,0.5874449307671015,A,A
2641,2641,5282,5282,-2641,-2641,1,1,0.4333235807439859,0.4333235807439859,A,A
2642,2642,5284,5284,-2642,-2642,1,1,0.9068001327334898,0.9068001327334898,A,A
2643,2643,5286,5286,-2643,-2643,1,1,0.36279477686999784,0.36279477686999784,A,A
2644,2644,5288,5288,-2644,-2644,1,1,0.7517674314340469,0.7517674314340469,A,A
2645,2645,5290,5290,-2645,-2645,1,1,0.1370507064029841,0.1370507064029841,A,A
2648,2648,5296,5296,-2648,-2648,1,1,0.9771872825039575,0.9771872825039575,A,A
2649,2649,5298,5298,-2649,-2649,1,1,0.5380948384489199,0.5380948384489199,A,A
2651,2651,5302,5302,-2651,-2651,1,1,0.7620411289245123,0.7620411289245123,A,A
2652,2652,5304,5304,-2652,-2652,1,1,0.6036378917632778,0.6036378917632778,A,A
2653,2653,5306,5306,-2653,-2653,1,1,0.48381186531795684,0.48381186531795684,A,A
2654,2654,5308,5308,-2654,-2654,1,1,0.13245165082580757,0.13245165082580757,A,A
2655,2655,5310,5310,-2655,-2655,1,1,0.5089460458504623,0.5089460458504623,A,A
2656,2656,5312,5312,-2656,-2656,1,1,0.5378470289851474,0.5378470289851474,A,A
2659,2659,5318,5318,-2659,-2659,1,1,0.9830529695670328,0.9830529695670328,A,A
2662,2662,5324,5324,-2662,-2662,1,1,0.4061423522930563,0.4061423522930563,A,A
2663,2663,5326,5326,-2663,-2663,1,1,0.7591880954858431,0.7591880954858431,A,A
2664,2664,5328,5328,-2664,-2664,1,1,0.11881416647703458,0.11881416647703458,A,A
2665,2665,5330,5330,-2665,-2665,1,1,0.3811083122593536,0.3811083122593536,A,A
2668,2668,5336,5336,-2668,-2668,1,1,0.7013026866142489,0.7013026866142489,A,A
2670,2670,5340,5340,-2670,-2670,1,1,0.1890786137955316,0.1890786137955316,A,A
2671,2671,5342,5342,-2671,-2671,1,1,0.14384040719462032,0.14384040719462032,A,A
2674,2674,5348,5348,-2674,-2674,1,1,0.21870166834253835,0.21870166834253835,A,A
2675,2675,5350,5350,-2675,-2675,1,1,0.36273129817199345,0.36273129817199345,A,A
2678,2678,5356,5356,-2678,-2678,1,1,0.4879605980099312,0.4879605980099312,A,A
2679,2679,5358,5358,-2679,-2679,1,1,0.8183887356922461,0.8183887356922461,A,A
2681,2681,5362,5362,-2681,-2681,1,1,0.16376308963448116,0.16376308963448116,A,A
2685,2685,5370,5370,-2685,-2685,1,1,0.17892990305505696,0.17892990305505696,A,A
2686,2686,5372,5372,-2686,-2686,1,1,0.17215741121392758,0.17215741121392758,A,A
2687,2687,5374,5374,-2687,-2687,1,1,0.5379544339695874,0.5379544339695874,A,A
2688,2688,5376,5376,-2688,-2688,1,1,0.1324199980733537,0.1324199980733537,A,A
2689,2689,5378,5378,-2689,-2689,1,1,0.35759010563164007,0.35759010563164007,A,A
2690,2690,5380,5380,-2690,-2690,1,1,0.04508830327663871,0.04508830327663871,A,A
2691,2691,5382,5382,-2691,-2691,1,1,0.09132170954924757,0.09132170954924757,A,A
2692,2692,5384,5384,-2692,-2692,1,1,0.4468348657397947,0.4468348657397947,A,A
2693,2693,5386,5386,-2693,-2693,1,1,0.8553176618173257,0.8553176618173257,A,A
2694,2694,5388,5388,-2694,-2694,1,1,0.4715091618247045,0.4715091618247045,A,A
2695,2695,5390,5390,-2695,-2695,1,1,0.043332209926091436,0.043332209926091436,A,A
2696,2696,5392,5392,-2696,-2696,1,1,0.5366657844042046,0.5366657844042046,A,A
2697,2697,5394,5394,-2697,-2697,1,1,0.950656685265745,0.950656685265745,A,A
2698,2698,5396,5396,-2698,-2698,1,1,0.8140804184754459,0.8140804184754459,A,A
2699,2699,5398,5398,-2699,-2699,1,1,0.2387924638228498,0.2387924638228498,A,A
2700,2700,5400,5400,-2700,-2700,1,1,0.14257901654454908,0.14257901654454908,A,A
2701,2701,5402,5402,-2701,-2701,1,1,0.7153320741443387,0.7153320741443387,A,A
2705,2705,5410,5410,-2705,-2705,1,1,0.37088148469058135,0.37088148469058135,A,A
2706,2706,5412,5412,-2706,-2706,1,1,0.6270088986732004,0.6270088986732004,A,A
2707,2707,5414,5414,-2707,-2707,1,1,0.005432558700971923,0.005432558700971923,A,A
2708,2708,5416,5416,-2708,-2708,1,1,0.8412868602665622,0.8412868602665622,A,A
2710,2710,5420,5420,-2710,-2710,1,1,0.1332653152752845,0.1332653152752845,A,A
2711,2711,5422,5422,-2711,-2711,1,1,0.12161054221288758,0.12161054221288758,A,A
2712,2712,5424,5424,-2712,-2712,1,1,0.9407070202230918,0.9407070202230918,A,A
2713,2713,5426,5426,-2713,-2713,1,1,0.42147770374014504,0.42147770374014504,A,A
2714,2714,5428,5428,-2714,-2714,1,1,0.2516190341697284,0.2516190341697284,A,A
2715,2715,5430,5430,-2715,-2715,1,1,0.7901398182924086,0.7901398182924086,A,A
2717,2717,5434,5434,-2717,-2717,1,1,0.4172920690939754,0.4172920690939754,A,A
2719,2719,5438,5438,-2719,-2719,1,1,0.24610920645613932,0.24610920645613932,A,A
2721,2721,5442,5442,-2721,-2721,1,1,0.47420082700284916,0.47420082700284916,A,A
2722,2722,5444,5444,-2722,-2722,1,1,0.178948244520431,0.178948244520431,A,A
2723,2723,5446,5446,-2723,-2723,1,1,0.38345955596178816,0.38345955596178816,A,A
2726,2726,5452,5452,-2726,-2726,1,1,0.4642776274296342,0.4642776274296342,A,A
2727,2727,5454,5454,-2727,-2727,1,1,0.3937656936299526,0.3937656936299526,A,A
2728,2728,5456,5456,-2728,-2728,1,1,0.536366753473393,0.536366753473393,A,A
2729,2729,5458,5458,-2729,-2729,1,1,0.32958876741877674,0.32958876741877674,A,A
2730,2730,5460,5460,-2730,-2730,1,1,0.38567936998070174,0.38567936998070174,A,A
2734,2734,5468,5468,-2734,-2734,1,1,0.7861042385943883,0.7861042385943883,A,A
2736,2736,5472,5472,-2736,-2736,1,1,0.9300821954578882,0.9300821954578882,A,A
2737,2737,5474,5474,-2737,-2737,1,1,0.1473253355667563,0.1473253355667563,A,A
2738,2738,5476,5476,-2738,-2738,1,1,0.17928857558398903,0.17928857558398903,A,A
2739,2739,5478,5478,-2739,-2739,1,1,0.46279424914216327,0.46279424914216327,A,A
2740,2740,5480,5480,-2740,-2740,1,1,0.9070141375808728,0.9070141375808728,A,A
2748,2748,5496,5496,-2748,-2748,1,1,0.3603035188625756,0.3603035188625756,A,A
2749,2749,5498,5498,-2749,-2749,1,1,0.9156526111821031,0.9156526111821031,A,A
2750,2750,5500,5500,-2750,-2750,1,1,0.13903605817729703,0.13903605817729703,A,A
2752,2752,5504,5504,-2752,-2752,1,1,0.5921071309308709,0.5921071309308709,A,A
2754,2754,5508,5508,-2754,-2754,1,1,0.07172465882257095,0.07172465882257095,A,A
2756,2756,5512,5512,-2756,-2756,1,1,0.24706429509004468,0.24706429509004468,A,A
2757,2757,5514,5514,-2757,-2757,1,1,0.708912029600588,0.708912029600588,A,A
2760,2760,5520,5520,-2760,-2760,1,1,0.1556084896784825,0.1556084896784825,A,A
2762,2762,5524,5524,-2762,-2762,1,1,0.007438186144094749,0.007438186144094749,A,A
2763,2763,5526,5526,-2763,-2763,1,1,0.16811368231333046,0.16811368231333046,A,A
2765,2765,5530,5530,-2765,-2765,1,1,0.37811024463108023,0.37811024463108023,A,A
2767,2767,5534,5534,-2767,-2767,1,1,0.24938719368887308,0.24938719368887308,A,A
2769,2769,5538,5538,-2769,-2769,1,1,0.23126604593367006,0.23126604593367006,A,A
2770,2770,5540,5540,-2770,-2770,1,1,0.16887244580847083,0.16887244580847083,A,A
2771,2771,5542,5542,-2771,-2771,1,1,0.9650623999097406,0.9650623999097406,A,A
2772,2772,5544,5544,-2772,-2772,1,1,0.5299715742995261,0.5299715742995261,A,A
2776,2776,5552,5552,-2776,-2776,1,1,0.4580853676690083,0.4580853676690083,A,A
2777,2777,5554,5554,-2777,-2777,1,1,0.7321883136700091,0.7321883136700091,A,A
2778,2778,5556,5556,-2778,-2778,1,1,0.23711572822138394,0.23711572822138394,A,A
2779,2779,5558,5558,-2779,-2779,1,1,0.9422463545549429,0.9422463545549429,A,A
2782,2782,5564,5564,-2782,-2782,1,1,0.6935868272644204,0.6935868272644204,A,A
2784,2784,5568,5568,-2784,-2784,1,1,0.8724790848861476,0.8724790848861476,A,A
2785,2785,5570,5570,-2785,-2785,1,1,0.057506044958571256,0.057506044958571256,A,A
2786,2786,5572,5572,-2786,-2786,1,1,0.913587240137149,0.913587240137149,A,A
2788,2788,5576,5576,-2788,-2788,1,1,0.7748019591062764,0.7748019591062764,A,A
2790,2790,5580,5580,-2790,-2790,1,1,0.4336187874120556,0.4336187874120556,A,A
2792,2792,5584,5584,-2792,-2792,1,1,0.3322488756180353,0.3322488756180353,A,A
2793,2793,5586,5586,-2793,-2793,1,1,0.6261424491509672,0.6261424491509672,A,A
2794,2794,5588,5588,-2794,-2794,1,1,0.44486609435744584,0.44486609435744584,A,A
2798,2798,5596,5596,-2798,-2798,1,1,0.13060460676579266,0.13060460676579266,A,A
2800,2800,5600,5600,-2800,-2800,1,1,0.27383445291754227,0.27383445291754227,A,A
2801,2801,5602,5602,-2801,-2801,1,1,0.9215354038309546,0.9215354038309546,A,A
2802,2802,5604,5604,-2802,-2802,1,1,0.9966108727618044,0.9966108727618044,A,A
2803,2803,5606,5606,-2803,-2803,1,1,0.2824902843423598,0.2824902843423598,A,A
2806,2806,5612,5612,-2806,-2806,1,1,0.43406767503936616,0.43406767503936616,A,A
2808,2808,5616,5616,-2808,-2808,1,1,0.49669627285152695,0.49669627285152695,A,A
2811,2811,5622,5622,-2811,-2811,1,1,0.19073712358295047,0.19073712358295047,A,A
2812,2812,5624,5624,-2812,-2812,1,1,0.6362273632555846,0.6362273632555846,A,A
2813,2813,5626,5626,-2813,-2813,1,1,0.0744663320452752,0.0744663320452752,A,A
2814,2814,5628,5628,-2814,-2814,1,1,0.3931978083334101,0.3931978083334101,A,A
2815,2815,5630,5630,-2815,-2815,1,1,0.8797940866569913,0.8797940866569913,A,A
2816,2816,5632,5632,-2816,-2816,1,1,0.11259049684384592,0.11259049684384592,A,A
2817,2817,5634,5634,-2817,-2817,1,1,0.12672654573110176,0.12672654573110176,A,A
2818,2818,5636,5636,-2818,-2818,1,1,0.23632283225971684,0.23632283225971684,A,A
2819,2819,5638,5638,-2819,-2819,1,1,0.4228155425155288,0.4228155425155288,A,A
2821,2821,5642,5642,-2821,-2821,1,1,0.28196621207014994,0.28196621207014994,A,A
2822,2822,5644,5644,-2822,-2822,1,1,0.08237202242120345,0.08237202242120345,A,A
2827,2827,5654,5654,-2827,-2827,1,1,0.1970297533855746,0.1970297533855746,A,A
2828,2828,5656,5656,-2828,-2828,1,1,0.9086306917052414,0.9086306917052414,A,A
2830,2830,5660,5660,-2830,-2830,1,1,0.5817336717674116,0.5817336717674116,A,A
2831,2831,5662,5662,-2831,-2831,1,1,0.5615267254120859,0.5615267254120859,A,A
2832,2832,5664,5664,-2832,-2832,1,1,0.6497663549349468,0.6497663549349468,A,A
2834,2834,5668,5668,-2834,-2834,1,1,0.7925611616436582,0.7925611616436582,A,A
2836,2836,5672,5672,-2836,-2836,1,1,0.6369084796993307,0.6369084796993307,A,A
2837,2837,5674,5674,-2837,-2837,1,1,0.7743912500560856,0.7743912500560856,A,A
2838,2838,5676,5676,-2838,-2838,1,1,0.9570840608039013,0.9570840608039013,A,A
2841,2841,5682,5682,-2841,-2841,1,1,0.7646329684993123,0.7646329684993123,A,A
2842,2842,5684,5684,-2842,-2842,1,1,0.020826633978470954,0.020826633978470954,A,A
2843,2843,5686,5686,-2843,-2843,1,1,0.26719207201238016,0.26719207201238016,A,A
2844,2844,5688,5688,-2844,-2844,1,1,0.6827908958101241,0.6827908958101241,A,A
2845,2845,5690,5690,-2845,-2845,1,1,0.8402664338779802,0.8402664338779802,A,A
2846,2846,5692,5692,-2846,-2846,1,1,0.1673416871066753,0.1673416871066753,A,A
2847,2847,5694,5694,-2847,-2847,1,1,0.6234688854540331,0.6234688854540331,A,A
2848,2848,5696,5696,-2848,-2848,1,1,0.2915824585098704,0.2915824585098704,A,A
2849,2849,5698,5698,-2849,-2849,1,1,0.198885160703007,0.198885160703007,A,A
2852,2852,5704,5704,-2852,-2852,1,1,0.2653277857436681,0.2653277857436681,A,A
2854,2854,5708,5708,-2854,-2854,1,1,0.33107317690116145,0.33107317690116145,A,A
2855,2855,5710,5710,-2855,-2855,1,1,0.5398176123704519,0.5398176123704519,A,A
2856,2856,5712,5712,-2856,-2856,1,1,0.7347142972517487,0.7347142972517487,A,A
2857,2857,5714,5714,-2857,-2857,1,1,0.8155309200963242,0.8155309200963242,A,A
2859,2859,5718,5718,-2859,-2859,1,1,0.3342853676811566,0.3342853676811566,A,A
2862,2862,5724,5724,-2862,-2862,1,1,0.4718804708757849,0.4718804708757849,A,A
2864,2864,5728,5728,-2864,-2864,1,1,0.40282307351882385,0.40282307351882385,A,A
2865,2865,5730,5730,-2865,-2865,1,1,0.1773139379923676,0.1773139379923676,A,A
2867,2867,5734,5734,-2867,-2867,1,1,0.025434667994006843,0.025434667994006843,A,A
2868,2868,5736,5736,-2868,-2868,1,1,0.037457808088407485,0.037457808088407485,A,A
2869,2869,5738,5738,-2869,-2869,1,1,0.06113406957386536,0.06113406957386536,A,A
2870,2870,5740,5740,-2870,-2870,1,1,0.3135424439250837,0.3135424439250837,A,A
2871,2871,5742,5742,-2871,-2871,1,1,0.5897236795717457,0.5897236795717457,A,A
2872,2872,5744,5744,-2872,-2872,1,1,0.14221569542619072,0.14221569542619072,A,A
2874,2874,5748,5748,-2874,-2874,1,1,0.9578888086687701,0.9578888086687701,A,A
2875,2875,5750,5750,-2875,-2875,1,1,0.6034173880545668,0.6034173880545668,A,A
2876,2876,5752,5752,-2876,-2876,1,1,0.8362927183491435,0.8362927183491435,A,A
2877,2877,5754,5754,-2877,-2877,1,1,0.8662269479358078,0.8662269479358078,A,A
2879,2879,5758,5758,-2879,-2879,1,1,0.940713072243759,0.940713072243759,A,A
2881,2881,5762,5762,-2881,-2881,1,1,0.9708185477861897,0.9708185477861897,A,A
2882,2882,5764,5764,-2882,-2882,1,1,0.22925501660122305,0.22925501660122305,A,A
2883,2883,5766,5766,-2883,-2883,1,1,0.43048782632904636,0.43048782632904636,A,A
2884,2884,5768,5768,-2884,-2884,1,1,0.04453652210364023,0.04453652210364023,A,A
2885,2885,5770,5770,-2885,-2885,1,1,0.8718886701961438,0.8718886701961438,A,A
2886,2886,5772,5772,-2886,-2886,1,1,0.3383913284609724,0.3383913284609724,A,A
2887,2887,5774,5774,-2887,-2887,1,1,0.16325616029408918,0.16325616029408918,A,A
2889,2889,5778,5778,-2889,-2889,1,1,0.4278496948212349,0.4278496948212349,A,A
2890,2890,5780,5780,-2890,-2890,1,1,0.32496407668726945,0.32496407668726945,A,A
2891,2891,5782,5782,-2891,-2891,1,1,0.9324091852917075,0.9324091852917075,A,A
2893,2893,5786,5786,-2893,-2893,1,1,0.470123033969544,0.470123033969544,A,A
2895,2895,5790,5790,-2895,-2895,1,1,0.16362565392226547,0.16362565392226547,A,A
2896,2896,5792,5792,-2896,-2896,1,1,0.6057979750902778,0.6057979750902778,A,A
2897,2897,5794,5794,-2897,-2897,1,1,0.47691573133863463,0.47691573133863463,A,A
2898,2898,5796,5796,-2898,-2898,1,1,0.6621601278698684,0.6621601278698684,A,A
2899,2899,5798,5798,-2899,-2899,1,1,0.06525466800999147,0.06525466800999147,A,A
2901,2901,5802,5802,-2901,-2901,1,1,0.5227377691822843,0.5227377691822843,A,A
2903,2903,5806,5806,-2903,-2903,1,1,0.18998930688469906,0.18998930688469906,A,A
2904,2904,5808,5808,-2904,-2904,1,1,0.2167557327262415,0.2167557327262415,A,A
2905,2905,5810,5810,-2905,-2905,1,1,0.3832671444322109,0.3832671444322109,A,A
2906,2906,5812,5812,-2906,-2906,1,1,0.4197160956808502,0.4197160956808502,A,A
2907,2907,5814,5814,-2907,-2907,1,1,0.6099953200192534,0.6099953200192534,A,A
2909,2909,5818,5818,-2909,-2909,1,1,0.722095043726558,0.722095043726558,A,A
2910,2910,5820,5820,-2910,-2910,1,1,0.20166294793407424,0.20166294793407424,A,A
2911,2911,5822,5822,-2911,-2911,1,1,0.3329114227214316,0.3329114227214316,A,A
2912,2912,5824,5824,-2912,-2912,1,1,0.3905906416283571,0.3905906416283571,A,A
2914,2914,5828,5828,-2914,-2914,1,1,0.18180557320618662,0.18180557320618662,A,A
2918,2918,5836,5836,-2918,-2918,1,1,0.4287378209032151,0.4287378209032151,A,A
2920,2920,5840,5840,-2920,-2920,1,1,0.0053530381783272185,0.0053530381783272185,A,A
2921,2921,5842,5842,-2921,-2921,1,1,0.904072837127146,0.904072837127146,A,A
2923,2923,5846,5846,-2923,-2923,1,1,0.7657766167493318,0.7657766167493318,A,A
2926,2926,5852,5852,-2926,-2926,1,1,0.8777295556338615,0.8777295556338615,A,A
2931,2931,5862,5862,-2931,-2931,1,1,0.1231354120147139,0.1231354120147139,A,A
2932,2932,5864,5864,-2932,-2932,1,1,0.9294861203208562,0.9294861203208562,A,A
2933,2933,5866,5866,-2933,-2933,1,1,0.14644997651420344,0.14644997651420344,A,A
2936,2936,5872,5872,-2936,-2936,1,1,0.7449489120168102,0.7449489120168102,A,A
2937,2937,5874,5874,-2937,-2937,1,1,0.48306467832737165,0.48306467832737165,A,A
2938,2938,5876,5876,-2938,-2938,1,1,0.5841654088483427,0.5841654088483427,A,A
2939,2939,5878,5878,-2939,-2939,1,1,0.32242408371418585,0.32242408371418585,A,A
2942,2942,5884,5884,-2942,-2942,1,1,0.16760640346807032,0.16760640346807032,A,A
2945,2945,5890,5890,-2945,-2945,1,1,0.34325663342435286,0.34325663342435286,A,A
2946,2946,5892,5892,-2946,-2946,1,1,0.1743309805648542,0.1743309805648542,A,A
2947,2947,5894,5894,-2947,-2947,1,1,0.5176436635049874,0.5176436635049874,A,A
2949,2949,5898,5898,-2949,-2949,1,1,0.26240354301457336,0.26240354301457336,A,A
2950,2950,5900,5900,-2950,-2950,1,1,0.24892153167141629,0.24892153167141629,A,A
2952,2952,5904,5904,-2952,-2952,1,1,0.5525327678098694,0.5525327678098694,A,A
2953,2953,5906,5906,-2953,-2953,1,1,0.8746327134809528,0.8746327134809528,A,A
2954,2954,5908,5908,-2954,-2954,1,1,0.1485180736644316,0.1485180736644316,A,A
2955,2955,5910,5910,-2955,-2955,1,1,0.3611539137531221,0.3611539137531221,A,A
2957,2957,5914,5914,-2957,-2957,1,1,0.34677740526882705,0.34677740526882705,A,A
2958,2958,5916,5916,-2958,-2958,1,1,0.6189614588247536,0.6189614588247536,A,A
2959,2959,5918,5918,-2959,-2959,1,1,0.6327974677626861,0.6327974677626861,A,A
2960,2960,5920,5920,-2960,-2960,1,1,0.7981310662509434,0.7981310662509434,A,A
2961,2961,5922,5922,-2961,-2961,1,1,0.5725694833060205,0.5725694833060205,A,A
2962,2962,5924,5924,-2962,-2962,1,1,0.7249097888830552,0.7249097888830552,A,A
2963,2963,5926,5926,-2963,-2963,1,1,0.3403161638752735,0.3403161638752735,A,A
2964,2964,5928,5928,-2964,-2964,1,1,0.12791210090041238,0.12791210090041238,A,A
2966,2966,5932,5932,-2966,-2966,1,1,0.5341139757430412,0.5341139757430412,A,A
2967,2967,5934,5934,-2967,-2967,1,1,0.8939502314868427,0.8939502314868427,A,A
2968,2968,5936,5936,-2968,-2968,1,1,0.14638790517654043,0.14638790517654043,A,A
2969,2969,5938,5938,-2969,-2969,1,1,0.9209821439460666,0.9209821439460666,A,A
2970,2970,5940,5940,-2970,-2970,1,1,0.04131778570136635,0.04131778570136635,A,A
2971,2971,5942,5942,-2971,-2971,1,1,0.4377444668589361,0.4377444668589361,A,A
2974,2974,5948,5948,-2974,-2974,1,1,0.9303985506084756,0.9303985506084756,A,A
2975,2975,5950,5950,-2975,-2975,1,1,0.4266136011678099,0.4266136011678099,A,A
2976,2976,5952,5952,-2976,-2976,1,1,0.5353808281403376,0.5353808281403376,A,A
2977,2977,5954,5954,-2977,-2977,1,1,0.019312040416956888,0.019312040416956888,A,A
2978,2978,5956,5956,-2978,-2978,1,1,0.5091891424782878,0.5091891424782878,A,A
2981,2981,5962,5962,-2981,-2981,1,1,0.6534962694662763,0.6534962694662763,A,A
2983,2983,5966,5966,-2983,-2983,1,1,0.3010036562763678,0.3010036562763678,A,A
2985,2985,5970,5970,-2985,-2985,1,1,0.2617218000250062,0.2617218000250062,A,A
2986,2986,5972,5972,-2986,-2986,1,1,0.5351462241281683,0.5351462241281683,A,A
2987,2987,5974,5974,-2987,-2987,1,1,0.06282499382963935,0.06282499382963935,A,A
2988,2988,5976,5976,-2988,-2988,1,1,0.1601538587801441,0.1601538587801441,A,A
2989,2989,5978,5978,-2989,-2989,1,1,0.1936620918065387,0.1936620918065387,A,A
2990,2990,5980,5980,-2990,-2990,1,1,0.34663058794874546,0.34663058794874546,A,A
2995,2995,5990,5990,-2995,-2995,1,1,0.38679245387797434,0.38679245387797434,A,A
2998,2998,5996,5996,-2998,-2998,1,1,0.19910090444513528,0.19910090444513528,A,A
2999,2999,5998,5998,-2999,-2999,1,1,0.7649657956105655,0.7649657956105655,A,A
3000,3000,6000,6000,-3000,-3000,1,1,0.47878426253480677,0.47878426253480677,B,B
3001,3001,6002,6002,-3001,-3001,1,1,0.8732400905683644,0.8732400905683644,B,B
3002,3002,6004,6004,-3002,-3002,1,1,0.013635578620579958,0.013635578620579958,B,B
3003,3003,6006,6006,-3003,-3003,1,1,0.7782799835642434,0.7782799835642434,B,B
3004,3004,6008,6008,-3004,-3004,1,1,0.36061554720608635,0.36061554720608635,B,B
3006,3006,6012,6012,-3006,-3006,1,1,0.06366134837792692,0.06366134837792692,B,B
3007,3007,6014,6014,-3007,-3007,1,1,0.7046167582797518,0.7046167582797518,B,B
3010,3010,6020,6020,-3010,-3010,1,1,0.7751079321853517,0.7751079321853517,B,B
3012,3012,6024,6024,-3012,-3012,1,1,0.8548987613020207,0.8548987613020207,B,B
3013,3013,6026,6026,-3013,-3013,1,1,0.49654292175031145,0.49654292175031145,B,B
3014,3014,6028,6028,-3014,-3014,1,1,0.10024418017619052,0.10024418017619052,B,B
3015,3015,6030,6030,-3015,-3015,1,1,0.08789743480021894,0.08789743480021894,B,B
3018,3018,6036,6036,-3018,-3018,1,1,0.3388164758498028,0.3388164758498028,B,B
3019,3019,6038,6038,-3019,-3019,1,1,0.5175698327953921,0.5175698327953921,B,B
3021,3021,6042,6042,-3021,-3021,1,1,0.43196337884939384,0.43196337884939384,B,B
3022,3022,6044,6044,-3022,-3022,1,1,0.05559729086253584,0.05559729086253584,B,B
3023,3023,6046,6046,-3023,-3023,1,1,0.13823685978274225,0.13823685978274225,B,B
3024,3024,6048,6048,-3024,-3024,1,1,0.9180945215655967,0.9180945215655967,B,B
3025,3025,6050,6050,-3025,-3025,1,1,0.8323250249139338,0.8323250249139338,B,B
3026,3026,6052,6052,-3026,-3026,1,1,0.5263538386764821,0.5263538386764821,B,B
3029,3029,6058,6058,-3029,-3029,1,1,0.7378379369311894,0.7378379369311894,B,B
3031,3031,6062,6062,-3031,-3031,1,1,0.11505247782400863,0.11505247782400863,B,B
3032,3032,6064,6064,-3032,-3032,1,1,0.7408564463834962,0.7408564463834962,B,B
3033,3033,6066,6066,-3033,-3033,1,1,0.34381131993083636,0.34381131993083636,B,B
3036,3036,6072,6072,-3036,-3036,1,1,0.4091394587447579,0.4091394587447579,B,B
3037,3037,6074,6074,-3037,-3037,1,1,0.42351628568400923,0.42351628568400923,B,B
3038,3038,6076,6076,-3038,-3038,1,1,0.4385951380188523,0.4385951380188523,B,B
3039,3039,6078,6078,-3039,-3039,1,1,0.029426056963484104,0.029426056963484104,B,B
3040,3040,6080,6080,-3040,-3040,1,1,0.47003950211651124,0.47003950211651124,B,B
3041,3041,6082,6082,-3041,-3041,1,1,0.8235364021880572,0.8235364021880572,B,B
3042,3042,6084,6084,-3042,-3042,1,1,0.9221750494854035,0.9221750494854035,B,B
3043,3043,6086,6086,-3043,-3043,1,1,0.9382924178708365,0.9382924178708365,B,B
3045,3045,6090,6090,-3045,-3045,1,1,0.04832536852371361,0.04832536852371361,B,B
3046,3046,6092,6092,-3046,-3046,1,1,0.3990152529776406,0.3990152529776406,B,B
3047,3047,6094,6094,-3047,-3047,1,1,0.12456862078285225,0.12456862078285225,B,B
3049,3049,6098,6098,-3049,-3049,1,1,0.9266476920863872,0.9266476920863872,B,B
3053,3053,6106,6106,-3053,-3053,1,1,0.3364351959889923,0.3364351959889923,B,B
3058,3058,6116,6116,-3058,-3058,1,1,0.37960106867204435,0.37960106867204435,B,B
3059,3059,6118,6118,-3059,-3059,1,1,0.5505721293145258,0.5505721293145258,B,B
3060,3060,6120,6120,-3060,-3060,1,1,0.37752848129447647,0.37752848129447647,B,B
3065,3065,6130,6130,-3065,-3065,1,1,0.6901981623623591,0.6901981623623591,B,B
3067,3067,6134,6134,-3067,-3067,1,1,0.6862774164356168,0.6862774164356168,B,B
3070,3070,6140,6140,-3070,-3070,1,1,0.2504718078677223,0.2504718078677223,B,B
3071,3071,6142,6142,-3071,-3071,1,1,0.9887245196526165,0.9887245196526165,B,B
3072,3072,6144,6144,-3072,-3072,1,1,0.8101684543873383,0.8101684543873383,B,B
3073,3073,6146,6146,-3073,-3073,1,1,0.27856204517490113,0.27856204517490113,B,B
3074,3074,6148,6148,-3074,-3074,1,1,0.2665300385067634,0.2665300385067634,B,B
3075,3075,6150,6150,-3075,-3075,1,1,0.6788313822871171,0.6788313822871171,B,B
3076,3076,6152,6152,-3076,-3076,1,1,0.09220182127439047,0.09220182127439047,B,B
3078,3078,6156,6156,-3078,-3078,1,1,0.05904195900928788,0.05904195900928788,B,B
3081,3081,6162,6162,-3081,-3081,1,1,0.22913415017734073,0.22913415017734073,B,B
3084,3084,6168,6168,-3084,-3084,1,1,0.01613968873920435,0.01613968873920435,B,B
3087,3087,6174,6174,-3087,-3087,1,1,0.9091199427204832,0.9091199427204832,B,B
3088,3088,6176,6176,-3088,-3088,1,1,0.6414030599192411,0.6414030599192411,B,B
3091,3091,6182,6182,-3091,-3091,1,1,0.04993123259365717,0.04993123259365717,B,B
3094,3094,6188,6188,-3094,-3094,1,1,0.5091003626272812,0.5091003626272812,B,B
3096,3096,6192,6192,-3096,-3096,1,1,0.3651986505374487,0.3651986505374487,B,B
3097,3097,6194,6194,-3097,-3097,1,1,0.40571816862291843,0.40571816862291843,B,B
3098,3098,6196,6196,-3098,-3098,1,1,0.9693093174343395,0.9693093174343395,B,B
3099,3099,6198,6198,-3099,-3099,1,1,0.29541027252822927,0.29541027252822927,B,B
3102,3102,6204,6204,-3102,-3102,1,1,0.048239584533167124,0.048239584533167124,B,B
3103,3103,6206,6206,-3103,-3103,1,1,0.9669699638366457,0.9669699638366457,B,B
3104,3104,6208,6208,-3104,-3104,1,1,0.7669842375844568,0.7669842375844568,B,B
3105,3105,6210,6210,-3105,-3105,1,1,0.802491869722852,0.802491869722852,B,B
3106,3106,6212,6212,-3106,-3106,1,1,0.47049429998373804,0.47049429998373804,B,B
3107,3107,6214,6214,-3107,-3107,1,1,0.31514930054108947,0.31514930054108947,B,B
3108,3108,6216,6216,-3108,-3108,1,1,0.8093407645232299,0.8093407645232299,B,B
3110,3110,6220,6220,-3110,-3110,1,1,0.6343384434830691,0.6343384434830691,B,B
3111,3111,6222,6222,-3111,-3111,1,1,0.9545920985036153,0.9545920985036153,B,B
3112,3112,6224,6224,-3112,-3112,1,1,0.1014875633137593,0.1014875633137593,B,B
3114,3114,6228,6228,-3114,-3114,1,1,0.5747130768017057,0.5747130768017057,B,B
3115,3115,6230,6230,-3115,-3115,1,1,0.24630202021629033,0.24630202021629033,B,B
3116,3116,6232,6232,-3116,-3116,1,1,0.038268415373676756,0.038268415373676756,B,B
3118,3118,6236,6236,-3118,-3118,1,1,0.5677191134420349,0.5677191134420349,B,B
3119,3119,6238,6238,-3119,-3119,1,1,0.8799552237408946,0.8799552237408946,B,B
3120,3120,6240,6240,-3120,-3120,1,1,0.13239568308351013,0.13239568308351013,B,B
3121,3121,6242,6242,-3121,-3121,1,1,0.2738418095123646,0.2738418095123646,B,B
3123,3123,6246,6246,-3123,-3123,1,1,0.9475363620712046,0.9475363620712046,B,B
3124,3124,6248,6248,-3124,-3124,1,1,0.9632164795067593,0.9632164795067593,B,B
3125,3125,6250,6250,-3125,-3125,1,1,0.6129774611618352,0.6129774611618352,B,B
3126,3126,6252,6252,-3126,-3126,1,1,0.7409967531058435,0.7409967531058435,B,B
3127,3127,6254,6254,-3127,-3127,1,1,0.009579925278099921,0.009579925278099921,B,B
3128,3128,6256,6256,-3128,-3128,1,1,0.6519708740844433,0.6519708740844433,B,B
3129,3129,6258,6258,-3129,-3129,1,1,0.6933437277390417,0.6933437277390417,B,B
3130,3130,6260,6260,-3130,-3130,1,1,0.39335379170503615,0.39335379170503615,B,B
3132,3132,6264,6264,-3132,-3132,1,1,0.7653925754084674,0.7653925754084674,B,B
3133,3133,6266,6266,-3133,-3133,1,1,0.22483443573450024,0.22483443573450024,B,B
3134,3134,6268,6268,-3134,-3134,1,1,0.9445758832939514,0.9445758832939514,B,B
3135,3135,6270,6270,-3135,-3135,1,1,0.7910686693937632,0.7910686693937632,B,B
3136,3136,6272,6272,-3136,-3136,1,1,0.34632829972607226,0.34632829972607226,B,B
3140,3140,6280,6280,-3140,-3140,1,1,0.3074163144972615,0.3074163144972615,B,B
3142,3142,6284,6284,-3142,-3142,1,1,0.17521731580849043,0.17521731580849043,B,B
3144,3144,6288,6288,-3144,-3144,1,1,0.11677354470169521,0.11677354470169521,B,B
3145,3145,6290,6290,-3145,-3145,1,1,0.7892875745461884,0.7892875745461884,B,B
3146,3146,6292,6292,-3146,-3146,1,1,0.9011744684606761,0.9011744684606761,B,B
3148,3148,6296,6296,-3148,-3148,1,1,0.14764773021244926,0.14764773021244926,B,B
3149,3149,6298,6298,-3149,-3149,1,1,0.7830888205850745,0.7830888205850745,B,B
3150,3150,6300,6300,-3150,-3150,1,1,0.9755952274002875,0.9755952274002875,B,B
3152,3152,6304,6304,-3152,-3152,1,1,0.5784924246132772,0.5784924246132772,B,B
3154,3154,6308,6308,-3154,-3154,1,1,0.7406936561198034,0.7406936561198034,B,B
3155,3155,6310,6310,-3155,-3155,1,1,0.35377958036537116,0.35377958036537116,B,B
3157,3157,6314,6314,-3157,-3157,1,1,0.8228019595719415,0.8228019595719415,B,B
3158,3158,6316,6316,-3158,-3158,1,1,0.3465521672263102,0.3465521672263102,B,B
3159,3159,6318,6318,-3159,-3159,1,1,0.23709844153143123,0.23709844153143123,B,B
3164,3164,6328,6328,-3164,-3164,1,1,0.2615467695142494,0.2615467695142494,B,B
3165,3165,6330,6330,-3165,-3165,1,1,0.4479063044659882,0.4479063044659882,B,B
3166,3166,6332,6332,-3166,-3166,1,1,0.9020383691528079,0.9020383691528079,B,B
3167,3167,6334,6334,-3167,-3167,1,1,0.8457692599892734,0.8457692599892734,B,B
3168,3168,6336,6336,-3168,-3168,1,1,0.08242010346653772,0.08242010346653772,B,B
3169,3169,6338,6338,-3169,-3169,1,1,0.9646855692940195,0.9646855692940195,B,B
3170,3170,6340,6340,-3170,-3170,1,1,0.38262435665533234,0.38262435665533234,B,B
3171,3171,6342,6342,-3171,-3171,1,1,0.23168224529179748,0.23168224529179748,B,B
3173,3173,6346,6346,-3173,-3173,1,1,0.001020478571951422,0.001020478571951422,B,B
3174,3174,6348,6348,-3174,-3174,1,1,0.4924501875257117,0.4924501875257117,B,B
3175,3175,6350,6350,-3175,-3175,1,1,0.6209505557874698,0.6209505557874698,B,B
3177,3177,6354,6354,-3177,-3177,1,1,0.16473242925286535,0.16473242925286535,B,B
3178,3178,6356,6356,-3178,-3178,1,1,0.7770382518809835,0.7770382518809835,B,B
3179,3179,6358,6358,-3179,-3179,1,1,0.7366721476885176,0.7366721476885176,B,B
3181,3181,6362,6362,-3181,-3181,1,1,0.6364324774780755,0.6364324774780755,B,B
3182,3182,6364,6364,-3182,-3182,1,1,0.7584728416164456,0.7584728416164456,B,B
3183,3183,6366,6366,-3183,-3183,1,1,0.31928903222310534,0.31928903222310534,B,B
3184,3184,6368,6368,-3184,-3184,1,1,0.6176931850684805,0.6176931850684805,B,B
3188,3188,6376,6376,-3188,-3188,1,1,0.055164533573009655,0.055164533573009655,B,B
3189,3189,6378,6378,-3189,-3189,1,1,0.7359372707375788,0.7359372707375788,B,B
3190,3190,6380,6380,-3190,-3190,1,1,0.021032264165180448,0.021032264165180448,B,B
3191,3191,6382,6382,-3191,-3191,1,1,0.5362785008644967,0.5362785008644967,B,B
3192,3192,6384,6384,-3192,-3192,1,1,0.08686870967986271,0.08686870967986271,B,B
3193,3193,6386,6386,-3193,-3193,1,1,0.934205223067718,0.934205223067718,B,B
3195,3195,6390,6390,-3195,-3195,1,1,0.9151514618096629,0.9151514618096629,B,B
3197,3197,6394,6394,-3197,-3197,1,1,0.2582669852675141,0.2582669852675141,B,B
3198,3198,6396,6396,-3198,-3198,1,1,0.3153219604595654,0.3153219604595654,B,B
3199,3199,6398,6398,-3199,-3199,1,1,0.031953909095807975,0.031953909095807975,B,B
3200,3200,6400,6400,-3200,-3200,1,1,0.6105552270222071,0.6105552270222071,B,B
3201,3201,6402,6402,-3201,-3201,1,1,0.9028993614859111,0.9028993614859111,B,B
3202,3202,6404,6404,-3202,-3202,1,1,0.10151193130044889,0.10151193130044889,B,B
3204,3204,6408,6408,-3204,-3204,1,1,0.6971485897052931,0.6971485897052931,B,B
3205,3205,6410,6410,-3205,-3205,1,1,0.7734897210829068,0.7734897210829068,B,B
3206,3206,6412,6412,-3206,-3206,1,1,0.7578434601205954,0.7578434601205954,B,B
3207,3207,6414,6414,-3207,-3207,1,1,0.015018593137004377,0.015018593137004377,B,B
3208,3208,6416,6416,-3208,-3208,1,1,0.14727205257830378,0.14727205257830378,B,B
3209,3209,6418,6418,-3209,-3209,1,1,0.2186371501867036,0.2186371501867036,B,B
3210,3210,6420,6420,-3210,-3210,1,1,0.8010912508050414,0.8010912508050414,B,B
3213,3213,6426,6426,-3213,-3213,1,1,0.12166259133115065,0.12166259133115065,B,B
3215,3215,6430,6430,-3215,-3215,1,1,0.797355323247897,0.797355323247897,B,B
3216,3216,6432,6432,-3216,-3216,1,1,0.41529590591982957,0.41529590591982957,B,B
3218,3218,6436,6436,-3218,-3218,1,1,0.34884957761854896,0.34884957761854896,B,B
3219,3219,6438,6438,-3219,-3219,1,1,0.8543799205430944,0.8543799205430944,B,B
3220,3220,6440,6440,-3220,-3220,1,1,0.6910287423876437,0.6910287423876437,B,B
3221,3221,6442,6442,-3221,-3221,1,1,0.22227385734392424,0.22227385734392424,B,B
3222,3222,6444,6444,-3222,-3222,1,1,0.6704981184932788,0.6704981184932788,B,B
3223,3223,6446,6446,-3223,-3223,1,1,0.5995254228091152,0.5995254228091152,B,B
3226,3226,6452,6452,-3226,-3226,1,1,0.668553615703669,0.668553615703669,B,B
3229,3229,6458,6458,-3229,-3229,1,1,0.6751283216614304,0.6751283216614304,B,B
3230,3230,6460,6460,-3230,-3230,1,1,0.7922414100500726,0.7922414100500726,B,B
3231,3231,6462,6462,-3231,-3231,1,1,0.2203446569361901,0.2203446569361901,B,B
3232,3232,6464,6464,-3232,-3232,1,1,0.8333195487943025,0.8333195487943025,B,B
3234,3234,6468,6468,-3234,-3234,1,1,0.6180188423709944,0.6180188423709944,B,B
3235,3235,6470,6470,-3235,-3235,1,1,0.7556742176014917,0.7556742176014917,B,B
3236,3236,6472,6472,-3236,-3236,1,1,0.8188171960937446,0.8188171960937446,B,B
3239,3239,6478,6478,-3239,-3239,1,1,0.38772072165688554,0.38772072165688554,B,B
3240,3240,6480,6480,-3240,-3240,1,1,0.28738804045899313,0.28738804045899313,B,B
3243,3243,6486,6486,-3243,-3243,1,1,0.08658884757841123,0.08658884757841123,B,B
3244,3244,6488,6488,-3244,-3244,1,1,0.64064629322949,0.64064629322949,B,B
3245,3245,6490,6490,-3245,-3245,1,1,0.6206837375048309,0.6206837375048309,B,B
3246,3246,6492,6492,-3246,-3246,1,1,0.751451579795426,0.751451579795426,B,B
3248,3248,6496,6496,-3248,-3248,1,1,0.5328524584809391,0.5328524584809391,B,B
3250,3250,6500,6500,-3250,-3250,1,1,0.20041936079254985,0.20041936079254985,B,B
3251,3251,6502,6502,-3251,-3251,1,1,0.002753270814830344,0.002753270814830344,B,B
3252,3252,6504,6504,-3252,-3252,1,1,0.09243687292568481,0.09243687292568481,B,B
3254,3254,6508,6508,-3254,-3254,1,1,0.601007086883231,0.601007086883231,B,B
3255,3255,6510,6510,-3255,-3255,1,1,0.19771885316541282,0.19771885316541282,B,B
3256,3256,6512,6512,-3256,-3256,1,1,0.40605596920023723,0.40605596920023723,B,B
3258,3258,6516,6516,-3258,-3258,1,1,0.0976891385472618,0.0976891385472618,B,B
3259,3259,6518,6518,-3259,-3259,1,1,0.6572406221535041,0.6572406221535041,B,B
3262,3262,6524,6524,-3262,-3262,1,1,0.3549732049086869,0.3549732049086869,B,B
3263,3263,6526,6526,-3263,-3263,1,1,0.8006871384609515,0.8006871384609515,B,B
3264,3264,6528,6528,-3264,-3264,1,1,0.8632263959982648,0.8632263959982648,B,B
3265,3265,6530,6530,-3265,-3265,1,1,0.09224007572166681,0.09224007572166681,B,B
3266,3266,6532,6532,-3266,-3266,1,1,0.2614313286441049,0.2614313286441049,B,B
3267,3267,6534,6534,-3267,-3267,1,1,0.7337618688451482,0.7337618688451482,B,B
3268,3268,6536,6536,-3268,-3268,1,1,0.5698347329077845,0.5698347329077845,B,B
3269,3269,6538,6538,-3269,-3269,1,1,0.862157398164641,0.862157398164641,B,B
3271,3271,6542,6542,-3271,-3271,1,1,0.7458088137018055,0.7458088137018055,B,B
3272,3272,6544,6544,-3272,-3272,1,1,0.4227593731295377,0.4227593731295377,B,B
3273,3273,6546,6546,-3273,-3273,1,1,0.09226842437604954,0.09226842437604954,B,B
3274,3274,6548,6548,-3274,-3274,1,1,0.8225876530069016,0.8225876530069016,B,B
3275,3275,6550,6550,-3275,-3275,1,1,0.6855858975434663,0.6855858975434663,B,B
3279,3279,6558,6558,-3279,-3279,1,1,0.18502687697194165,0.18502687697194165,B,B
3280,3280,6560,6560,-3280,-3280,1,1,0.6327349152643563,0.6327349152643563,B,B
3283,3283,6566,6566,-3283,-3283,1,1,0.02871760708870119,0.02871760708870119,B,B
3284,3284,6568,6568,-3284,-3284,1,1,0.4821017685591713,0.4821017685591713,B,B
3285,3285,6570,6570,-3285,-3285,1,1,0.5867780505405172,0.5867780505405172,B,B
3287,3287,6574,6574,-3287,-3287,1,1,0.6935607608792227,0.6935607608792227,B,B
3289,3289,6578,6578,-3289,-3289,1,1,0.668567506950395,0.668567506950395,B,B
3290,3290,6580,6580,-3290,-3290,1,1,0.5316200031302519,0.5316200031302519,B,B
3291,3291,6582,6582,-3291,-3291,1,1,0.8325996552035855,0.8325996552035855,B,B
3292,3292,6584,6584,-3292,-3292,1,1,0.18563775755797296,0.18563775755797296,B,B
3293,3293,6586,6586,-3293,-3293,1,1,0.8153262750624967,0.8153262750624967,B,B
3294,3294,6588,6588,-3294,-3294,1,1,0.6018116734631723,0.6018116734631723,B,B
3296,3296,6592,6592,-3296,-3296,1,1,0.6565694176566197,0.6565694176566197,B,B
3299,3299,6598,6598,-3299,-3299,1,1,0.5002765729338429,0.5002765729338429,B,B
3300,3300,6600,6600,-3300,-3300,1,1,0.6773249186470954,0.6773249186470954,B,B
3301,3301,6602,6602,-3301,-3301,1,1,0.275454677267044,0.275454677267044,B,B
3304,3304,6608,6608,-3304,-3304,1,1,0.8671800736298404,0.8671800736298404,B,B
3305,3305,6610,6610,-3305,-3305,1,1,0.5186262050429566,0.5186262050429566,B,B
3306,3306,6612,6612,-3306,-3306,1,1,0.8285385294664941,0.8285385294664941,B,B
3309,3309,6618,6618,-3309,-3309,1,1,0.6596562946518787,0.6596562946518787,B,B
3310,3310,6620,6620,-3310,-3310,1,1,0.14590935416019002,0.14590935416019002,B,B
3311,3311,6622,6622,-3311,-3311,1,1,0.09964638685973115,0.09964638685973115,B,B
3313,3313,6626,6626,-3313,-3313,1,1,0.1516604234917589,0.1516604234917589,B,B
3316,3316,6632,6632,-3316,-3316,1,1,0.821654195032032,0.821654195032032,B,B
3317,3317,6634,6634,-3317,-3317,1,1,0.04687515224502303,0.04687515224502303,B,B
3318,3318,6636,6636,-3318,-3318,1,1,0.40629809529893157,0.40629809529893157,B,B
3319,3319,6638,6638,-3319,-3319,1,1,0.9516093373638687,0.9516093373638687,B,B
3321,3321,6642,6642,-3321,-3321,1,1,0.26751252209055076,0.26751252209055076,B,B
3322,3322,6644,6644,-3322,-3322,1,1,0.42570451873049087,0.42570451873049087,B,B
3324,3324,6648,6648,-3324,-3324,1,1,0.12556335741551616,0.12556335741551616,B,B
3328,3328,6656,6656,-3328,-3328,1,1,0.5112803169560066,0.5112803169560066,B,B
3329,3329,6658,6658,-3329,-3329,1,1,0.9756990458580839,0.9756990458580839,B,B
3330,3330,6660,6660,-3330,-3330,1,1,0.8356749296325249,0.8356749296325249,B,B
3331,3331,6662,6662,-3331,-3331,1,1,0.36530778565701416,0.36530778565701416,B,B
3332,3332,6664,6664,-3332,-3332,1,1,0.8923799429657698,0.8923799429657698,B,B
3333,3333,6666,6666,-3333,-3333,1,1,0.40024413004758974,0.40024413004758974,B,B
3335,3335,6670,6670,-3335,-3335,1,1,0.645461298562734,0.645461298562734,B,B
3336,3336,6672,6672,-3336,-3336,1,1,0.5266263013697189,0.5266263013697189,B,B
3337,3337,6674,6674,-3337,-3337,1,1,0.32682782163086055,0.32682782163086055,B,B
3338,3338,6676,6676,-3338,-3338,1,1,0.4221366255438467,0.4221366255438467,B,B
3339,3339,6678,6678,-3339,-3339,1,1,0.39905111520224845,0.39905111520224845,B,B
3340,3340,6680,6680,-3340,-3340,1,1,0.18619162403314238,0.18619162403314238,B,B
3342,3342,6684,6684,-3342,-3342,1,1,0.473559827294874,0.473559827294874,B,B
3344,3344,6688,6688,-3344,-3344,1,1,0.7514944184377418,0.7514944184377418,B,B
3346,3346,6692,6692,-3346,-3346,1,1,0.1578150036035001,0.1578150036035001,B,B
3348,3348,6696,6696,-3348,-3348,1,1,0.5914034692518348,0.5914034692518348,B,B
3349,3349,6698,6698,-3349,-3349,1,1,0.14822790032662092,0.14822790032662092,B,B
3350,3350,6700,6700,-3350,-3350,1,1,0.8228115670554899,0.8228115670554899,B,B
3351,3351,6702,6702,-3351,-3351,1,1,0.689736308928077,0.689736308928077,B,B
3353,3353,6706,6706,-3353,-3353,1,1,0.5616319413628105,0.5616319413628105,B,B
3355,3355,6710,6710,-3355,-3355,1,1,0.5251238470374664,0.5251238470374664,B,B
3356,3356,6712,6712,-3356,-3356,1,1,0.7231953925813522,0.7231953925813522,B,B
3358,3358,6716,6716,-3358,-3358,1,1,0.423313827209824,0.423313827209824,B,B
3359,3359,6718,6718,-3359,-3359,1,1,0.9400595022411955,0.9400595022411955,B,B
3360,3360,6720,6720,-3360,-3360,1,1,0.005069379547419706,0.005069379547419706,B,B
3361,3361,6722,6722,-3361,-3361,1,1,0.08833244185488298,0.08833244185488298,B,B
3366,3366,6732,6732,-3366,-3366,1,1,0.4038251397559759,0.4038251397559759,B,B
3367,3367,6734,6734,-3367,-3367,1,1,0.14947355507241722,0.14947355507241722,B,B
3370,3370,6740,6740,-3370,-3370,1,1,0.8875081942239246,0.8875081942239246,B,B
3372,3372,6744,6744,-3372,-3372,1,1,0.30267912262920216,0.30267912262920216,B,B
3373,3373,6746,6746,-3373,-3373,1,1,0.9035147314227141,0.9035147314227141,B,B
3374,3374,6748,6748,-3374,-3374,1,1,0.9505307266201305,0.9505307266201305,B,B
3376,3376,6752,6752,-3376,-3376,1,1,0.1884481869688187,0.1884481869688187,B,B
3377,3377,6754,6754,-3377,-3377,1,1,0.5642421325334704,0.5642421325334704,B,B
3378,3378,6756,6756,-3378,-3378,1,1,0.28917113984841625,0.28917113984841625,B,B
3379,3379,6758,6758,-3379,-3379,1,1,0.25397663341152754,0.25397663341152754,B,B
3380,3380,6760,6760,-3380,-3380,1,1,0.2473070224762851,0.2473070224762851,B,B
3381,3381,6762,6762,-3381,-3381,1,1,0.9047209889809762,0.9047209889809762,B,B
3383,3383,6766,6766,-3383,-3383,1,1,0.8389176040829872,0.8389176040829872,B,B
3385,3385,6770,6770,-3385,-3385,1,1,0.3961290661309177,0.3961290661309177,B,B
3386,3386,6772,6772,-3386,-3386,1,1,0.46936249559582643,0.46936249559582643,B,B
3387,3387,6774,6774,-3387,-3387,1,1,0.15187242552628388,0.15187242552628388,B,B
3388,3388,6776,6776,-3388,-3388,1,1,0.1931554941900696,0.1931554941900696,B,B
3389,3389,6778,6778,-3389,-3389,1,1,0.5459355611475734,0.5459355611475734,B,B
3390,3390,6780,6780,-3390,-3390,1,1,0.40750049264081,0.40750049264081,B,B
3391,3391,6782,6782,-3391,-3391,1,1,0.8577511589760466,0.8577511589760466,B,B
3392,3392,6784,6784,-3392,-3392,1,1,0.19726177111559096,0.19726177111559096,B,B
3393,3393,6786,6786,-3393,-3393,1,1,0.42345468411952003,0.42345468411952003,B,B
3394,3394,6788,6788,-3394,-3394,1,1,0.028392171297337843,0.028392171297337843,B,B
3395,3395,6790,6790,-3395,-3395,1,1,0.6075183310690924,0.6075183310690924,B,B
3396,3396,6792,6792,-3396,-3396,1,1,0.9980600150513295,0.9980600150513295,B,B
3397,3397,6794,6794,-3397,-3397,1,1,0.0873235653584622,0.0873235653584622,B,B
3398,3398,6796,6796,-3398,-3398,1,1,0.9285577860459088,0.9285577860459088,B,B
3399,3399,6798,6798,-3399,-3399,1,1,0.2603304161851522,0.2603304161851522,B,B
3400,3400,6800,6800,-3400,-3400,1,1,0.3265855560422962,0.3265855560422962,B,B
3401,3401,6802,6802,-3401,-3401,1,1,0.8753301156195747,0.8753301156195747,B,B
3403,3403,6806,6806,-3403,-3403,1,1,0.5372135933316173,0.5372135933316173,B,B
3407,3407,6814,6814,-3407,-3407,1,1,0.8444965885189645,0.8444965885189645,B,B
3409,3409,6818,6818,-3409,-3409,1,1,0.06589193028252815,0.06589193028252815,B,B
3410,3410,6820,6820,-3410,-3410,1,1,0.388596834857615,0.388596834857615,B,B
3412,3412,6824,6824,-3412,-3412,1,1,0.755627168375516,0.755627168375516,B,B
3413,3413,6826,6826,-3413,-3413,1,1,0.750604808112096,0.750604808112096,B,B
3414,3414,6828,6828,-3414,-3414,1,1,0.6721750322843286,0.6721750322843286,B,B
3415,3415,6830,6830,-3415,-3415,1,1,0.5014797902013806,0.5014797902013806,B,B
3416,3416,6832,6832,-3416,-3416,1,1,0.8829400945545328,0.8829400945545328,B,B
3419,3419,6838,6838,-3419,-3419,1,1,0.5003725849950552,0.5003725849950552,B,B
3420,3420,6840,6840,-3420,-3420,1,1,0.5261520370578738,0.5261520370578738,B,B
3421,3421,6842,6842,-3421,-3421,1,1,0.515045626280398,0.515045626280398,B,B
3422,3422,6844,6844,-3422,-3422,1,1,0.5854467220287646,0.5854467220287646,B,B
3423,3423,6846,6846,-3423,-3423,1,1,0.8529583406872417,0.8529583406872417,B,B
3424,3424,6848,6848,-3424,-3424,1,1,0.5625055024224304,0.5625055024224304,B,B
3427,3427,6854,6854,-3427,-3427,1,1,0.09742126332239232,0.09742126332239232,B,B
3428,3428,6856,6856,-3428,-3428,1,1,0.11262748248484178,0.11262748248484178,B,B
3429,3429,6858,6858,-3429,-3429,1,1,0.03391969550207763,0.03391969550207763,B,B
3431,3431,6862,6862,-3431,-3431,1,1,0.5945437678280312,0.5945437678280312,B,B
3434,3434,6868,6868,-3434,-3434,1,1,0.19637413569495588,0.19637413569495588,B,B
3435,3435,6870,6870,-3435,-3435,1,1,0.5501381746327325,0.5501381746327325,B,B
3436,3436,6872,6872,-3436,-3436,1,1,0.99512772613166,0.99512772613166,B,B
3438,3438,6876,6876,-3438,-3438,1,1,0.769822029944531,0.769822029944531,B,B
3439,3439,6878,6878,-3439,-3439,1,1,0.30468210118218675,0.30468210118218675,B,B
3442,3442,6884,6884,-3442,-3442,1,1,0.08669975888993275,0.08669975888993275,B,B
3443,3443,6886,6886,-3443,-3443,1,1,0.00498512167434495,0.00498512167434495,B,B
3444,3444,6888,6888,-3444,-3444,1,1,0.8644383700534725,0.8644383700534725,B,B
3445,3445,6890,6890,-3445,-3445,1,1,0.24721879664293145,0.24721879664293145,B,B
3446,3446,6892,6892,-3446,-3446,1,1,0.2801098619310428,0.2801098619310428,B,B
3447,3447,6894,6894,-3447,-3447,1,1,0.3767797555981691,0.3767797555981691,B,B
3448,3448,6896,6896,-3448,-3448,1,1,0.7770987466127173,0.7770987466127173,B,B
3449,3449,6898,6898,-3449,-3449,1,1,0.300307054595525,0.300307054595525,B,B
3450,3450,6900,6900,-3450,-3450,1,1,0.33093614108977054,0.33093614108977054,B,B
3454,3454,6908,6908,-3454,-3454,1,1,0.2442810390767154,0.2442810390767154,B,B
3455,3455,6910,6910,-3455,-3455,1,1,0.3941175324978524,0.3941175324978524,B,B
3456,3456,6912,6912,-3456,-3456,1,1,0.4337128646616476,0.4337128646616476,B,B
3457,3457,6914,6914,-3457,-3457,1,1,0.7958581761093674,0.7958581761093674,B,B
3459,3459,6918,6918,-3459,-3459,1,1,0.14754641964073312,0.14754641964073312,B,B
3461,3461,6922,6922,-3461,-3461,1,1,0.07549023052261195,0.07549023052261195,B,B
3462,3462,6924,6924,-3462,-3462,1,1,0.991048633007307,0.991048633007307,B,B
3463,3463,6926,6926,-3463,-3463,1,1,0.3413073980597593,0.3413073980597593,B,B
3464,3464,6928,6928,-3464,-3464,1,1,0.9285192171921203,0.9285192171921203,B,B
3465,3465,6930,6930,-3465,-3465,1,1,0.537251943978364,0.537251943978364,B,B
3466,3466,6932,6932,-3466,-3466,1,1,0.6944790526516096,0.6944790526516096,B,B
3467,3467,6934,6934,-3467,-3467,1,1,0.8869800606167941,0.8869800606167941,B,B
3468,3468,6936,6936,-3468,-3468,1,1,0.5454382857954235,0.5454382857954235,B,B
3469,3469,6938,6938,-3469,-3469,1,1,0.7714132203820553,0.7714132203820553,B,B
3472,3472,6944,6944,-3472,-3472,1,1,0.8217807873321819,0.8217807873321819,B,B
3474,3474,6948,6948,-3474,-3474,1,1,0.19077730987340313,0.19077730987340313,B,B
3475,3475,6950,6950,-3475,-3475,1,1,0.3954635791558784,0.3954635791558784,B,B
3477,3477,6954,6954,-3477,-3477,1,1,0.1858098482808791,0.1858098482808791,B,B
3478,3478,6956,6956,-3478,-3478,1,1,0.39537270317617146,0.39537270317617146,B,B
3479,3479,6958,6958,-3479,-3479,1,1,0.0620484640022988,0.0620484640022988,B,B
3481,3481,6962,6962,-3481,-3481,1,1,0.4807599226345922,0.4807599226345922,B,B
3482,3482,6964,6964,-3482,-3482,1,1,0.9103307259838662,0.9103307259838662,B,B
3484,3484,6968,6968,-3484,-3484,1,1,0.4586430832309799,0.4586430832309799,B,B
3486,3486,6972,6972,-3486,-3486,1,1,0.6012046582211739,0.6012046582211739,B,B
3487,3487,6974,6974,-3487,-3487,1,1,0.5295609997626527,0.5295609997626527,B,B
3488,3488,6976,6976,-3488,-3488,1,1,0.24124120324642429,0.24124120324642429,B,B
3489,3489,6978,6978,-3489,-3489,1,1,0.29903793187148353,0.29903793187148353,B,B
3492,3492,6984,6984,-3492,-3492,1,1,0.4126668606270961,0.4126668606270961,B,B
3493,3493,6986,6986,-3493,-3493,1,1,0.9167563560774592,0.9167563560774592,B,B
3494,3494,6988,6988,-3494,-3494,1,1,0.8927364016391424,0.8927364016391424,B,B
3495,3495,6990,6990,-3495,-3495,1,1,0.33241785942378976,0.33241785942378976,B,B
3496,3496,6992,6992,-3496,-3496,1,1,0.7631428076004941,0.7631428076004941,B,B
3497,3497,6994,6994,-3497,-3497,1,1,0.3977349393657823,0.3977349393657823,B,B
3498,3498,6996,6996,-3498,-3498,1,1,0.5892245194625071,0.5892245194625071,B,B
3499,3499,6998,6998,-3499,-3499,1,1,0.8969730216287511,0.8969730216287511,B,B
3500,3500,7000,7000,-3500,-3500,1,1,0.39490412953869725,0.39490412953869725,B,B
3504,3504,7008,7008,-3504,-3504,1,1,0.2573449948212042,0.2573449948212042,B,B
3505,3505,7010,7010,-3505,-3505,1,1,0.07002211158517047,0.07002211158517047,B,B
3507,3507,7014,7014,-3507,-3507,1,1,0.11920072212343247,0.11920072212343247,B,B
3508,3508,7016,7016,-3508,-3508,1,1,0.30964438898476165,0.30964438898476165,B,B
3509,3509,7018,7018,-3509,-3509,1,1,0.12899403198518544,0.12899403198518544,B,B
3510,3510,7020,7020,-3510,-3510,1,1,0.827638765269699,0.827638765269699,B,B
3514,3514,7028,7028,-3514,-3514,1,1,0.6070431955435956,0.6070431955435956,B,B
3515,3515,7030,7030,-3515,-3515,1,1,0.3329197623044159,0.3329197623044159,B,B
3516,3516,7032,7032,-3516,-3516,1,1,0.342506060111618,0.342506060111618,B,B
3521,3521,7042,7042,-3521,-3521,1,1,0.8107005339490085,0.8107005339490085,B,B
3522,3522,7044,7044,-3522,-3522,1,1,0.9823011124685973,0.9823011124685973,B,B
3526,3526,7052,7052,-3526,-3526,1,1,0.12765900879847858,0.12765900879847858,B,B
3527,3527,7054,7054,-3527,-3527,1,1,0.1919224137643899,0.1919224137643899,B,B
3528,3528,7056,7056,-3528,-3528,1,1,0.14979613743696207,0.14979613743696207,B,B
3529,3529,7058,7058,-3529,-3529,1,1,0.26665624822891143,0.26665624822891143,B,B
3530,3530,7060,7060,-3530,-3530,1,1,0.9887471326991669,0.9887471326991669,B,B
3531,3531,7062,7062,-3531,-3531,1,1,0.8338301915888591,0.8338301915888591,B,B
3532,3532,7064,7064,-3532,-3532,1,1,0.8644713797754207,0.8644713797754207,B,B
3533,3533,7066,7066,-3533,-3533,1,1,0.4640496005462962,0.4640496005462962,B,B
3536,3536,7072,7072,-3536,-3536,1,1,0.663370755121749,0.663370755121749,B,B
3537,3537,7074,7074,-3537,-3537,1,1,0.775611934833104,0.775611934833104,B,B
3539,3539,7078,7078,-3539,-3539,1,1,0.08975950985457115,0.08975950985457115,B,B
3541,3541,7082,7082,-3541,-3541,1,1,0.5234222521357337,0.5234222521357337,B,B
3542,3542,7084,7084,-3542,-3542,1,1,0.8706090022777807,0.8706090022777807,B,B
3543,3543,7086,7086,-3543,-3543,1,1,0.4041539744034537,0.4041539744034537,B,B
3544,3544,7088,7088,-3544,-3544,1,1,0.17279480473480469,0.17279480473480469,B,B
3545,3545,7090,7090,-3545,-3545,1,1,0.12227412983327457,0.12227412983327457,B,B
3546,3546,7092,7092,-3546,-3546,1,1,0.6435144756685292,0.6435144756685292,B,B
3547,3547,7094,7094,-3547,-3547,1,1,0.6146966369176997,0.6146966369176997,B,B
3548,3548,7096,7096,-3548,-3548,1,1,0.47637025751934703,0.47637025751934703,B,B
3549,3549,7098,7098,-3549,-3549,1,1,0.4680449259046957,0.4680449259046957,B,B
3552,3552,7104,7104,-3552,-3552,1,1,0.5906501074119711,0.5906501074119711,B,B
3553,3553,7106,7106,-3553,-3553,1,1,0.7830986576259175,0.7830986576259175,B,B
3554,3554,7108,7108,-3554,-3554,1,1,0.3008763195668699,0.3008763195668699,B,B
3555,3555,7110,7110,-3555,-3555,1,1,0.5388063626436739,0.5388063626436739,B,B
3558,3558,7116,7116,-3558,-3558,1,1,0.6725478885357629,0.6725478885357629,B,B
3560,3560,7120,7120,-3560,-3560,1,1,0.7515693158283429,0.7515693158283429,B,B
3562,3562,7124,7124,-3562,-3562,1,1,0.07562011038364302,0.07562011038364302,B,B
3563,3563,7126,7126,-3563,-3563,1,1,0.9225903717813188,0.9225903717813188,B,B
3564,3564,7128,7128,-3564,-3564,1,1,0.7290503641725367,0.7290503641725367,B,B
3566,3566,7132,7132,-3566,-3566,1,1,0.8465414377528638,0.8465414377528638,B,B
3568,3568,7136,7136,-3568,-3568,1,1,0.6186030135241324,0.6186030135241324,B,B
3569,3569,7138,7138,-3569,-3569,1,1,0.7044710321899185,0.7044710321899185,B,B
3571,3571,7142,7142,-3571,-3571,1,1,0.3740568072894005,0.3740568072894005,B,B
3572,3572,7144,7144,-3572,-3572,1,1,0.41152565311959655,0.41152565311959655,B,B
3574,3574,7148,7148,-3574,-3574,1,1,0.5234901274017543,0.5234901274017543,B,B
3575,3575,7150,7150,-3575,-3575,1,1,0.9043624271269544,0.9043624271269544,B,B
3576,3576,7152,7152,-3576,-3576,1,1,0.3787718428081589,0.3787718428081589,B,B
3582,3582,7164,7164,-3582,-3582,1,1,0.15678004864061024,0.15678004864061024,B,B
3583,3583,7166,7166,-3583,-3583,1,1,0.11788466427374744,0.11788466427374744,B,B
3585,3585,7170,7170,-3585,-3585,1,1,0.37929042466467977,0.37929042466467977,B,B
3587,3587,7174,7174,-3587,-3587,1,1,0.9693816931187816,0.9693816931187816,B,B
3588,3588,7176,7176,-3588,-3588,1,1,0.7987402725828562,0.7987402725828562,B,B
3589,3589,7178,7178,-3589,-3589,1,1,0.02540337192260267,0.02540337192260267,B,B
3591,3591,7182,7182,-3591,-3591,1,1,0.7349334250871652,0.7349334250871652,B,B
3592,3592,7184,7184,-3592,-3592,1,1,0.010639598492022007,0.010639598492022007,B,B
3593,3593,7186,7186,-3593,-3593,1,1,0.6035006038636143,0.6035006038636143,B,B
3597,3597,7194,7194,-3597,-3597,1,1,0.1417730553082237,0.1417730553082237,B,B
3601,3601,7202,7202,-3601,-3601,1,1,0.18319736260305708,0.18319736260305708,B,B
3602,3602,7204,7204,-3602,-3602,1,1,0.26623356601501813,0.26623356601501813,B,B
3604,3604,7208,7208,-3604,-3604,1,1,0.23909271462785842,0.23909271462785842,B,B
3605,3605,7210,7210,-3605,-3605,1,1,0.09327200311592299,0.09327200311592299,B,B
3608,3608,7216,7216,-3608,-3608,1,1,0.6870813765707627,0.6870813765707627,B,B
3609,3609,7218,7218,-3609,-3609,1,1,0.8377069486323836,0.8377069486323836,B,B
3610,3610,7220,7220,-3610,-3610,1,1,0.8108114090098161,0.8108114090098161,B,B
3611,3611,7222,7222,-3611,-3611,1,1,0.20369877886585863,0.20369877886585863,B,B
3612,3612,7224,7224,-3612,-3612,1,1,0.11584539206211553,0.11584539206211553,B,B
3613,3613,7226,7226,-3613,-3613,1,1,0.8363444546789013,0.8363444546789013,B,B
3614,3614,7228,7228,-3614,-3614,1,1,0.7999801005283638,0.7999801005283638,B,B
3616,3616,7232,7232,-3616,-3616,1,1,0.5444294697641485,0.5444294697641485,B,B
3620,3620,7240,7240,-3620,-3620,1,1,0.6222257474713191,0.6222257474713191,B,B
3623,3623,7246,7246,-3623,-3623,1,1,0.10100661178947856,0.10100661178947856,B,B
3624,3624,7248,7248,-3624,-3624,1,1,0.3678811034507514,0.3678811034507514,B,B
3625,3625,7250,7250,-3625,-3625,1,1,0.28984419970779274,0.28984419970779274,B,B
3626,3626,7252,7252,-3626,-3626,1,1,0.8888876563301346,0.8888876563301346,B,B
3627,3627,7254,7254,-3627,-3627,1,1,0.9490773223356492,0.9490773223356492,B,B
3628,3628,7256,7256,-3628,-3628,1,1,0.5796903492991146,0.5796903492991146,B,B
3629,3629,7258,7258,-3629,-3629,1,1,0.38025164016537083,0.38025164016537083,B,B
3630,3630,7260,7260,-3630,-3630,1,1,0.5627241905345315,0.5627241905345315,B,B
3631,3631,7262,7262,-3631,-3631,1,1,0.9196897088157655,0.9196897088157655,B,B
3632,3632,7264,7264,-3632,-3632,1,1,0.039084108001978146,0.039084108001978146,B,B
3634,3634,7268,7268,-3634,-3634,1,1,0.061341094623278525,0.061341094623278525,B,B
3638,3638,7276,7276,-3638,-3638,1,1,0.2979524242823668,0.2979524242823668,B,B
3639,3639,7278,7278,-3639,-3639,1,1,0.9594067226777353,0.9594067226777353,B,B
3641,3641,7282,7282,-3641,-3641,1,1,0.8040439135801121,0.8040439135801121,B,B
3643,3643,7286,7286,-3643,-3643,1,1,0.19908073475186028,0.19908073475186028,B,B
3644,3644,7288,7288,-3644,-3644,1,1,0.5045334762393641,0.5045334762393641,B,B
3645,3645,7290,7290,-3645,-3645,1,1,0.5828981795455829,0.5828981795455829,B,B
3648,3648,7296,7296,-3648,-3648,1,1,0.05420891718198306,0.05420891718198306,B,B
3650,3650,7300,7300,-3650,-3650,1,1,0.666345338097217,0.666345338097217,B,B
3653,3653,7306,7306,-3653,-3653,1,1,0.10217101475649748,0.10217101475649748,B,B
3654,3654,7308,7308,-3654,-3654,1,1,0.5029483674780824,0.5029483674780824,B,B
3655,3655,7310,7310,-3655,-3655,1,1,0.20929738489051697,0.20929738489051697,B,B
3657,3657,7314,7314,-3657,-3657,1,1,0.40462244397759417,0.40462244397759417,B,B
3659,3659,7318,7318,-3659,-3659,1,1,0.09839497920217899,0.09839497920217899,B,B
3660,3660,7320,7320,-3660,-3660,1,1,0.36617022512882713,0.36617022512882713,B,B
3661,3661,7322,7322,-3661,-3661,1,1,0.5102276880852669,0.5102276880852669,B,B
3663,3663,7326,7326,-3663,-3663,1,1,0.2656505223063488,0.2656505223063488,B,B
3665,3665,7330,7330,-3665,-3665,1,1,0.3720032073308962,0.3720032073308962,B,B
3668,3668,7336,7336,-3668,-3668,1,1,0.22873700305097167,0.22873700305097167,B,B
3669,3669,7338,7338,-3669,-3669,1,1,0.3429006313451546,0.3429006313451546,B,B
3670,3670,7340,7340,-3670,-3670,1,1,0.3780488233045587,0.3780488233045587,B,B
3671,3671,7342,7342,-3671,-3671,1,1,0.4315227775167588,0.4315227775167588,B,B
3674,3674,7348,7348,-3674,-3674,1,1,0.9492567299572132,0.9492567299572132,B,B
3675,3675,7350,7350,-3675,-3675,1,1,0.06341279290478918,0.06341279290478918,B,B
3678,3678,7356,7356,-3678,-3678,1,1,0.18446894120607793,0.18446894120607793,B,B
3679,3679,7358,7358,-3679,-3679,1,1,0.7154162420412774,0.7154162420412774,B,B
3682,3682,7364,7364,-3682,-3682,1,1,0.7085392665912953,0.7085392665912953,B,B
3683,3683,7366,7366,-3683,-3683,1,1,0.003523837738237834,0.003523837738237834,B,B
3686,3686,7372,7372,-3686,-3686,1,1,0.4702784284295767,0.4702784284295767,B,B
3687,3687,7374,7374,-3687,-3687,1,1,0.4692087932397967,0.4692087932397967,B,B
3688,3688,7376,7376,-3688,-3688,1,1,0.6411529836096557,0.6411529836096557,B,B
3691,3691,7382,7382,-3691,-3691,1,1,0.7498330177649821,0.7498330177649821,B,B
3694,3694,7388,7388,-3694,-3694,1,1,0.38625076069761066,0.38625076069761066,B,B
3695,3695,7390,7390,-3695,-3695,1,1,0.6012197451718783,0.6012197451718783,B,B
3696,3696,7392,7392,-3696,-3696,1,1,0.94676584172252,0.94676584172252,B,B
3702,3702,7404,7404,-3702,-3702,1,1,0.9766082723016455,0.9766082723016455,B,B
3703,3703,7406,7406,-3703,-3703,1,1,0.5474546179377511,0.5474546179377511,B,B
3704,3704,7408,7408,-3704,-3704,1,1,0.0311906735695211,0.0311906735695211,B,B
3705,3705,7410,7410,-3705,-3705,1,1,0.9688630798886174,0.9688630798886174,B,B
3706,3706,7412,7412,-3706,-3706,1,1,0.4836506594301466,0.4836506594301466,B,B
3708,3708,7416,7416,-3708,-3708,1,1,0.7709427494470159,0.7709427494470159,B,B
3713,3713,7426,7426,-3713,-3713,1,1,0.3018594460470617,0.3018594460470617,B,B
3714,3714,7428,7428,-3714,-3714,1,1,0.2807027569896937,0.2807027569896937,B,B
3715,3715,7430,7430,-3715,-3715,1,1,0.4972144002987189,0.4972144002987189,B,B
3716,3716,7432,7432,-3716,-3716,1,1,0.9031629141354213,0.9031629141354213,B,B
3717,3717,7434,7434,-3717,-3717,1,1,0.5359759495941561,0.5359759495941561,B,B
3718,3718,7436,7436,-3718,-3718,1,1,0.09050584323829902,0.09050584323829902,B,B
3720,3720,7440,7440,-3720,-3720,1,1,0.9996502697104521,0.9996502697104521,B,B
3722,3722,7444,7444,-3722,-3722,1,1,0.2752121026252057,0.2752121026252057,B,B
3723,3723,7446,7446,-3723,-3723,1,1,0.3407091659416954,0.3407091659416954,B,B
3725,3725,7450,7450,-3725,-3725,1,1,0.5474148660843967,0.5474148660843967,B,B
3726,3726,7452,7452,-3726,-3726,1,1,0.4647319973297305,0.4647319973297305,B,B
3728,3728,7456,7456,-3728,-3728,1,1,0.4592679532469377,0.4592679532469377,B,B
3731,3731,7462,7462,-3731,-3731,1,1,0.31463861466881105,0.31463861466881105,B,B
3732,3732,7464,7464,-3732,-3732,1,1,0.2751083473869137,0.2751083473869137,B,B
3733,3733,7466,7466,-3733,-3733,1,1,0.3838453928986345,0.3838453928986345,B,B
3734,3734,7468,7468,-3734,-3734,1,1,0.9028559319032521,0.9028559319032521,B,B
3735,3735,7470,7470,-3735,-3735,1,1,0.12871620769465408,0.12871620769465408,B,B
3738,3738,7476,7476,-3738,-3738,1,1,0.2943565465394713,0.2943565465394713,B,B
3742,3742,7484,7484,-3742,-3742,1,1,0.5273610596571506,0.5273610596571506,B,B
3743,3743,7486,7486,-3743,-3743,1,1,0.6438594531431864,0.6438594531431864,B,B
3744,3744,7488,7488,-3744,-3744,1,1,0.6751056898257941,0.6751056898257941,B,B
3747,3747,7494,7494,-3747,-3747,1,1,0.018014216423230756,0.018014216423230756,B,B
3748,3748,7496,7496,-3748,-3748,1,1,0.3158819538061941,0.3158819538061941,B,B
3749,3749,7498,7498,-3749,-3749,1,1,0.43019288976893977,0.43019288976893977,B,B
3750,3750,7500,7500,-3750,-3750,1,1,0.013383925937215824,0.013383925937215824,B,B
3751,3751,7502,7502,-3751,-3751,1,1,0.9714321061069365,0.9714321061069365,B,B
3752,3752,7504,7504,-3752,-3752,1,1,0.8844562399641169,0.8844562399641169,B,B
3754,3754,7508,7508,-3754,-3754,1,1,0.5683539057800271,0.5683539057800271,B,B
3755,3755,7510,7510,-3755,-3755,1,1,0.3619562177316171,0.3619562177316171,B,B
3758,3758,7516,7516,-3758,-3758,1,1,0.850204077953794,0.850204077953794,B,B
3759,3759,7518,7518,-3759,-3759,1,1,0.9713074299928478,0.9713074299928478,B,B
3760,3760,7520,7520,-3760,-3760,1,1,0.19224337264190328,0.19224337264190328,B,B
3762,3762,7524,7524,-3762,-3762,1,1,0.1616212709880196,0.1616212709880196,B,B
3766,3766,7532,7532,-3766,-3766,1,1,0.3858686749957735,0.3858686749957735,B,B
3768,3768,7536,7536,-3768,-3768,1,1,0.706041790545897,0.706041790545897,B,B
3769,3769,7538,7538,-3769,-3769,1,1,0.227357158005161,0.227357158005161,B,B
3773,3773,7546,7546,-3773,-3773,1,1,0.4212205525348711,0.4212205525348711,B,B
3774,3774,7548,7548,-3774,-3774,1,1,0.6962571135885186,0.6962571135885186,B,B
3776,3776,7552,7552,-3776,-3776,1,1,0.1993917680368571,0.1993917680368571,B,B
3780,3780,7560,7560,-3780,-3780,1,1,0.6072178109946188,0.6072178109946188,B,B
3781,3781,7562,7562,-3781,-3781,1,1,0.8086797775912472,0.8086797775912472,B,B
3782,3782,7564,7564,-3782,-3782,1,1,0.3666589660023636,0.3666589660023636,B,B
3784,3784,7568,7568,-3784,-3784,1,1,0.5084831485059355,0.5084831485059355,B,B
3786,3786,7572,7572,-3786,-3786,1,1,0.028603633765656,0.028603633765656,B,B
3787,3787,7574,7574,-3787,-3787,1,1,0.2686199638236949,0.2686199638236949,B,B
3789,3789,7578,7578,-3789,-3789,1,1,0.9130220069032865,0.9130220069032865,B,B
3791,3791,7582,7582,-3791,-3791,1,1,0.1656760271192539,0.1656760271192539,B,B
3792,3792,7584,7584,-3792,-3792,1,1,0.4164966918781897,0.4164966918781897,B,B
3794,3794,7588,7588,-3794,-3794,1,1,0.7123911906693521,0.7123911906693521,B,B
3801,3801,7602,7602,-3801,-3801,1,1,0.5782400458482065,0.5782400458482065,B,B
3802,3802,7604,7604,-3802,-3802,1,1,0.9904429801409258,0.9904429801409258,B,B
3804,3804,7608,7608,-3804,-3804,1,1,0.30027733563234993,0.30027733563234993,B,B
3806,3806,7612,7612,-3806,-3806,1,1,0.6575526294801317,0.6575526294801317,B,B
3807,3807,7614,7614,-3807,-3807,1,1,0.32662467745199886,0.32662467745199886,B,B
3808,3808,7616,7616,-3808,-3808,1,1,0.6988003545217042,0.6988003545217042,B,B
3810,3810,7620,7620,-3810,-3810,1,1,0.4640974691965003,0.4640974691965003,B,B
3811,3811,7622,7622,-3811,-3811,1,1,0.7232485000008932,0.7232485000008932,B,B
3812,3812,7624,7624,-3812,-3812,1,1,0.021201216359420072,0.021201216359420072,B,B
3813,3813,7626,7626,-3813,-3813,1,1,0.8464405603786344,0.8464405603786344,B,B
3815,3815,7630,7630,-3815,-3815,1,1,0.887698432590845,0.887698432590845,B,B
3816,3816,7632,7632,-3816,-3816,1,1,0.5493811460732194,0.5493811460732194,B,B
3817,3817,7634,7634,-3817,-3817,1,1,0.4170581594424563,0.4170581594424563,B,B
3818,3818,7636,7636,-3818,-3818,1,1,0.4970237606122775,0.4970237606122775,B,B
3819,3819,7638,7638,-3819,-3819,1,1,0.9424555671876661,0.9424555671876661,B,B
3820,3820,7640,7640,-3820,-3820,1,1,0.7220686357850459,0.7220686357850459,B,B
3823,3823,7646,7646,-3823,-3823,1,1,0.8918060504255185,0.8918060504255185,B,B
3824,3824,7648,7648,-3824,-3824,1,1,0.511540358533117,0.511540358533117,B,B
3825,3825,7650,7650,-3825,-3825,1,1,0.16783336295249585,0.16783336295249585,B,B
3826,3826,7652,7652,-3826,-3826,1,1,0.4774643380349137,0.4774643380349137,B,B
3827,3827,7654,7654,-3827,-3827,1,1,0.41359703401150616,0.41359703401150616,B,B
3829,3829,7658,7658,-3829,-3829,1,1,0.7153681267384686,0.7153681267384686,B,B
3830,3830,7660,7660,-3830,-3830,1,1,0.2638154301783082,0.2638154301783082,B,B
3831,3831,7662,7662,-3831,-3831,1,1,0.5912358040922226,0.5912358040922226,B,B
3832,3832,7664,7664,-3832,-3832,1,1,0.5008685930597304,0.5008685930597304,B,B
3833,3833,7666,7666,-3833,-3833,1,1,0.03947335483388881,0.03947335483388881,B,B
3835,3835,7670,7670,-3835,-3835,1,1,0.340623485483892,0.340623485483892,B,B
3836,3836,7672,7672,-3836,-3836,1,1,0.6822848191761538,0.6822848191761538,B,B
3838,3838,7676,7676,-3838,-3838,1,1,0.06801231728523771,0.06801231728523771,B,B
3839,3839,7678,7678,-3839,-3839,1,1,0.8709110449456726,0.8709110449456726,B,B
3840,3840,7680,7680,-3840,-3840,1,1,0.8254428605412935,0.8254428605412935,B,B
3841,3841,7682,7682,-3841,-3841,1,1,0.10355018588423326,0.10355018588423326,B,B
3844,3844,7688,7688,-3844,-3844,1,1,0.10231128406162715,0.10231128406162715,B,B
3846,3846,7692,7692,-3846,-3846,1,1,0.539601997943545,0.539601997943545,B,B
3848,3848,7696,7696,-3848,-3848,1,1,0.5831317949361678,0.5831317949361678,B,B
3849,3849,7698,7698,-3849,-3849,1,1,0.33463413473414494,0.33463413473414494,B,B
3850,3850,7700,7700,-3850,-3850,1,1,0.4962094618278521,0.4962094618278521,B,B
3851,3851,7702,7702,-3851,-3851,1,1,0.2437468979934484,0.2437468979934484,B,B
3852,3852,7704,7704,-3852,-3852,1,1,0.07740327717056383,0.07740327717056383,B,B
3854,3854,7708,7708,-3854,-3854,1,1,0.889336772868696,0.889336772868696,B,B
3855,3855,7710,7710,-3855,-3855,1,1,0.6043029773271427,0.6043029773271427,B,B
3856,3856,7712,7712,-3856,-3856,1,1,0.6058452800430733,0.6058452800430733,B,B
3857,3857,7714,7714,-3857,-3857,1,1,0.460023820869511,0.460023820869511,B,B
3858,3858,7716,7716,-3858,-3858,1,1,0.40045728375191736,0.40045728375191736,B,B
3859,3859,7718,7718,-3859,-3859,1,1,0.02245947424606254,0.02245947424606254,B,B
3861,3861,7722,7722,-3861,-3861,1,1,0.9491557264393776,0.9491557264393776,B,B
3863,3863,7726,7726,-3863,-3863,1,1,0.2809832067349455,0.2809832067349455,B,B
3864,3864,7728,7728,-3864,-3864,1,1,0.8267663333759578,0.8267663333759578,B,B
3865,3865,7730,7730,-3865,-3865,1,1,0.5555889660228646,0.5555889660228646,B,B
3866,3866,7732,7732,-3866,-3866,1,1,0.4986750726300465,0.4986750726300465,B,B
3867,3867,7734,7734,-3867,-3867,1,1,0.5140151733574612,0.5140151733574612,B,B
3868,3868,7736,7736,-3868,-3868,1,1,0.38191506543337395,0.38191506543337395,B,B
3869,3869,7738,7738,-3869,-3869,1,1,0.2578213684227769,0.2578213684227769,B,B
3870,3870,7740,7740,-3870,-3870,1,1,0.44649783326275383,0.44649783326275383,B,B
3872,3872,7744,7744,-3872,-3872,1,1,0.6255202642767294,0.6255202642767294,B,B
3876,3876,7752,7752,-3876,-3876,1,1,0.9881592708580805,0.9881592708580805,B,B
3879,3879,7758,7758,-3879,-3879,1,1,0.6281218070919764,0.6281218070919764,B,B
3882,3882,7764,7764,-3882,-3882,1,1,0.8942652385838045,0.8942652385838045,B,B
3885,3885,7770,7770,-3885,-3885,1,1,0.2403184234582868,0.2403184234582868,B,B
3886,3886,7772,7772,-3886,-3886,1,1,0.38096741229118014,0.38096741229118014,B,B
3887,3887,7774,7774,-3887,-3887,1,1,0.9896800500655266,0.9896800500655266,B,B
3889,3889,7778,7778,-3889,-3889,1,1,0.08594088303125269,0.08594088303125269,B,B
3890,3890,7780,7780,-3890,-3890,1,1,0.5149143638124292,0.5149143638124292,B,B
3891,3891,7782,7782,-3891,-3891,1,1,0.23930317403906565,0.23930317403906565,B,B
3892,3892,7784,7784,-3892,-3892,1,1,0.7754363684889708,0.7754363684889708,B,B
3893,3893,7786,7786,-3893,-3893,1,1,0.04354002949274827,0.04354002949274827,B,B
3895,3895,7790,7790,-3895,-3895,1,1,0.07778095526858808,0.07778095526858808,B,B
3897,3897,7794,7794,-3897,-3897,1,1,0.22550378006004435,0.22550378006004435,B,B
3898,3898,7796,7796,-3898,-3898,1,1,0.6714178708992056,0.6714178708992056,B,B
3900,3900,7800,7800,-3900,-3900,1,1,0.11499667254158263,0.11499667254158263,B,B
3903,3903,7806,7806,-3903,-3903,1,1,0.8150991967566579,0.8150991967566579,B,B
3905,3905,7810,7810,-3905,-3905,1,1,0.8045845651863109,0.8045845651863109,B,B
3907,3907,7814,7814,-3907,-3907,1,1,0.0943145147112655,0.0943145147112655,B,B
3908,3908,7816,7816,-3908,-3908,1,1,0.02495735210025818,0.02495735210025818,B,B
3911,3911,7822,7822,-3911,-3911,1,1,0.01362556900525469,0.01362556900525469,B,B
3912,3912,7824,7824,-3912,-3912,1,1,0.25820967349789015,0.25820967349789015,B,B
3914,3914,7828,7828,-3914,-3914,1,1,0.5979874343679255,0.5979874343679255,B,B
3915,3915,7830,7830,-3915,-3915,1,1,0.7528526393092967,0.7528526393092967,B,B
3916,3916,7832,7832,-3916,-3916,1,1,0.9392787392370892,0.9392787392370892,B,B
3917,3917,7834,7834,-3917,-3917,1,1,0.6993019047037029,0.6993019047037029,B,B
3918,3918,7836,7836,-3918,-3918,1,1,0.5350373939883615,0.5350373939883615,B,B
3919,3919,7838,7838,-3919,-3919,1,1,0.5504185580513683,0.5504185580513683,B,B
3920,3920,7840,7840,-3920,-3920,1,1,0.593761043467438,0.593761043467438,B,B
3922,3922,7844,7844,-3922,-3922,1,1,0.870725293969751,0.870725293969751,B,B
3923,3923,7846,7846,-3923,-3923,1,1,0.8981000336578737,0.8981000336578737,B,B
3925,3925,7850,7850,-3925,-3925,1,1,0.7458787049754959,0.7458787049754959,B,B
3926,3926,7852,7852,-3926,-3926,1,1,0.6484738891730383,0.6484738891730383,B,B
3927,3927,7854,7854,-3927,-3927,1,1,0.49220799511293734,0.49220799511293734,B,B
3928,3928,7856,7856,-3928,-3928,1,1,0.3086884702856245,0.3086884702856245,B,B
3929,3929,7858,7858,-3929,-3929,1,1,0.9767071795184861,0.9767071795184861,B,B
3932,3932,7864,7864,-3932,-3932,1,1,0.7028112964924981,0.7028112964924981,B,B
3933,3933,7866,7866,-3933,-3933,1,1,0.6196783105366503,0.6196783105366503,B,B
3934,3934,7868,7868,-3934,-3934,1,1,0.759176972805879,0.759176972805879,B,B
3935,3935,7870,7870,-3935,-3935,1,1,0.1314141701994328,0.1314141701994328,B,B
3936,3936,7872,7872,-3936,-3936,1,1,0.1756048310504703,0.1756048310504703,B,B
3937,3937,7874,7874,-3937,-3937,1,1,0.08330194903143207,0.08330194903143207,B,B
3938,3938,7876,7876,-3938,-3938,1,1,0.7094715054212055,0.7094715054212055,B,B
3939,3939,7878,7878,-3939,-3939,1,1,0.9412068634915175,0.9412068634915175,B,B
3940,3940,7880,7880,-3940,-3940,1,1,0.32710920491717455,0.32710920491717455,B,B
3942,3942,7884,7884,-3942,-3942,1,1,0.387323327624262,0.387323327624262,B,B
3943,3943,7886,7886,-3943,-3943,1,1,0.7819274355651796,0.7819274355651796,B,B
3944,3944,7888,7888,-3944,-3944,1,1,0.4711338160779933,0.4711338160779933,B,B
3947,3947,7894,7894,-3947,-3947,1,1,0.397064670660325,0.397064670660325,B,B
3950,3950,7900,7900,-3950,-3950,1,1,0.5976664392336235,0.5976664392336235,B,B
3951,3951,7902,7902,-3951,-3951,1,1,0.5360294751703666,0.5360294751703666,B,B
3952,3952,7904,7904,-3952,-3952,1,1,0.3395592509461237,0.3395592509461237,B,B
3955,3955,7910,7910,-3955,-3955,1,1,0.8829444699287795,0.8829444699287795,B,B
3956,3956,7912,7912,-3956,-3956,1,1,0.48581754377278197,0.48581754377278197,B,B
3957,3957,7914,7914,-3957,-3957,1,1,0.6756615558787439,0.6756615558787439,B,B
3961,3961,7922,7922,-3961,-3961,1,1,0.7548538069063004,0.7548538069063004,B,B
3962,3962,7924,7924,-3962,-3962,1,1,0.6624319080654852,0.6624319080654852,B,B
3963,3963,7926,7926,-3963,-3963,1,1,0.17690300743891707,0.17690300743891707,B,B
3965,3965,7930,7930,-3965,-3965,1,1,0.3077733138920071,0.3077733138920071,B,B
3967,3967,7934,7934,-3967,-3967,1,1,0.6772951670493857,0.6772951670493857,B,B
3968,3968,7936,7936,-3968,-3968,1,1,0.4429805113203844,0.4429805113203844,B,B
3969,3969,7938,7938,-3969,-3969,1,1,0.9201475701971997,0.9201475701971997,B,B
3971,3971,7942,7942,-3971,-3971,1,1,0.9821913937608177,0.9821913937608177,B,B
3972,3972,7944,7944,-3972,-3972,1,1,0.055925648392090355,0.055925648392090355,B,B
3973,3973,7946,7946,-3973,-3973,1,1,0.02796719923263913,0.02796719923263913,B,B
3974,3974,7948,7948,-3974,-3974,1,1,0.27105536115419426,0.27105536115419426,B,B
3976,3976,7952,7952,-3976,-3976,1,1,0.5771046957779797,0.5771046957779797,B,B
3978,3978,7956,7956,-3978,-3978,1,1,0.7233718981323944,0.7233718981323944,B,B
3979,3979,7958,7958,-3979,-3979,1,1,0.9016672461422476,0.9016672461422476,B,B
3980,3980,7960,7960,-3980,-3980,1,1,0.19912102766777418,0.19912102766777418,B,B
3982,3982,7964,7964,-3982,-3982,1,1,0.5444209174652138,0.5444209174652138,B,B
3985,3985,7970,7970,-3985,-3985,1,1,0.8354639724446146,0.8354639724446146,B,B
3988,3988,7976,7976,-3988,-3988,1,1,0.508505983873194,0.508505983873194,B,B
3989,3989,7978,7978,-3989,-3989,1,1,0.024572336378764104,0.024572336378764104,B,B
3990,3990,7980,7980,-3990,-3990,1,1,0.6700695234352071,0.6700695234352071,B,B
3991,3991,7982,7982,-3991,-3991,1,1,0.6769872835414075,0.6769872835414075,B,B
3992,3992,7984,7984,-3992,-3992,1,1,0.42898449330233335,0.42898449330233335,B,B
3993,3993,7986,7986,-3993,-3993,1,1,0.5322690290274968,0.5322690290274968,B,B
3994,3994,7988,7988,-3994,-3994,1,1,0.609500126501245,0.609500126501245,B,B
3996,3996,7992,7992,-3996,-3996,1,1,0.6327786291040557,0.6327786291040557,B,B
3997,3997,7994,7994,-3997,-3997,1,1,0.024227684021382423,0.024227684021382423,B,B
3998,3998,7996,7996,-3998,-3998,1,1,0.9952955128415961,0.9952955128415961,B,B
3999,3999,7998,7998,-3999,-3999,1,1,0.6451045397549022,0.6451045397549022,B,B
4000,4000,8000,8000,-4000,-4000,1,1,0.0014818955184310312,0.0014818955184310312,B,B
4001,4001,8002,8002,-4001,-4001,1,1,0.6207524794585235,0.6207524794585235,B,B
4002,4002,8004,8004,-4002,-4002,1,1,0.09761214446611921,0.09761214446611921,B,B
4003,4003,8006,8006,-4003,-4003,1,1,0.6749427310246203,0.6749427310246203,B,B
4004,4004,8008,8008,-4004,-4004,1,1,0.911873828134932,0.911873828134932,B,B
4005,4005,8010,8010,-4005,-4005,1,1,0.8420104489720648,0.8420104489720648,B,B
4006,4006,8012,8012,-4006,-4006,1,1,0.2658842231999322,0.2658842231999322,B,B
4008,4008,8016,8016,-4008,-4008,1,1,0.5724071941683024,0.5724071941683024,B,B
4010,4010,8020,8020,-4010,-4010,1,1,0.4263813608987368,0.4263813608987368,B,B
4014,4014,8028,8028,-4014,-4014,1,1,0.26471669571452927,0.26471669571452927,B,B
4015,4015,8030,8030,-4015,-4015,1,1,0.3213585893081471,0.3213585893081471,B,B
4016,4016,8032,8032,-4016,-4016,1,1,0.2814376866287718,0.2814376866287718,B,B
4017,4017,8034,8034,-4017,-4017,1,1,0.8286106927725003,0.8286106927725003,B,B
4018,4018,8036,8036,-4018,-4018,1,1,0.830818477849235,0.830818477849235,B,B
4019,4019,8038,8038,-4019,-4019,1,1,0.21814323395257496,0.21814323395257496,B,B
4020,4020,8040,8040,-4020,-4020,1,1,0.22087158809492458,0.22087158809492458,B,B
4021,4021,8042,8042,-4021,-4021,1,1,0.9085187113516004,0.9085187113516004,B,B
4022,4022,8044,8044,-4022,-4022,1,1,0.6181624139789036,0.6181624139789036,B,B
4024,4024,8048,8048,-4024,-4024,1,1,0.8960196484545897,0.8960196484545897,B,B
4025,4025,8050,8050,-4025,-4025,1,1,0.4126070614913101,0.4126070614913101,B,B
4026,4026,8052,8052,-4026,-4026,1,1,0.21990814694668426,0.21990814694668426,B,B
4027,4027,8054,8054,-4027,-4027,1,1,0.7273093368211748,0.7273093368211748,B,B
4028,4028,8056,8056,-4028,-4028,1,1,0.5398460105169727,0.5398460105169727,B,B
4029,4029,8058,8058,-4029,-4029,1,1,0.34014825048693,0.34014825048693,B,B
4031,4031,8062,8062,-4031,-4031,1,1,0.5429462966320481,0.5429462966320481,B,B
4032,4032,8064,8064,-4032,-4032,1,1,0.4016427179049843,0.4016427179049843,B,B
4033,4033,8066,8066,-4033,-4033,1,1,0.7359784052513333,0.7359784052513333,B,B
4034,4034,8068,8068,-4034,-4034,1,1,0.42404197265050825,0.42404197265050825,B,B
4036,4036,8072,8072,-4036,-4036,1,1,0.7991152722220719,0.7991152722220719,B,B
4038,4038,8076,8076,-4038,-4038,1,1,0.03197530321012998,0.03197530321012998,B,B
4039,4039,8078,8078,-4039,-4039,1,1,0.36284613975519875,0.36284613975519875,B,B
4041,4041,8082,8082,-4041,-4041,1,1,0.36879841763139265,0.36879841763139265,B,B
4042,4042,8084,8084,-4042,-4042,1,1,0.17526758346824267,0.17526758346824267,B,B
4043,4043,8086,8086,-4043,-4043,1,1,0.3003455055330001,0.3003455055330001,B,B
4046,4046,8092,8092,-4046,-4046,1,1,0.38103356713731906,0.38103356713731906,B,B
4048,4048,8096,8096,-4048,-4048,1,1,0.07972431764928822,0.07972431764928822,B,B
4049,4049,8098,8098,-4049,-4049,1,1,0.48697517217276576,0.48697517217276576,B,B
4050,4050,8100,8100,-4050,-4050,1,1,0.6810116607380219,0.6810116607380219,B,B
4051,4051,8102,8102,-4051,-4051,1,1,0.9623451737095934,0.9623451737095934,B,B
4052,4052,8104,8104,-4052,-4052,1,1,0.28448897892526204,0.28448897892526204,B,B
4054,4054,8108,8108,-4054,-4054,1,1,0.614365232028708,0.614365232028708,B,B
4055,4055,8110,8110,-4055,-4055,1,1,0.7619315553776694,0.7619315553776694,B,B
4063,4063,8126,8126,-4063,-4063,1,1,0.3975165932552023,0.3975165932552023,B,B
4065,4065,8130,8130,-4065,-4065,1,1,0.7821062804632335,0.7821062804632335,B,B
4066,4066,8132,8132,-4066,-4066,1,1,0.014767115730531022,0.014767115730531022,B,B
4067,4067,8134,8134,-4067,-4067,1,1,0.7621275201097069,0.7621275201097069,B,B
4068,4068,8136,8136,-4068,-4068,1,1,0.4939099264528005,0.4939099264528005,B,B
4069,4069,8138,8138,-4069,-4069,1,1,0.06787637546616176,0.06787637546616176,B,B
4070,4070,8140,8140,-4070,-4070,1,1,0.32536626270756897,0.32536626270756897,B,B
4071,4071,8142,8142,-4071,-4071,1,1,0.3622573191490944,0.3622573191490944,B,B
4072,4072,8144,8144,-4072,-4072,1,1,0.023617582199298437,0.023617582199298437,B,B
4074,4074,8148,8148,-4074,-4074,1,1,0.38260168504880554,0.38260168504880554,B,B
4075,4075,8150,8150,-4075,-4075,1,1,0.4280047670445961,0.4280047670445961,B,B
4076,4076,8152,8152,-4076,-4076,1,1,0.2872989874115054,0.2872989874115054,B,B
4078,4078,8156,8156,-4078,-4078,1,1,0.9069890580217105,0.9069890580217105,B,B
4080,4080,8160,8160,-4080,-4080,1,1,0.09150716953571736,0.09150716953571736,B,B
4081,4081,8162,8162,-4081,-4081,1,1,0.012326831460721666,0.012326831460721666,B,B
4083,4083,8166,8166,-4083,-4083,1,1,0.503431843386992,0.503431843386992,B,B
4084,4084,8168,8168,-4084,-4084,1,1,0.9561384899405271,0.9561384899405271,B,B
4085,4085,8170,8170,-4085,-4085,1,1,0.3230520258409235,0.3230520258409235,B,B
4086,4086,8172,8172,-4086,-4086,1,1,0.08133375305090507,0.08133375305090507,B,B
4087,4087,8174,8174,-4087,-4087,1,1,0.9027350063094405,0.9027350063094405,B,B
4089,4089,8178,8178,-4089,-4089,1,1,0.13818660734956456,0.13818660734956456,B,B
4090,4090,8180,8180,-4090,-4090,1,1,0.790190749331811,0.790190749331811,B,B
4091,4091,8182,8182,-4091,-4091,1,1,0.9789670181133477,0.9789670181133477,B,B
4096,4096,8192,8192,-4096,-4096,1,1,0.404876382968279,0.404876382968279,B,B
4097,4097,8194,8194,-4097,-4097,1,1,0.8132357117259059,0.8132357117259059,B,B
4098,4098,8196,8196,-4098,-4098,1,1,0.5577067029168032,0.5577067029168032,B,B
4101,4101,8202,8202,-4101,-4101,1,1,0.22424480711411676,0.22424480711411676,B,B
4102,4102,8204,8204,-4102,-4102,1,1,0.38893551887774547,0.38893551887774547,B,B
4103,4103,8206,8206,-4103,-4103,1,1,0.27801185893536884,0.27801185893536884,B,B
4104,4104,8208,8208,-4104,-4104,1,1,0.3777819460233164,0.3777819460233164,B,B
4105,4105,8210,8210,-4105,-4105,1,1,0.3821877532659339,0.3821877532659339,B,B
4106,4106,8212,8212,-4106,-4106,1,1,0.10219761901105773,0.10219761901105773,B,B
4107,4107,8214,8214,-4107,-4107,1,1,0.6073665421501413,0.6073665421501413,B,B
4108,4108,8216,8216,-4108,-4108,1,1,0.40808704798351647,0.40808704798351647,B,B
4110,4110,8220,8220,-4110,-4110,1,1,0.2879663390498195,0.2879663390498195,B,B
4111,4111,8222,8222,-4111,-4111,1,1,0.39622860124788717,0.39622860124788717,B,B
4112,4112,8224,8224,-4112,-4112,1,1,0.23978659518900325,0.23978659518900325,B,B
4113,4113,8226,8226,-4113,-4113,1,1,0.9051614863763957,0.9051614863763957,B,B
4115,4115,8230,8230,-4115,-4115,1,1,0.7505750945129354,0.7505750945129354,B,B
4116,4116,8232,8232,-4116,-4116,1,1,0.09163749713822178,0.09163749713822178,B,B
4117,4117,8234,8234,-4117,-4117,1,1,0.8307717795941028,0.8307717795941028,B,B
4118,4118,8236,8236,-4118,-4118,1,1,0.6419198398713383,0.6419198398713383,B,B
4119,4119,8238,8238,-4119,-4119,1,1,0.5768850044815428,0.5768850044815428,B,B
4121,4121,8242,8242,-4121,-4121,1,1,0.6136028554471972,0.6136028554471972,B,B
4122,4122,8244,8244,-4122,-4122,1,1,0.06061367877403323,0.06061367877403323,B,B
4124,4124,8248,8248,-4124,-4124,1,1,0.4440162996965442,0.4440162996965442,B,B
4126,4126,8252,8252,-4126,-4126,1,1,0.07039671047667928,0.07039671047667928,B,B
4128,4128,8256,8256,-4128,-4128,1,1,0.5118150629701416,0.5118150629701416,B,B
4129,4129,8258,8258,-4129,-4129,1,1,0.9125836326854219,0.9125836326854219,B,B
4133,4133,8266,8266,-4133,-4133,1,1,0.07916901463049175,0.07916901463049175,B,B
4134,4134,8268,8268,-4134,-4134,1,1,0.24874811108049832,0.24874811108049832,B,B
4135,4135,8270,8270,-4135,-4135,1,1,0.5843310199692845,0.5843310199692845,B,B
4136,4136,8272,8272,-4136,-4136,1,1,0.009600900103332144,0.009600900103332144,B,B
4138,4138,8276,8276,-4138,-4138,1,1,0.662606032666309,0.662606032666309,B,B
4139,4139,8278,8278,-4139,-4139,1,1,0.24770135038991692,0.24770135038991692,B,B
4140,4140,8280,8280,-4140,-4140,1,1,0.6378547869301292,0.6378547869301292,B,B
4141,4141,8282,8282,-4141,-4141,1,1,0.35749903987207954,0.35749903987207954,B,B
4142,4142,8284,8284,-4142,-4142,1,1,0.04697733675734639,0.04697733675734639,B,B
4143,4143,8286,8286,-4143,-4143,1,1,0.5066455003065158,0.5066455003065158,B,B
4144,4144,8288,8288,-4144,-4144,1,1,0.4430584918438548,0.4430584918438548,B,B
4148,4148,8296,8296,-4148,-4148,1,1,0.5329611426614984,0.5329611426614984,B,B
4152,4152,8304,8304,-4152,-4152,1,1,0.8036742401805846,0.8036742401805846,B,B
4153,4153,8306,8306,-4153,-4153,1,1,0.11876507561798888,0.11876507561798888,B,B
4156,4156,8312,8312,-4156,-4156,1,1,0.5778596087260076,0.5778596087260076,B,B
4158,4158,8316,8316,-4158,-4158,1,1,0.19504717165641683,0.19504717165641683,B,B
4159,4159,8318,8318,-4159,-4159,1,1,0.20010997225417548,0.20010997225417548,B,B
4160,4160,8320,8320,-4160,-4160,1,1,0.0029239831806422423,0.0029239831806422423,B,B
4161,4161,8322,8322,-4161,-4161,1,1,0.7310514414201513,0.7310514414201513,B,B
4162,4162,8324,8324,-4162,-4162,1,1,0.8094404654685591,0.8094404654685591,B,B
4163,4163,8326,8326,-4163,-4163,1,1,0.0017852646502894975,0.0017852646502894975,B,B
4164,4164,8328,8328,-4164,-4164,1,1,0.6022404080874642,0.6022404080874642,B,B
4165,4165,8330,8330,-4165,-4165,1,1,0.699565278653596,0.699565278653596,B,B
4169,4169,8338,8338,-4169,-4169,1,1,0.7188213559707701,0.7188213559707701,B,B
4171,4171,8342,8342,-4171,-4171,1,1,0.06714864958516709,0.06714864958516709,B,B
4172,4172,8344,8344,-4172,-4172,1,1,0.47019110929408114,0.47019110929408114,B,B
4173,4173,8346,8346,-4173,-4173,1,1,0.06897818847337256,0.06897818847337256,B,B
4174,4174,8348,8348,-4174,-4174,1,1,0.8382073220216372,0.8382073220216372,B,B
4175,4175,8350,8350,-4175,-4175,1,1,0.16963691621632082,0.16963691621632082,B,B
4176,4176,8352,8352,-4176,-4176,1,1,0.030847232060018714,0.030847232060018714,B,B
4177,4177,8354,8354,-4177,-4177,1,1,0.2926872366792561,0.2926872366792561,B,B
4178,4178,8356,8356,-4178,-4178,1,1,0.4807220806016401,0.4807220806016401,B,B
4179,4179,8358,8358,-4179,-4179,1,1,0.6706787640236962,0.6706787640236962,B,B
4180,4180,8360,8360,-4180,-4180,1,1,0.19353439232414882,0.19353439232414882,B,B
4181,4181,8362,8362,-4181,-4181,1,1,0.8676440257811685,0.8676440257811685,B,B
4182,4182,8364,8364,-4182,-4182,1,1,0.3097105988063985,0.3097105988063985,B,B
4183,4183,8366,8366,-4183,-4183,1,1,0.09605669519781168,0.09605669519781168,B,B
4185,4185,8370,8370,-4185,-4185,1,1,0.7378512678266489,0.7378512678266489,B,B
4186,4186,8372,8372,-4186,-4186,1,1,0.1526963308743884,0.1526963308743884,B,B
4187,4187,8374,8374,-4187,-4187,1,1,0.6656912539964397,0.6656912539964397,B,B
4189,4189,8378,8378,-4189,-4189,1,1,0.43806694456883644,0.43806694456883644,B,B
4190,4190,8380,8380,-4190,-4190,1,1,0.3444570196855439,0.3444570196855439,B,B
4191,4191,8382,8382,-4191,-4191,1,1,0.4029442377772189,0.4029442377772189,B,B
4192,4192,8384,8384,-4192,-4192,1,1,0.9391222707713944,0.9391222707713944,B,B
4194,4194,8388,8388,-4194,-4194,1,1,0.23645838769348837,0.23645838769348837,B,B
4195,4195,8390,8390,-4195,-4195,1,1,0.1355109738966579,0.1355109738966579,B,B
4196,4196,8392,8392,-4196,-4196,1,1,0.7040664427575583,0.7040664427575583,B,B
4197,4197,8394,8394,-4197,-4197,1,1,0.4403672917541248,0.4403672917541248,B,B
4198,4198,8396,8396,-4198,-4198,1,1,0.03134633278406018,0.03134633278406018,B,B
4200,4200,8400,8400,-4200,-4200,1,1,0.635996077502093,0.635996077502093,B,B
4201,4201,8402,8402,-4201,-4201,1,1,0.3378832663546296,0.3378832663546296,B,B
4202,4202,8404,8404,-4202,-4202,1,1,0.20216582353653234,0.20216582353653234,B,B
4203,4203,8406,8406,-4203,-4203,1,1,0.26710075624665985,0.26710075624665985,B,B
4204,4204,8408,8408,-4204,-4204,1,1,0.39515696494276253,0.39515696494276253,B,B
4205,4205,8410,8410,-4205,-4205,1,1,0.6658943767928748,0.6658943767928748,B,B
4206,4206,8412,8412,-4206,-4206,1,1,0.4626491276973548,0.4626491276973548,B,B
4207,4207,8414,8414,-4207,-4207,1,1,0.983638317863721,0.983638317863721,B,B
4208,4208,8416,8416,-4208,-4208,1,1,0.5969230964332723,0.5969230964332723,B,B
4209,4209,8418,8418,-4209,-4209,1,1,0.10878216217746728,0.10878216217746728,B,B
4210,4210,8420,8420,-4210,-4210,1,1,0.97895065979651,0.97895065979651,B,B
4211,4211,8422,8422,-4211,-4211,1,1,0.09985322961862264,0.09985322961862264,B,B
4213,4213,8426,8426,-4213,-4213,1,1,0.3729380546397789,0.3729380546397789,B,B
4215,4215,8430,8430,-4215,-4215,1,1,0.6829093398279296,0.6829093398279296,B,B
4216,4216,8432,8432,-4216,-4216,1,1,0.11898856335238339,0.11898856335238339,B,B
4217,4217,8434,8434,-4217,-4217,1,1,0.018141218548647697,0.018141218548647697,B,B
4218,4218,8436,8436,-4218,-4218,1,1,0.9632854635508141,0.9632854635508141,B,B
4220,4220,8440,8440,-4220,-4220,1,1,0.9610684674254623,0.9610684674254623,B,B
4221,4221,8442,8442,-4221,-4221,1,1,0.07860091103821909,0.07860091103821909,B,B
4222,4222,8444,8444,-4222,-4222,1,1,0.48846512925553265,0.48846512925553265,B,B
4224,4224,8448,8448,-4224,-4224,1,1,0.31847950390572954,0.31847950390572954,B,B
4225,4225,8450,8450,-4225,-4225,1,1,0.8178566486390546,0.8178566486390546,B,B
4226,4226,8452,8452,-4226,-4226,1,1,0.44222914593611196,0.44222914593611196,B,B
4227,4227,8454,8454,-4227,-4227,1,1,0.09445680959764047,0.09445680959764047,B,B
4228,4228,8456,8456,-4228,-4228,1,1,0.7621883475011079,0.7621883475011079,B,B
4230,4230,8460,8460,-4230,-4230,1,1,0.5457035770407775,0.5457035770407775,B,B
4231,4231,8462,8462,-4231,-4231,1,1,0.5048095976356812,0.5048095976356812,B,B
4232,4232,8464,8464,-4232,-4232,1,1,0.7284217589702133,0.7284217589702133,B,B
4236,4236,8472,8472,-4236,-4236,1,1,0.13375090784602672,0.13375090784602672,B,B
4237,4237,8474,8474,-4237,-4237,1,1,0.7537098259752755,0.7537098259752755,B,B
4240,4240,8480,8480,-4240,-4240,1,1,0.17015198865155878,0.17015198865155878,B,B
4241,4241,8482,8482,-4241,-4241,1,1,0.09186242394441502,0.09186242394441502,B,B
4242,4242,8484,8484,-4242,-4242,1,1,0.2312611731569585,0.2312611731569585,B,B
4243,4243,8486,8486,-4243,-4243,1,1,0.527755500262196,0.527755500262196,B,B
4246,4246,8492,8492,-4246,-4246,1,1,0.8634633950751956,0.8634633950751956,B,B
4247,4247,8494,8494,-4247,-4247,1,1,0.3530970753712934,0.3530970753712934,B,B
4248,4248,8496,8496,-4248,-4248,1,1,0.6349522197376376,0.6349522197376376,B,B
4249,4249,8498,8498,-4249,-4249,1,1,0.49485793924820753,0.49485793924820753,B,B
4250,4250,8500,8500,-4250,-4250,1,1,0.3738990501499688,0.3738990501499688,B,B
4251,4251,8502,8502,-4251,-4251,1,1,0.2168200107476519,0.2168200107476519,B,B
4253,4253,8506,8506,-4253,-4253,1,1,0.031118125955550302,0.031118125955550302,B,B
4254,4254,8508,8508,-4254,-4254,1,1,0.38082009204109757,0.38082009204109757,B,B
4255,4255,8510,8510,-4255,-4255,1,1,0.9512145016390069,0.9512145016390069,B,B
4256,4256,8512,8512,-4256,-4256,1,1,0.8045577036709629,0.8045577036709629,B,B
4257,4257,8514,8514,-4257,-4257,1,1,0.7950403763653807,0.7950403763653807,B,B
4258,4258,8516,8516,-4258,-4258,1,1,0.14433065534991152,0.14433065534991152,B,B
4259,4259,8518,8518,-4259,-4259,1,1,0.6103156791463534,0.6103156791463534,B,B
4262,4262,8524,8524,-4262,-4262,1,1,0.31278945548476556,0.31278945548476556,B,B
4266,4266,8532,8532,-4266,-4266,1,1,0.9684211016560744,0.9684211016560744,B,B
4267,4267,8534,8534,-4267,-4267,1,1,0.8980612746120892,0.8980612746120892,B,B
4268,4268,8536,8536,-4268,-4268,1,1,0.29064782795536137,0.29064782795536137,B,B
4269,4269,8538,8538,-4269,-4269,1,1,0.10349734982385017,0.10349734982385017,B,B
4271,4271,8542,8542,-4271,-4271,1,1,0.1730149185001464,0.1730149185001464,B,B
4272,4272,8544,8544,-4272,-4272,1,1,0.9174201951898477,0.9174201951898477,B,B
4273,4273,8546,8546,-4273,-4273,1,1,0.23994166398579542,0.23994166398579542,B,B
4274,4274,8548,8548,-4274,-4274,1,1,0.4101885357025774,0.4101885357025774,B,B
4275,4275,8550,8550,-4275,-4275,1,1,0.7521867562756089,0.7521867562756089,B,B
4276,4276,8552,8552,-4276,-4276,1,1,0.9245442830198295,0.9245442830198295,B,B
4277,4277,8554,8554,-4277,-4277,1,1,0.6353800158117858,0.6353800158117858,B,B
4279,4279,8558,8558,-4279,-4279,1,1,0.3482400683660951,0.3482400683660951,B,B
4281,4281,8562,8562,-4281,-4281,1,1,0.7060899140297662,0.7060899140297662,B,B
4282,4282,8564,8564,-4282,-4282,1,1,0.10429935515033706,0.10429935515033706,B,B
4283,4283,8566,8566,-4283,-4283,1,1,0.3487947724696149,0.3487947724696149,B,B
4284,4284,8568,8568,-4284,-4284,1,1,0.1857835692283989,0.1857835692283989,B,B
4285,4285,8570,8570,-4285,-4285,1,1,0.8720419627297581,0.8720419627297581,B,B
4286,4286,8572,8572,-4286,-4286,1,1,0.7824973294483996,0.7824973294483996,B,B
4288,4288,8576,8576,-4288,-4288,1,1,0.7122245129927739,0.7122245129927739,B,B
4289,4289,8578,8578,-4289,-4289,1,1,0.7185520617116719,0.7185520617116719,B,B
4291,4291,8582,8582,-4291,-4291,1,1,0.7929123496858824,0.7929123496858824,B,B
4292,4292,8584,8584,-4292,-4292,1,1,0.5217111911788546,0.5217111911788546,B,B
4294,4294,8588,8588,-4294,-4294,1,1,0.015215838242605306,0.015215838242605306,B,B
4295,4295,8590,8590,-4295,-4295,1,1,0.5212076281561175,0.5212076281561175,B,B
4297,4297,8594,8594,-4297,-4297,1,1,0.9638566452067537,0.9638566452067537,B,B
4298,4298,8596,8596,-4298,-4298,1,1,0.7036613476372894,0.7036613476372894,B,B
4302,4302,8604,8604,-4302,-4302,1,1,0.3517424904638048,0.3517424904638048,B,B
4306,4306,8612,8612,-4306,-4306,1,1,0.7129115578401104,0.7129115578401104,B,B
4308,4308,8616,8616,-4308,-4308,1,1,0.7150648318022246,0.7150648318022246,B,B
4311,4311,8622,8622,-4311,-4311,1,1,0.2228237715455419,0.2228237715455419,B,B
4312,4312,8624,8624,-4312,-4312,1,1,0.742558742156818,0.742558742156818,B,B
4313,4313,8626,8626,-4313,-4313,1,1,0.8542427085748011,0.8542427085748011,B,B
4315,4315,8630,8630,-4315,-4315,1,1,0.47500909356534304,0.47500909356534304,B,B
4316,4316,8632,8632,-4316,-4316,1,1,0.19139713698435679,0.19139713698435679,B,B
4318,4318,8636,8636,-4318,-4318,1,1,0.803133538931334,0.803133538931334,B,B
4319,4319,8638,8638,-4319,-4319,1,1,0.2069238361599709,0.2069238361599709,B,B
4320,4320,8640,8640,-4320,-4320,1,1,0.7096575853701171,0.7096575853701171,B,B
4323,4323,8646,8646,-4323,-4323,1,1,0.2437510509212658,0.2437510509212658,B,B
4325,4325,8650,8650,-4325,-4325,1,1,0.9606428325000324,0.9606428325000324,B,B
4326,4326,8652,8652,-4326,-4326,1,1,0.7165718695209178,0.7165718695209178,B,B
4327,4327,8654,8654,-4327,-4327,1,1,0.6589443009707437,0.6589443009707437,B,B
4328,4328,8656,8656,-4328,-4328,1,1,0.836604570279811,0.836604570279811,B,B
4329,4329,8658,8658,-4329,-4329,1,1,0.5152741486237512,0.5152741486237512,B,B
4332,4332,8664,8664,-4332,-4332,1,1,0.6005461911446488,0.6005461911446488,B,B
4333,4333,8666,8666,-4333,-4333,1,1,0.09059183233442147,0.09059183233442147,B,B
4334,4334,8668,8668,-4334,-4334,1,1,0.9286804433757875,0.9286804433757875,B,B
4336,4336,8672,8672,-4336,-4336,1,1,0.9783990477750464,0.9783990477750464,B,B
4339,4339,8678,8678,-4339,-4339,1,1,0.6195322843135529,0.6195322843135529,B,B
4340,4340,8680,8680,-4340,-4340,1,1,0.5881396082945912,0.5881396082945912,B,B
4342,4342,8684,8684,-4342,-4342,1,1,0.8392534197288339,0.8392534197288339,B,B
4343,4343,8686,8686,-4343,-4343,1,1,0.049232609891355805,0.049232609891355805,B,B
4344,4344,8688,8688,-4344,-4344,1,1,0.20462006660510013,0.20462006660510013,B,B
4345,4345,8690,8690,-4345,-4345,1,1,0.32839573048863147,0.32839573048863147,B,B
4346,4346,8692,8692,-4346,-4346,1,1,0.9897244387540585,0.9897244387540585,B,B
4348,4348,8696,8696,-4348,-4348,1,1,0.3980471063328843,0.3980471063328843,B,B
4351,4351,8702,8702,-4351,-4351,1,1,0.2586056750021758,0.2586056750021758,B,B
4352,4352,8704,8704,-4352,-4352,1,1,0.18482530016513488,0.18482530016513488,B,B
4354,4354,8708,8708,-4354,-4354,1,1,0.8479157168169674,0.8479157168169674,B,B
4356,4356,8712,8712,-4356,-4356,1,1,0.6647740326609289,0.6647740326609289,B,B
4357,4357,8714,8714,-4357,-4357,1,1,0.30053582180696614,0.30053582180696614,B,B
4358,4358,8716,8716,-4358,-4358,1,1,0.32755199287265757,0.32755199287265757,B,B
4360,4360,8720,8720,-4360,-4360,1,1,0.7931235811357097,0.7931235811357097,B,B
4361,4361,8722,8722,-4361,-4361,1,1,0.9182048757674636,0.9182048757674636,B,B
4362,4362,8724,8724,-4362,-4362,1,1,0.29283454943269016,0.29283454943269016,B,B
4363,4363,8726,8726,-4363,-4363,1,1,0.6795746283566663,0.6795746283566663,B,B
4364,4364,8728,8728,-4364,-4364,1,1,0.3009405501492811,0.3009405501492811,B,B
4365,4365,8730,8730,-4365,-4365,1,1,0.2951046434484085,0.2951046434484085,B,B
4366,4366,8732,8732,-4366,-4366,1,1,0.594083740554825,0.594083740554825,B,B
4369,4369,8738,8738,-4369,-4369,1,1,0.7934856412089357,0.7934856412089357,B,B
4372,4372,8744,8744,-4372,-4372,1,1,0.0025297686960493726,0.0025297686960493726,B,B
4373,4373,8746,8746,-4373,-4373,1,1,0.3911565528335159,0.3911565528335159,B,B
4375,4375,8750,8750,-4375,-4375,1,1,0.05492265574696531,0.05492265574696531,B,B
4376,4376,8752,8752,-4376,-4376,1,1,0.9399163079171451,0.9399163079171451,B,B
4378,4378,8756,8756,-4378,-4378,1,1,0.30145394757128374,0.30145394757128374,B,B
4379,4379,8758,8758,-4379,-4379,1,1,0.781600486535817,0.781600486535817,B,B
4380,4380,8760,8760,-4380,-4380,1,1,0.7741187199688483,0.7741187199688483,B,B
4381,4381,8762,8762,-4381,-4381,1,1,0.08965737848478483,0.08965737848478483,B,B
4382,4382,8764,8764,-4382,-4382,1,1,0.16238743697151825,0.16238743697151825,B,B
4385,4385,8770,8770,-4385,-4385,1,1,0.7286362355938132,0.7286362355938132,B,B
4387,4387,8774,8774,-4387,-4387,1,1,0.8501436430609897,0.8501436430609897,B,B
4389,4389,8778,8778,-4389,-4389,1,1,0.8987751279400441,0.8987751279400441,B,B
4391,4391,8782,8782,-4391,-4391,1,1,0.0756851337050829,0.0756851337050829,B,B
4392,4392,8784,8784,-4392,-4392,1,1,0.7855410990546287,0.7855410990546287,B,B
4393,4393,8786,8786,-4393,-4393,1,1,0.1332589368626127,0.1332589368626127,B,B
4394,4394,8788,8788,-4394,-4394,1,1,0.6736393472142699,0.6736393472142699,B,B
4395,4395,8790,8790,-4395,-4395,1,1,0.8081508558600542,0.8081508558600542,B,B
4396,4396,8792,8792,-4396,-4396,1,1,0.33513772349864435,0.33513772349864435,B,B
4397,4397,8794,8794,-4397,-4397,1,1,0.5802526249128186,0.5802526249128186,B,B
4399,4399,8798,8798,-4399,-4399,1,1,0.1667160738529827,0.1667160738529827,B,B
4400,4400,8800,8800,-4400,-4400,1,1,0.13128162142473854,0.13128162142473854,B,B
4401,4401,8802,8802,-4401,-4401,1,1,0.9987256497581195,0.9987256497581195,B,B
4402,4402,8804,8804,-4402,-4402,1,1,0.3580189033346318,0.3580189033346318,B,B
4405,4405,8810,8810,-4405,-4405,1,1,0.06086820625693601,0.06086820625693601,B,B
4406,4406,8812,8812,-4406,-4406,1,1,0.36326959483172827,0.36326959483172827,B,B
4407,4407,8814,8814,-4407,-4407,1,1,0.44292482729421034,0.44292482729421034,B,B
4408,4408,8816,8816,-4408,-4408,1,1,0.8421960636617657,0.8421960636617657,B,B
4409,4409,8818,8818,-4409,-4409,1,1,0.3659216676741307,0.3659216676741307,B,B
4410,4410,8820,8820,-4410,-4410,1,1,0.20428369895411636,0.20428369895411636,B,B
4411,4411,8822,8822,-4411,-4411,1,1,0.81093086149687,0.81093086149687,B,B
4412,4412,8824,8824,-4412,-4412,1,1,0.3281681792663501,0.3281681792663501,B,B
4414,4414,8828,8828,-4414,-4414,1,1,0.33457118209065917,0.33457118209065917,B,B
4415,4415,8830,8830,-4415,-4415,1,1,0.6719795713892815,0.6719795713892815,B,B
4417,4417,8834,8834,-4417,-4417,1,1,0.1819463948438711,0.1819463948438711,B,B
4418,4418,8836,8836,-4418,-4418,1,1,0.976273838521461,0.976273838521461,B,B
4419,4419,8838,8838,-4419,-4419,1,1,0.5631318027164631,0.5631318027164631,B,B
4420,4420,8840,8840,-4420,-4420,1,1,0.7575238665214757,0.7575238665214757,B,B
4421,4421,8842,8842,-4421,-4421,1,1,0.27476148850200977,0.27476148850200977,B,B
4422,4422,8844,8844,-4422,-4422,1,1,0.6033616116744528,0.6033616116744528,B,B
4423,4423,8846,8846,-4423,-4423,1,1,0.07059485033477464,0.07059485033477464,B,B
4425,4425,8850,8850,-4425,-4425,1,1,0.5039522150478926,0.5039522150478926,B,B
4426,4426,8852,8852,-4426,-4426,1,1,0.6842390320124048,0.6842390320124048,B,B
4428,4428,8856,8856,-4428,-4428,1,1,0.1659534001065116,0.1659534001065116,B,B
4431,4431,8862,8862,-4431,-4431,1,1,0.5353711697657213,0.5353711697657213,B,B
4433,4433,8866,8866,-4433,-4433,1,1,0.9842270411093477,0.9842270411093477,B,B
4435,4435,8870,8870,-4435,-4435,1,1,0.6928289607844519,0.6928289607844519,B,B
4437,4437,8874,8874,-4437,-4437,1,1,0.5838542122279549,0.5838542122279549,B,B
4438,4438,8876,8876,-4438,-4438,1,1,0.1176595431916263,0.1176595431916263,B,B
4439,4439,8878,8878,-4439,-4439,1,1,0.2875056083486349,0.2875056083486349,B,B
4440,4440,8880,8880,-4440,-4440,1,1,0.14001508031831478,0.14001508031831478,B,B
4441,4441,8882,8882,-4441,-4441,1,1,0.6325024903158556,0.6325024903158556,B,B
4442,4442,8884,8884,-4442,-4442,1,1,0.8624736881352552,0.8624736881352552,B,B
4444,4444,8888,8888,-4444,-4444,1,1,0.5004075010967838,0.5004075010967838,B,B
4446,4446,8892,8892,-4446,-4446,1,1,0.8860922550447079,0.8860922550447079,B,B
4447,4447,8894,8894,-4447,-4447,1,1,0.7953810538088721,0.7953810538088721,B,B
4449,4449,8898,8898,-4449,-4449,1,1,0.07533806180165503,0.07533806180165503,B,B
4450,4450,8900,8900,-4450,-4450,1,1,0.07845305589259566,0.07845305589259566,B,B
4451,4451,8902,8902,-4451,-4451,1,1,0.49178515208762286,0.49178515208762286,B,B
4452,4452,8904,8904,-4452,-4452,1,1,0.3445460311210281,0.3445460311210281,B,B
4453,4453,8906,8906,-4453,-4453,1,1,0.23691384410895966,0.23691384410895966,B,B
4456,4456,8912,8912,-4456,-4456,1,1,0.5092136158969195,0.5092136158969195,B,B
4457,4457,8914,8914,-4457,-4457,1,1,0.42721010968719597,0.42721010968719597,B,B
4459,4459,8918,8918,-4459,-4459,1,1,0.9826141702713594,0.9826141702713594,B,B
4460,4460,8920,8920,-4460,-4460,1,1,0.12127782881893578,0.12127782881893578,B,B
4461,4461,8922,8922,-4461,-4461,1,1,0.7393111581178288,0.7393111581178288,B,B
4462,4462,8924,8924,-4462,-4462,1,1,0.47398622583014016,0.47398622583014016,B,B
4463,4463,8926,8926,-4463,-4463,1,1,0.7287034329286428,0.7287034329286428,B,B
4464,4464,8928,8928,-4464,-4464,1,1,0.6546470384750555,0.6546470384750555,B,B
4465,4465,8930,8930,-4465,-4465,1,1,0.5110372570660109,0.5110372570660109,B,B
4466,4466,8932,8932,-4466,-4466,1,1,0.19582092704629717,0.19582092704629717,B,B
4468,4468,8936,8936,-4468,-4468,1,1,0.7753706398994326,0.7753706398994326,B,B
4469,4469,8938,8938,-4469,-4469,1,1,0.8538860826530222,0.8538860826530222,B,B
4470,4470,8940,8940,-4470,-4470,1,1,0.5923583258481854,0.5923583258481854,B,B
4471,4471,8942,8942,-4471,-4471,1,1,0.09410853813850661,0.09410853813850661,B,B
4474,4474,8948,8948,-4474,-4474,1,1,0.021111591585665,0.021111591585665,B,B
4475,4475,8950,8950,-4475,-4475,1,1,0.9696784051641747,0.9696784051641747,B,B
4480,4480,8960,8960,-4480,-4480,1,1,0.13332048106683558,0.13332048106683558,B,B
4481,4481,8962,8962,-4481,-4481,1,1,0.5850274437762297,0.5850274437762297,B,B
4482,4482,8964,8964,-4482,-4482,1,1,0.08076588561719444,0.08076588561719444,B,B
4483,4483,8966,8966,-4483,-4483,1,1,0.8945071089576312,0.8945071089576312,B,B
4484,4484,8968,8968,-4484,-4484,1,1,0.6544563103459061,0.6544563103459061,B,B
4485,4485,8970,8970,-4485,-4485,1,1,0.4377265474748253,0.4377265474748253,B,B
4486,4486,8972,8972,-4486,-4486,1,1,0.26573874279383525,0.26573874279383525,B,B
4488,4488,8976,8976,-4488,-4488,1,1,0.04053810212855491,0.04053810212855491,B,B
4490,4490,8980,8980,-4490,-4490,1,1,0.40835142549963177,0.40835142549963177,B,B
4498,4498,8996,8996,-4498,-4498,1,1,0.20273608034210422,0.20273608034210422,B,B
4500,4500,9000,9000,-4500,-4500,1,1,0.8474910897366463,0.8474910897366463,B,B
4501,4501,9002,9002,-4501,-4501,1,1,0.233096106331956,0.233096106331956,B,B
4504,4504,9008,9008,-4504,-4504,1,1,0.5589583969691236,0.5589583969691236,B,B
4506,4506,9012,9012,-4506,-4506,1,1,0.03615066357372776,0.03615066357372776,B,B
4507,4507,9014,9014,-4507,-4507,1,1,0.08461399028443273,0.08461399028443273,B,B
4509,4509,9018,9018,-4509,-4509,1,1,0.9932898320863071,0.9932898320863071,B,B
4511,4511,9022,9022,-4511,-4511,1,1,0.8003611410180456,0.8003611410180456,B,B
4512,4512,9024,9024,-4512,-4512,1,1,0.43011512762794624,0.43011512762794624,B,B
4513,4513,9026,9026,-4513,-4513,1,1,0.7583607730033107,0.7583607730033107,B,B
4514,4514,9028,9028,-4514,-4514,1,1,0.3681161774843513,0.3681161774843513,B,B
4515,4515,9030,9030,-4515,-4515,1,1,0.939280332830727,0.939280332830727,B,B
4516,4516,9032,9032,-4516,-4516,1,1,0.5105529123782392,0.5105529123782392,B,B
4518,4518,9036,9036,-4518,-4518,1,1,0.3626614189637235,0.3626614189637235,B,B
4522,4522,9044,9044,-4522,-4522,1,1,0.0033134974449233745,0.0033134974449233745,B,B
4523,4523,9046,9046,-4523,-4523,1,1,0.13767967842744877,0.13767967842744877,B,B
4529,4529,9058,9058,-4529,-4529,1,1,0.6727956128895384,0.6727956128895384,B,B
4530,4530,9060,9060,-4530,-4530,1,1,0.5878837765200848,0.5878837765200848,B,B
4531,4531,9062,9062,-4531,-4531,1,1,0.37519083484922156,0.37519083484922156,B,B
4532,4532,9064,9064,-4532,-4532,1,1,0.6013304087663938,0.6013304087663938,B,B
4533,4533,9066,9066,-4533,-4533,1,1,0.9829789192236369,0.9829789192236369,B,B
4534,4534,9068,9068,-4534,-4534,1,1,0.34751300069315016,0.34751300069315016,B,B
4536,4536,9072,9072,-4536,-4536,1,1,0.7502872228752353,0.7502872228752353,B,B
4537,4537,9074,9074,-4537,-4537,1,1,0.7379303380043972,0.7379303380043972,B,B
4538,4538,9076,9076,-4538,-4538,1,1,0.47754052705707184,0.47754052705707184,B,B
4539,4539,9078,9078,-4539,-4539,1,1,0.6404641874861497,0.6404641874861497,B,B
4540,4540,9080,9080,-4540,-4540,1,1,0.05706955813339576,0.05706955813339576,B,B
4542,4542,9084,9084,-4542,-4542,1,1,0.2770688519379224,0.2770688519379224,B,B
4543,4543,9086,9086,-4543,-4543,1,1,0.45048636781843976,0.45048636781843976,B,B
4544,4544,9088,9088,-4544,-4544,1,1,0.8019913475147069,0.8019913475147069,B,B
4545,4545,9090,9090,-4545,-4545,1,1,0.06303314665110471,0.06303314665110471,B,B
4546,4546,9092,9092,-4546,-4546,1,1,0.6930920223568292,0.6930920223568292,B,B
4549,4549,9098,9098,-4549,-4549,1,1,0.14974737543035277,0.14974737543035277,B,B
4550,4550,9100,9100,-4550,-4550,1,1,0.7519812308867492,0.7519812308867492,B,B
4551,4551,9102,9102,-4551,-4551,1,1,0.8639626204832886,0.8639626204832886,B,B
4552,4552,9104,9104,-4552,-4552,1,1,0.7886540507048211,0.7886540507048211,B,B
4553,4553,9106,9106,-4553,-4553,1,1,0.9114275449891271,0.9114275449891271,B,B
4554,4554,9108,9108,-4554,-4554,1,1,0.22006254236139788,0.22006254236139788,B,B
4555,4555,9110,9110,-4555,-4555,1,1,0.2635120606408422,0.2635120606408422,B,B
4556,4556,9112,9112,-4556,-4556,1,1,0.7570698744388166,0.7570698744388166,B,B
4557,4557,9114,9114,-4557,-4557,1,1,0.708857780892068,0.708857780892068,B,B
4558,4558,9116,9116,-4558,-4558,1,1,0.42164489385573467,0.42164489385573467,B,B
4559,4559,9118,9118,-4559,-4559,1,1,0.4747519638583463,0.4747519638583463,B,B
4560,4560,9120,9120,-4560,-4560,1,1,0.24417213785169334,0.24417213785169334,B,B
4561,4561,9122,9122,-4561,-4561,1,1,0.9821538488492229,0.9821538488492229,B,B
4565,4565,9130,9130,-4565,-4565,1,1,0.291390205133359,0.291390205133359,B,B
4566,4566,9132,9132,-4566,-4566,1,1,0.11404209318373204,0.11404209318373204,B,B
4567,4567,9134,9134,-4567,-4567,1,1,0.6339238138857515,0.6339238138857515,B,B
4569,4569,9138,9138,-4569,-4569,1,1,0.07175187475981448,0.07175187475981448,B,B
4570,4570,9140,9140,-4570,-4570,1,1,0.16084754300489412,0.16084754300489412,B,B
4571,4571,9142,9142,-4571,-4571,1,1,0.6167305496462043,0.6167305496462043,B,B
4574,4574,9148,9148,-4574,-4574,1,1,0.41436990175995514,0.41436990175995514,B,B
4575,4575,9150,9150,-4575,-4575,1,1,0.8450979557428285,0.8450979557428285,B,B
4576,4576,9152,9152,-4576,-4576,1,1,0.688822292649273,0.688822292649273,B,B
4577,4577,9154,9154,-4577,-4577,1,1,0.09989923140055912,0.09989923140055912,B,B
4580,4580,9160,9160,-4580,-4580,1,1,0.2552565110588777,0.2552565110588777,B,B
4583,4583,9166,9166,-4583,-4583,1,1,0.6110515300930767,0.6110515300930767,B,B
4584,4584,9168,9168,-4584,-4584,1,1,0.08037390336742778,0.08037390336742778,B,B
4589,4589,9178,9178,-4589,-4589,1,1,0.568039249434792,0.568039249434792,B,B
4590,4590,9180,9180,-4590,-4590,1,1,0.5804638466351776,0.5804638466351776,B,B
4591,4591,9182,9182,-4591,-4591,1,1,0.3705281489549963,0.3705281489549963,B,B
4593,4593,9186,9186,-4593,-4593,1,1,0.02906881492347213,0.02906881492347213,B,B
4594,4594,9188,9188,-4594,-4594,1,1,0.2110002264611679,0.2110002264611679,B,B
4597,4597,9194,9194,-4597,-4597,1,1,0.830330343812695,0.830330343812695,B,B
4598,4598,9196,9196,-4598,-4598,1,1,0.9785281755815242,0.9785281755815242,B,B
4602,4602,9204,9204,-4602,-4602,1,1,0.23387606845664544,0.23387606845664544,B,B
4603,4603,9206,9206,-4603,-4603,1,1,0.12746472884215054,0.12746472884215054,B,B
4605,4605,9210,9210,-4605,-4605,1,1,0.27671210748830777,0.27671210748830777,B,B
4606,4606,9212,9212,-4606,-4606,1,1,0.7141949045379689,0.7141949045379689,B,B
4607,4607,9214,9214,-4607,-4607,1,1,0.595773844143791,0.595773844143791,B,B
4609,4609,9218,9218,-4609,-4609,1,1,0.7648052642054607,0.7648052642054607,B,B
4610,4610,9220,9220,-4610,-4610,1,1,0.3549485525784324,0.3549485525784324,B,B
4611,4611,9222,9222,-4611,-4611,1,1,0.4077048921091905,0.4077048921091905,B,B
4612,4612,9224,9224,-4612,-4612,1,1,0.5212813845733193,0.5212813845733193,B,B
4613,4613,9226,9226,-4613,-4613,1,1,0.420957777491873,0.420957777491873,B,B
4616,4616,9232,9232,-4616,-4616,1,1,0.6158808957611772,0.6158808957611772,B,B
4617,4617,9234,9234,-4617,-4617,1,1,0.38038594019288385,0.38038594019288385,B,B
4619,4619,9238,9238,-4619,-4619,1,1,0.3435386277340198,0.3435386277340198,B,B
4620,4620,9240,9240,-4620,-4620,1,1,0.47372423179815504,0.47372423179815504,B,B
4621,4621,9242,9242,-4621,-4621,1,1,0.2668485934035941,0.2668485934035941,B,B
4622,4622,9244,9244,-4622,-4622,1,1,0.6398671295790506,0.6398671295790506,B,B
4623,4623,9246,9246,-4623,-4623,1,1,0.4697166694215559,0.4697166694215559,B,B
4624,4624,9248,9248,-4624,-4624,1,1,0.2608433757773665,0.2608433757773665,B,B
4625,4625,9250,9250,-4625,-4625,1,1,0.2965989121029211,0.2965989121029211,B,B
4626,4626,9252,9252,-4626,-4626,1,1,0.9145212787032007,0.9145212787032007,B,B
4628,4628,9256,9256,-4628,-4628,1,1,0.7650316097159812,0.7650316097159812,B,B
4630,4630,9260,9260,-4630,-4630,1,1,0.08755874303252009,0.08755874303252009,B,B
4631,4631,9262,9262,-4631,-4631,1,1,0.3269978858270193,0.3269978858270193,B,B
4632,4632,9264,9264,-4632,-4632,1,1,0.010738794968005005,0.010738794968005005,B,B
4634,4634,9268,9268,-4634,-4634,1,1,0.7125881989051995,0.7125881989051995,B,B
4635,4635,9270,9270,-4635,-4635,1,1,0.3673370199499809,0.3673370199499809,B,B
4636,4636,9272,9272,-4636,-4636,1,1,0.00018454766270337153,0.00018454766270337153,B,B
4637,4637,9274,9274,-4637,-4637,1,1,0.8969971132893707,0.8969971132893707,B,B
4638,4638,9276,9276,-4638,-4638,1,1,0.5468257337781519,0.5468257337781519,B,B
4641,4641,9282,9282,-4641,-4641,1,1,0.3882112272997663,0.3882112272997663,B,B
4645,4645,9290,9290,-4645,-4645,1,1,0.919970503025787,0.919970503025787,B,B
4646,4646,9292,9292,-4646,-4646,1,1,0.24911188593326394,0.24911188593326394,B,B
4647,4647,9294,9294,-4647,-4647,1,1,0.5169206448017877,0.5169206448017877,B,B
4649,4649,9298,9298,-4649,-4649,1,1,0.9102485686032787,0.9102485686032787,B,B
4650,4650,9300,9300,-4650,-4650,1,1,0.11756403463684006,0.11756403463684006,B,B
4651,4651,9302,9302,-4651,-4651,1,1,0.03774663786919408,0.03774663786919408,B,B
4652,4652,9304,9304,-4652,-4652,1,1,0.5738128596868537,0.5738128596868537,B,B
4653,4653,9306,9306,-4653,-4653,1,1,0.32985080485154605,0.32985080485154605,B,B
4654,4654,9308,9308,-4654,-4654,1,1,0.026185655832814958,0.026185655832814958,B,B
4655,4655,9310,9310,-4655,-4655,1,1,0.8483288367488273,0.8483288367488273,B,B
4656,4656,9312,9312,-4656,-4656,1,1,0.05261975311948053,0.05261975311948053,B,B
4657,4657,9314,9314,-4657,-4657,1,1,0.06679602100900417,0.06679602100900417,B,B
4658,4658,9316,9316,-4658,-4658,1,1,0.48793157187434333,0.48793157187434333,B,B
4660,4660,9320,9320,-4660,-4660,1,1,0.11322974223328919,0.11322974223328919,B,B
4661,4661,9322,9322,-4661,-4661,1,1,0.3559354181036074,0.3559354181036074,B,B
4664,4664,9328,9328,-4664,-4664,1,1,0.9550297410922668,0.9550297410922668,B,B
4665,4665,9330,9330,-4665,-4665,1,1,0.7508545404683815,0.7508545404683815,B,B
4666,4666,9332,9332,-4666,-4666,1,1,0.012373410741469693,0.012373410741469693,B,B
4667,4667,9334,9334,-4667,-4667,1,1,0.23064490929947945,0.23064490929947945,B,B
4668,4668,9336,9336,-4668,-4668,1,1,0.9820673632920889,0.9820673632920889,B,B
4669,4669,9338,9338,-4669,-4669,1,1,0.685966810718317,0.685966810718317,B,B
4671,4671,9342,9342,-4671,-4671,1,1,0.08682930922025667,0.08682930922025667,B,B
4672,4672,9344,9344,-4672,-4672,1,1,0.471756365385929,0.471756365385929,B,B
4673,4673,9346,9346,-4673,-4673,1,1,0.8268603484908323,0.8268603484908323,B,B
4674,4674,9348,9348,-4674,-4674,1,1,0.6618167315881894,0.6618167315881894,B,B
4675,4675,9350,9350,-4675,-4675,1,1,0.11080813828096692,0.11080813828096692,B,B
4677,4677,9354,9354,-4677,-4677,1,1,0.5833969487515139,0.5833969487515139,B,B
4679,4679,9358,9358,-4679,-4679,1,1,0.3774750242080829,0.3774750242080829,B,B
4680,4680,9360,9360,-4680,-4680,1,1,0.8498094753083014,0.8498094753083014,B,B
4681,4681,9362,9362,-4681,-4681,1,1,0.088547661586735,0.088547661586735,B,B
4683,4683,9366,9366,-4683,-4683,1,1,0.2141133916539576,0.2141133916539576,B,B
4685,4685,9370,9370,-4685,-4685,1,1,0.5817749008933147,0.5817749008933147,B,B
4686,4686,9372,9372,-4686,-4686,1,1,0.34418538676767396,0.34418538676767396,B,B
4687,4687,9374,9374,-4687,-4687,1,1,0.9985562221020201,0.9985562221020201,B,B
4688,4688,9376,9376,-4688,-4688,1,1,0.5922151934902168,0.5922151934902168,B,B
4689,4689,9378,9378,-4689,-4689,1,1,0.6618908494241688,0.6618908494241688,B,B
4691,4691,9382,9382,-4691,-4691,1,1,0.652581180059103,0.652581180059103,B,B
4692,4692,9384,9384,-4692,-4692,1,1,0.402235129740934,0.402235129740934,B,B
4693,4693,9386,9386,-4693,-4693,1,1,0.6397323456573171,0.6397323456573171,B,B
4694,4694,9388,9388,-4694,-4694,1,1,0.5033122691101495,0.5033122691101495,B,B
4695,4695,9390,9390,-4695,-4695,1,1,0.7296084600740106,0.7296084600740106,B,B
4697,4697,9394,9394,-4697,-4697,1,1,0.12646015007357936,0.12646015007357936,B,B
4701,4701,9402,9402,-4701,-4701,1,1,0.3029227114107885,0.3029227114107885,B,B
4702,4702,9404,9404,-4702,-4702,1,1,0.9345016765109542,0.9345016765109542,B,B
4703,4703,9406,9406,-4703,-4703,1,1,0.0657423599080651,0.0657423599080651,B,B
4704,4704,9408,9408,-4704,-4704,1,1,0.23007245317627567,0.23007245317627567,B,B
4706,4706,9412,9412,-4706,-4706,1,1,0.7958670577305168,0.7958670577305168,B,B
4708,4708,9416,9416,-4708,-4708,1,1,0.32679058433840946,0.32679058433840946,B,B
4709,4709,9418,9418,-4709,-4709,1,1,0.9867047038636206,0.9867047038636206,B,B
4710,4710,9420,9420,-4710,-4710,1,1,0.03800794689275122,0.03800794689275122,B,B
4711,4711,9422,9422,-4711,-4711,1,1,0.6563855795725626,0.6563855795725626,B,B
4712,4712,9424,9424,-4712,-4712,1,1,0.18891187163134593,0.18891187163134593,B,B
4714,4714,9428,9428,-4714,-4714,1,1,0.351520775996109,0.351520775996109,B,B
4716,4716,9432,9432,-4716,-4716,1,1,0.6306372394348256,0.6306372394348256,B,B
4717,4717,9434,9434,-4717,-4717,1,1,0.3596654960430722,0.3596654960430722,B,B
4718,4718,9436,9436,-4718,-4718,1,1,0.8086817857701772,0.8086817857701772,B,B
4719,4719,9438,9438,-4719,-4719,1,1,0.026809061256516054,0.026809061256516054,B,B
4720,4720,9440,9440,-4720,-4720,1,1,0.06480010977671546,0.06480010977671546,B,B
4721,4721,9442,9442,-4721,-4721,1,1,0.23069821970085247,0.23069821970085247,B,B
4723,4723,9446,9446,-4723,-4723,1,1,0.13046365639921542,0.13046365639921542,B,B
4727,4727,9454,9454,-4727,-4727,1,1,0.15024195845722477,0.15024195845722477,B,B
4729,4729,9458,9458,-4729,-4729,1,1,0.21134160136336566,0.21134160136336566,B,B
4730,4730,9460,9460,-4730,-4730,1,1,0.8105588481712529,0.8105588481712529,B,B
4732,4732,9464,9464,-4732,-4732,1,1,0.4007783674082803,0.4007783674082803,B,B
4736,4736,9472,9472,-4736,-4736,1,1,0.8930682360727003,0.8930682360727003,B,B
4738,4738,9476,9476,-4738,-4738,1,1,0.4067787116565479,0.4067787116565479,B,B
4739,4739,9478,9478,-4739,-4739,1,1,0.33789425044690047,0.33789425044690047,B,B
4741,4741,9482,9482,-4741,-4741,1,1,0.2487247595833384,0.2487247595833384,B,B
4742,4742,9484,9484,-4742,-4742,1,1,0.9051247395805425,0.9051247395805425,B,B
4743,4743,9486,9486,-4743,-4743,1,1,0.5276830712437077,0.5276830712437077,B,B
4744,4744,9488,9488,-4744,-4744,1,1,0.1771424315237068,0.1771424315237068,B,B
4745,4745,9490,9490,-4745,-4745,1,1,0.6175848613177619,0.6175848613177619,B,B
4749,4749,9498,9498,-4749,-4749,1,1,0.6846448902627563,0.6846448902627563,B,B
4750,4750,9500,9500,-4750,-4750,1,1,0.3802250017382405,0.3802250017382405,B,B
4752,4752,9504,9504,-4752,-4752,1,1,0.8553681001234138,0.8553681001234138,B,B
4753,4753,9506,9506,-4753,-4753,1,1,0.6819120373896949,0.6819120373896949,B,B
4755,4755,9510,9510,-4755,-4755,1,1,0.8339276709750336,0.8339276709750336,B,B
4756,4756,9512,9512,-4756,-4756,1,1,0.4663722728568437,0.4663722728568437,B,B
4757,4757,9514,9514,-4757,-4757,1,1,0.9105938178200679,0.9105938178200679,B,B
4758,4758,9516,9516,-4758,-4758,1,1,0.95470180494935,0.95470180494935,B,B
4759,4759,9518,9518,-4759,-4759,1,1,0.3820254989081593,0.3820254989081593,B,B
4760,4760,9520,9520,-4760,-4760,1,1,0.4224891926462876,0.4224891926462876,B,B
4761,4761,9522,9522,-4761,-4761,1,1,0.7285278824298657,0.7285278824298657,B,B
4762,4762,9524,9524,-4762,-4762,1,1,0.798381722174302,0.798381722174302,B,B
4763,4763,9526,9526,-4763,-4763,1,1,0.5419580277179127,0.5419580277179127,B,B
4765,4765,9530,9530,-4765,-4765,1,1,0.20397787015480706,0.20397787015480706,B,B
4767,4767,9534,9534,-4767,-4767,1,1,0.4938400686726051,0.4938400686726051,B,B
4768,4768,9536,9536,-4768,-4768,1,1,0.41199215813439194,0.41199215813439194,B,B
4769,4769,9538,9538,-4769,-4769,1,1,0.986840378008445,0.986840378008445,B,B
4770,4770,9540,9540,-4770,-4770,1,1,0.2596601471615515,0.2596601471615515,B,B
4771,4771,9542,9542,-4771,-4771,1,1,0.1303284578987558,0.1303284578987558,B,B
4772,4772,9544,9544,-4772,-4772,1,1,0.30261843877848216,0.30261843877848216,B,B
4774,4774,9548,9548,-4774,-4774,1,1,0.9851349772515391,0.9851349772515391,B,B
4775,4775,9550,9550,-4775,-4775,1,1,0.7321778066765966,0.7321778066765966,B,B
4776,4776,9552,9552,-4776,-4776,1,1,0.14789725089254158,0.14789725089254158,B,B
4777,4777,9554,9554,-4777,-4777,1,1,0.23151608311683047,0.23151608311683047,B,B
4780,4780,9560,9560,-4780,-4780,1,1,0.28579465505619206,0.28579465505619206,B,B
4781,4781,9562,9562,-4781,-4781,1,1,0.7059366006452149,0.7059366006452149,B,B
4783,4783,9566,9566,-4783,-4783,1,1,0.22245485206620186,0.22245485206620186,B,B
4784,4784,9568,9568,-4784,-4784,1,1,0.08318764504203724,0.08318764504203724,B,B
4785,4785,9570,9570,-4785,-4785,1,1,0.10297231047800681,0.10297231047800681,B,B
4786,4786,9572,9572,-4786,-4786,1,1,0.5175485514494605,0.5175485514494605,B,B
4788,4788,9576,9576,-4788,-4788,1,1,0.1876102062147369,0.1876102062147369,B,B
4790,4790,9580,9580,-4790,-4790,1,1,0.3816261802253994,0.3816261802253994,B,B
4796,4796,9592,9592,-4796,-4796,1,1,0.9142652005624938,0.9142652005624938,B,B
4797,4797,9594,9594,-4797,-4797,1,1,0.4092782052989248,0.4092782052989248,B,B
4800,4800,9600,9600,-4800,-4800,1,1,0.14844426829264235,0.14844426829264235,B,B
4801,4801,9602,9602,-4801,-4801,1,1,0.18923367808661884,0.18923367808661884,B,B
4802,4802,9604,9604,-4802,-4802,1,1,0.9033162422400968,0.9033162422400968,B,B
4804,4804,9608,9608,-4804,-4804,1,1,0.31197850623241397,0.31197850623241397,B,B
4805,4805,9610,9610,-4805,-4805,1,1,0.8887277502222578,0.8887277502222578,B,B
4807,4807,9614,9614,-4807,-4807,1,1,0.8520061441910018,0.8520061441910018,B,B
4808,4808,9616,9616,-4808,-4808,1,1,0.09072216919633347,0.09072216919633347,B,B
4809,4809,9618,9618,-4809,-4809,1,1,0.8662331544005124,0.8662331544005124,B,B
4810,4810,9620,9620,-4810,-4810,1,1,0.7308988956319858,0.7308988956319858,B,B
4811,4811,9622,9622,-4811,-4811,1,1,0.5272365945570062,0.5272365945570062,B,B
4812,4812,9624,9624,-4812,-4812,1,1,0.8982853782034913,0.8982853782034913,B,B
4813,4813,9626,9626,-4813,-4813,1,1,0.785177056904534,0.785177056904534,B,B
4816,4816,9632,9632,-4816,-4816,1,1,0.0128144741584173,0.0128144741584173,B,B
4817,4817,9634,9634,-4817,-4817,1,1,0.3573429661047173,0.3573429661047173,B,B
4819,4819,9638,9638,-4819,-4819,1,1,0.28293544370350054,0.28293544370350054,B,B
4820,4820,9640,9640,-4820,-4820,1,1,0.8418894952718771,0.8418894952718771,B,B
4821,4821,9642,9642,-4821,-4821,1,1,0.31188975308001865,0.31188975308001865,B,B
4824,4824,9648,9648,-4824,-4824,1,1,0.9584922680399186,0.9584922680399186,B,B
4825,4825,9650,9650,-4825,-4825,1,1,0.12711545031614746,0.12711545031614746,B,B
4826,4826,9652,9652,-4826,-4826,1,1,0.08858327920453657,0.08858327920453657,B,B
4828,4828,9656,9656,-4828,-4828,1,1,0.11965430906430874,0.11965430906430874,B,B
4829,4829,9658,9658,-4829,-4829,1,1,0.8186474738752932,0.8186474738752932,B,B
4833,4833,9666,9666,-4833,-4833,1,1,0.7100960828436695,0.7100960828436695,B,B
4834,4834,9668,9668,-4834,-4834,1,1,0.6798863663756045,0.6798863663756045,B,B
4836,4836,9672,9672,-4836,-4836,1,1,0.6960054129334938,0.6960054129334938,B,B
4837,4837,9674,9674,-4837,-4837,1,1,0.23114086285905378,0.23114086285905378,B,B
4838,4838,9676,9676,-4838,-4838,1,1,0.2762507596768726,0.2762507596768726,B,B
4839,4839,9678,9678,-4839,-4839,1,1,0.776740375358688,0.776740375358688,B,B
4840,4840,9680,9680,-4840,-4840,1,1,0.19085701088325158,0.19085701088325158,B,B
4841,4841,9682,9682,-4841,-4841,1,1,0.5596258921320115,0.5596258921320115,B,B
4842,4842,9684,9684,-4842,-4842,1,1,0.174777995504234,0.174777995504234,B,B
4844,4844,9688,9688,-4844,-4844,1,1,0.5876432420361855,0.5876432420361855,B,B
4845,4845,9690,9690,-4845,-4845,1,1,0.6072888675663776,0.6072888675663776,B,B
4848,4848,9696,9696,-4848,-4848,1,1,0.4889945983391967,0.4889945983391967,B,B
4849,4849,9698,9698,-4849,-4849,1,1,0.5839040406961961,0.5839040406961961,B,B
4850,4850,9700,9700,-4850,-4850,1,1,0.24590871838146555,0.24590871838146555,B,B
4853,4853,9706,9706,-4853,-4853,1,1,0.892593435454424,0.892593435454424,B,B
4854,4854,9708,9708,-4854,-4854,1,1,0.6176404146720791,0.6176404146720791,B,B
4856,4856,9712,9712,-4856,-4856,1,1,0.1669974347994977,0.1669974347994977,B,B
4857,4857,9714,9714,-4857,-4857,1,1,0.1284447392546133,0.1284447392546133,B,B
4858,4858,9716,9716,-4858,-4858,1,1,0.6801046682828146,0.6801046682828146,B,B
4859,4859,9718,9718,-4859,-4859,1,1,0.6338004746887097,0.6338004746887097,B,B
4860,4860,9720,9720,-4860,-4860,1,1,0.2940999768832666,0.2940999768832666,B,B
4861,4861,9722,9722,-4861,-4861,1,1,0.7779780227414084,0.7779780227414084,B,B
4863,4863,9726,9726,-4863,-4863,1,1,0.11776356919012687,0.11776356919012687,B,B
4864,4864,9728,9728,-4864,-4864,1,1,0.19345473768221144,0.19345473768221144,B,B
4865,4865,9730,9730,-4865,-4865,1,1,0.5503493624705993,0.5503493624705993,B,B
4867,4867,9734,9734,-4867,-4867,1,1,0.6698788276043105,0.6698788276043105,B,B
4868,4868,9736,9736,-4868,-4868,1,1,0.6334592965042948,0.6334592965042948,B,B
4869,4869,9738,9738,-4869,-4869,1,1,0.6954714766417505,0.6954714766417505,B,B
4870,4870,9740,9740,-4870,-4870,1,1,0.3489604252984898,0.3489604252984898,B,B
4871,4871,9742,9742,-4871,-4871,1,1,0.02344335656335128,0.02344335656335128,B,B
4872,4872,9744,9744,-4872,-4872,1,1,0.6938818220753652,0.6938818220753652,B,B
4873,4873,9746,9746,-4873,-4873,1,1,0.9864863025810753,0.9864863025810753,B,B
4874,4874,9748,9748,-4874,-4874,1,1,0.8326510460616797,0.8326510460616797,B,B
4876,4876,9752,9752,-4876,-4876,1,1,0.08720997496626537,0.08720997496626537,B,B
4878,4878,9756,9756,-4878,-4878,1,1,0.4091209146764283,0.4091209146764283,B,B
4879,4879,9758,9758,-4879,-4879,1,1,0.5812589417942425,0.5812589417942425,B,B
4883,4883,9766,9766,-4883,-4883,1,1,0.5499688031164888,0.5499688031164888,B,B
4884,4884,9768,9768,-4884,-4884,1,1,0.24402803959111952,0.24402803959111952,B,B
4885,4885,9770,9770,-4885,-4885,1,1,0.6308220845980754,0.6308220845980754,B,B
4887,4887,9774,9774,-4887,-4887,1,1,0.261894319109111,0.261894319109111,B,B
4889,4889,9778,9778,-4889,-4889,1,1,0.41250321421108505,0.41250321421108505,B,B
4890,4890,9780,9780,-4890,-4890,1,1,0.9860818208142558,0.9860818208142558,B,B
4892,4892,9784,9784,-4892,-4892,1,1,0.6021676132766894,0.6021676132766894,B,B
4893,4893,9786,9786,-4893,-4893,1,1,0.5377542484355907,0.5377542484355907,B,B
4894,4894,9788,9788,-4894,-4894,1,1,0.8351291334493777,0.8351291334493777,B,B
4895,4895,9790,9790,-4895,-4895,1,1,0.4772979889407203,0.4772979889407203,B,B
4897,4897,9794,9794,-4897,-4897,1,1,0.3136419649169968,0.3136419649169968,B,B
4898,4898,9796,9796,-4898,-4898,1,1,0.6811920537222877,0.6811920537222877,B,B
4899,4899,9798,9798,-4899,-4899,1,1,0.5283367787410277,0.5283367787410277,B,B
4900,4900,9800,9800,-4900,-4900,1,1,0.7660034980519549,0.7660034980519549,B,B
4902,4902,9804,9804,-4902,-4902,1,1,0.526601710286087,0.526601710286087,B,B
4904,4904,9808,9808,-4904,-4904,1,1,0.2677338428846846,0.2677338428846846,B,B
4905,4905,9810,9810,-4905,-4905,1,1,0.10509597425081141,0.10509597425081141,B,B
4906,4906,9812,9812,-4906,-4906,1,1,0.11944253847502073,0.11944253847502073,B,B
4907,4907,9814,9814,-4907,-4907,1,1,0.0063519245141817615,0.0063519245141817615,B,B
4908,4908,9816,9816,-4908,-4908,1,1,0.49408400667471364,0.49408400667471364,B,B
4911,4911,9822,9822,-4911,-4911,1,1,0.9968470601133714,0.9968470601133714,B,B
4912,4912,9824,9824,-4912,-4912,1,1,0.08289418194863674,0.08289418194863674,B,B
4913,4913,9826,9826,-4913,-4913,1,1,0.6418519966478495,0.6418519966478495,B,B
4918,4918,9836,9836,-4918,-4918,1,1,0.0995073421774868,0.0995073421774868,B,B
4919,4919,9838,9838,-4919,-4919,1,1,0.781939354976404,0.781939354976404,B,B
4920,4920,9840,9840,-4920,-4920,1,1,0.37740820418772847,0.37740820418772847,B,B
4922,4922,9844,9844,-4922,-4922,1,1,0.7797323907908884,0.7797323907908884,B,B
4923,4923,9846,9846,-4923,-4923,1,1,0.07172912403089182,0.07172912403089182,B,B
4925,4925,9850,9850,-4925,-4925,1,1,0.8603801374407918,0.8603801374407918,B,B
4926,4926,9852,9852,-4926,-4926,1,1,0.14411777442816787,0.14411777442816787,B,B
4927,4927,9854,9854,-4927,-4927,1,1,0.3977566076423721,0.3977566076423721,B,B
4928,4928,9856,9856,-4928,-4928,1,1,0.5362539821991325,0.5362539821991325,B,B
4929,4929,9858,9858,-4929,-4929,1,1,0.25144932833231537,0.25144932833231537,B,B
4931,4931,9862,9862,-4931,-4931,1,1,0.5054231625338932,0.5054231625338932,B,B
4932,4932,9864,9864,-4932,-4932,1,1,0.5545486556105945,0.5545486556105945,B,B
4933,4933,9866,9866,-4933,-4933,1,1,0.6797456745218476,0.6797456745218476,B,B
4935,4935,9870,9870,-4935,-4935,1,1,0.5111412771878222,0.5111412771878222,B,B
4938,4938,9876,9876,-4938,-4938,1,1,0.8940846755509256,0.8940846755509256,B,B
4940,4940,9880,9880,-4940,-4940,1,1,0.4211649353235455,0.4211649353235455,B,B
4941,4941,9882,9882,-4941,-4941,1,1,0.37048395362439224,0.37048395362439224,B,B
4942,4942,9884,9884,-4942,-4942,1,1,0.44483332274477294,0.44483332274477294,B,B
4943,4943,9886,9886,-4943,-4943,1,1,0.5060643595489116,0.5060643595489116,B,B
4944,4944,9888,9888,-4944,-4944,1,1,0.847634662227443,0.847634662227443,B,B
4945,4945,9890,9890,-4945,-4945,1,1,0.5837081143734941,0.5837081143734941,B,B
4946,4946,9892,9892,-4946,-4946,1,1,0.13480657475593472,0.13480657475593472,B,B
4947,4947,9894,9894,-4947,-4947,1,1,0.14069596067065904,0.14069596067065904,B,B
4950,4950,9900,9900,-4950,-4950,1,1,0.8546576191676192,0.8546576191676192,B,B
4951,4951,9902,9902,-4951,-4951,1,1,0.15117933298918096,0.15117933298918096,B,B
4953,4953,9906,9906,-4953,-4953,1,1,0.6256966265294941,0.6256966265294941,B,B
4955,4955,9910,9910,-4955,-4955,1,1,0.1505839696381026,0.1505839696381026,B,B
4957,4957,9914,9914,-4957,-4957,1,1,0.8239226661940207,0.8239226661940207,B,B
4958,4958,9916,9916,-4958,-4958,1,1,0.8233295907318875,0.8233295907318875,B,B
4961,4961,9922,9922,-4961,-4961,1,1,0.2126134845009472,0.2126134845009472,B,B
4962,4962,9924,9924,-4962,-4962,1,1,0.6024533037514248,0.6024533037514248,B,B
4965,4965,9930,9930,-4965,-4965,1,1,0.7600370444504289,0.7600370444504289,B,B
4966,4966,9932,9932,-4966,-4966,1,1,0.7401911557413767,0.7401911557413767,B,B
4967,4967,9934,9934,-4967,-4967,1,1,0.7431695975495558,0.7431695975495558,B,B
4969,4969,9938,9938,-4969,-4969,1,1,0.5221288573076238,0.5221288573076238,B,B
4971,4971,9942,9942,-4971,-4971,1,1,0.2776625746172473,0.2776625746172473,B,B
4973,4973,9946,9946,-4973,-4973,1,1,0.8352115923861982,0.8352115923861982,B,B
4975,4975,9950,9950,-4975,-4975,1,1,0.1337609188979918,0.1337609188979918,B,B
4976,4976,9952,9952,-4976,-4976,1,1,0.8694439655324551,0.8694439655324551,B,B
4977,4977,9954,9954,-4977,-4977,1,1,0.25079647932600657,0.25079647932600657,B,B
4978,4978,9956,9956,-4978,-4978,1,1,0.9064567152565639,0.9064567152565639,B,B
4979,4979,9958,9958,-4979,-4979,1,1,0.31619643319750235,0.31619643319750235,B,B
4980,4980,9960,9960,-4980,-4980,1,1,0.3676188856371918,0.3676188856371918,B,B
4981,4981,9962,9962,-4981,-4981,1,1,0.46156245194853995,0.46156245194853995,B,B
4982,4982,9964,9964,-4982,-4982,1,1,0.7429507593088769,0.7429507593088769,B,B
4983,4983,9966,9966,-4983,-4983,1,1,0.7066117970531196,0.7066117970531196,B,B
4984,4984,9968,9968,-4984,-4984,1,1,0.7616832764772455,0.7616832764772455,B,B
4985,4985,9970,9970,-4985,-4985,1,1,0.8180707457327865,0.8180707457327865,B,B
4986,4986,9972,9972,-4986,-4986,1,1,0.2959955268479254,0.2959955268479254,B,B
4987,4987,9974,9974,-4987,-4987,1,1,0.23945002054383857,0.23945002054383857,B,B
4989,4989,9978,9978,-4989,-4989,1,1,0.6599097771499638,0.6599097771499638,B,B
4990,4990,9980,9980,-4990,-4990,1,1,0.7802355450065378,0.7802355450065378,B,B
4993,4993,9986,9986,-4993,-4993,1,1,0.22546649899459592,0.22546649899459592,B,B
4997,4997,9994,9994,-4997,-4997,1,1,0.7570293694632471,0.7570293694632471,B,B
5001,5001,10002,10002,-5001,-5001,1,1,0.7617813272401895,0.7617813272401895,B,B
5004,5004,10008,10008,-5004,-5004,1,1,0.09375533828567073,0.09375533828567073,B,B
5005,5005,10010,10010,-5005,-5005,1,1,0.49446645618287854,0.49446645618287854,B,B
5006,5006,10012,10012,-5006,-5006,1,1,0.5483168619892285,0.5483168619892285,B,B
5007,5007,10014,10014,-5007,-5007,1,1,0.4451101328091558,0.4451101328091558,B,B
5009,5009,10018,10018,-5009,-5009,1,1,0.4735128985305467,0.4735128985305467,B,B
5010,5010,10020,10020,-5010,-5010,1,1,0.15145920622039366,0.15145920622039366,B,B
5012,5012,10024,10024,-5012,-5012,1,1,0.7581383147692033,0.7581383147692033,B,B
5015,5015,10030,10030,-5015,-5015,1,1,0.32486276523080204,0.32486276523080204,B,B
5016,5016,10032,10032,-5016,-5016,1,1,0.7022333449295801,0.7022333449295801,B,B
5017,5017,10034,10034,-5017,-5017,1,1,0.5529977596795941,0.5529977596795941,B,B
5018,5018,10036,10036,-5018,-5018,1,1,0.6363714429378483,0.6363714429378483,B,B
5020,5020,10040,10040,-5020,-5020,1,1,0.3725809780047471,0.3725809780047471,B,B
5021,5021,10042,10042,-5021,-5021,1,1,0.5355209940599344,0.5355209940599344,B,B
5022,5022,10044,10044,-5022,-5022,1,1,0.353312653581177,0.353312653581177,B,B
5023,5023,10046,10046,-5023,-5023,1,1,0.370462041463656,0.370462041463656,B,B
5024,5024,10048,10048,-5024,-5024,1,1,0.4049744012909452,0.4049744012909452,B,B
5026,5026,10052,10052,-5026,-5026,1,1,0.5612818053998204,0.5612818053998204,B,B
5027,5027,10054,10054,-5027,-5027,1,1,0.2705870793149804,0.2705870793149804,B,B
5028,5028,10056,10056,-5028,-5028,1,1,0.9676089740372462,0.9676089740372462,B,B
5029,5029,10058,10058,-5029,-5029,1,1,0.0008433609812288356,0.0008433609812288356,B,B
5030,5030,10060,10060,-5030,-5030,1,1,0.8659373859054671,0.8659373859054671,B,B
5031,5031,10062,10062,-5031,-5031,1,1,0.8709967717676067,0.8709967717676067,B,B
5037,5037,10074,10074,-5037,-5037,1,1,0.774619562267884,0.774619562267884,B,B
5038,5038,10076,10076,-5038,-5038,1,1,0.9478428924318192,0.9478428924318192,B,B
5039,5039,10078,10078,-5039,-5039,1,1,0.5631434112371083,0.5631434112371083,B,B
5040,5040,10080,10080,-5040,-5040,1,1,0.5659911602793513,0.5659911602793513,B,B
5041,5041,10082,10082,-5041,-5041,1,1,0.5136216594081822,0.5136216594081822,B,B
5042,5042,10084,10084,-5042,-5042,1,1,0.91480951657108,0.91480951657108,B,B
5044,5044,10088,10088,-5044,-5044,1,1,0.26611699725946436,0.26611699725946436,B,B
5046,5046,10092,10092,-5046,-5046,1,1,0.7348846067662119,0.7348846067662119,B,B
5047,5047,10094,10094,-5047,-5047,1,1,0.15532556492724692,0.15532556492724692,B,B
5049,5049,10098,10098,-5049,-5049,1,1,0.014571590802392786,0.014571590802392786,B,B
5051,5051,10102,10102,-5051,-5051,1,1,0.7864466728329781,0.7864466728329781,B,B
5056,5056,10112,10112,-5056,-5056,1,1,0.6230375551345783,0.6230375551345783,B,B
5057,5057,10114,10114,-5057,-5057,1,1,0.21188255156115288,0.21188255156115288,B,B
5058,5058,10116,10116,-5058,-5058,1,1,0.7644753193524119,0.7644753193524119,B,B
5060,5060,10120,10120,-5060,-5060,1,1,0.1850458171972882,0.1850458171972882,B,B
5061,5061,10122,10122,-5061,-5061,1,1,0.3580183324878117,0.3580183324878117,B,B
5064,5064,10128,10128,-5064,-5064,1,1,0.3040464339503136,0.3040464339503136,B,B
5065,5065,10130,10130,-5065,-5065,1,1,0.9636944454366797,0.9636944454366797,B,B
5067,5067,10134,10134,-5067,-5067,1,1,0.45455361798347904,0.45455361798347904,B,B
5069,5069,10138,10138,-5069,-5069,1,1,0.9693729282381394,0.9693729282381394,B,B
5070,5070,10140,10140,-5070,-5070,1,1,0.17604895191611503,0.17604895191611503,B,B
5071,5071,10142,10142,-5071,-5071,1,1,0.20082979385427102,0.20082979385427102,B,B
5072,5072,10144,10144,-5072,-5072,1,1,0.7855166711319199,0.7855166711319199,B,B
5073,5073,10146,10146,-5073,-5073,1,1,0.08617064546406394,0.08617064546406394,B,B
5074,5074,10148,10148,-5074,-5074,1,1,0.3645500084328399,0.3645500084328399,B,B
5075,5075,10150,10150,-5075,-5075,1,1,0.8884407647275709,0.8884407647275709,B,B
5076,5076,10152,10152,-5076,-5076,1,1,0.5315044884367357,0.5315044884367357,B,B
5077,5077,10154,10154,-5077,-5077,1,1,0.05118633645565407,0.05118633645565407,B,B
5078,5078,10156,10156,-5078,-5078,1,1,0.8653295802841964,0.8653295802841964,B,B
5079,5079,10158,10158,-5079,-5079,1,1,0.7959405673120427,0.7959405673120427,B,B
5082,5082,10164,10164,-5082,-5082,1,1,0.5242585116992085,0.5242585116992085,B,B
5084,5084,10168,10168,-5084,-5084,1,1,0.3959126872631198,0.3959126872631198,B,B
5088,5088,10176,10176,-5088,-5088,1,1,0.443599254405197,0.443599254405197,B,B
5090,5090,10180,10180,-5090,-5090,1,1,0.552143606909082,0.552143606909082,B,B
5092,5092,10184,10184,-5092,-5092,1,1,0.6640917281552415,0.6640917281552415,B,B
5093,5093,10186,10186,-5093,-5093,1,1,0.5167462272100819,0.5167462272100819,B,B
5094,5094,10188,10188,-5094,-5094,1,1,0.8750523871850592,0.8750523871850592,B,B
5095,5095,10190,10190,-5095,-5095,1,1,0.9242069702129302,0.9242069702129302,B,B
5096,5096,10192,10192,-5096,-5096,1,1,0.9658713792173621,0.9658713792173621,B,B
5098,5098,10196,10196,-5098,-5098,1,1,0.43084345791172196,0.43084345791172196,B,B
5099,5099,10198,10198,-5099,-5099,1,1,0.059568034576598206,0.059568034576598206,B,B
5100,5100,10200,10200,-5100,-5100,1,1,0.1676576743945677,0.1676576743945677,B,B
5101,5101,10202,10202,-5101,-5101,1,1,0.10836846163781699,0.10836846163781699,B,B
5103,5103,10206,10206,-5103,-5103,1,1,0.6185616736968093,0.6185616736968093,B,B
5104,5104,10208,10208,-5104,-5104,1,1,0.9407400612469655,0.9407400612469655,B,B
5105,5105,10210,10210,-5105,-5105,1,1,0.25747225539637275,0.25747225539637275,B,B
5106,5106,10212,10212,-5106,-5106,1,1,0.6827160525262556,0.6827160525262556,B,B
5107,5107,10214,10214,-5107,-5107,1,1,0.6559493976536193,0.6559493976536193,B,B
5108,5108,10216,10216,-5108,-5108,1,1,0.3840642056889294,0.3840642056889294,B,B
5109,5109,10218,10218,-5109,-5109,1,1,0.3945250687515027,0.3945250687515027,B,B
5110,5110,10220,10220,-5110,-5110,1,1,0.9127593601633454,0.9127593601633454,B,B
5111,5111,10222,10222,-5111,-5111,1,1,0.03449481338110738,0.03449481338110738,B,B
5112,5112,10224,10224,-5112,-5112,1,1,0.2075176095297434,0.2075176095297434,B,B
5113,5113,10226,10226,-5113,-5113,1,1,0.6011610304852129,0.6011610304852129,B,B
5115,5115,10230,10230,-5115,-5115,1,1,0.5487576631530597,0.5487576631530597,B,B
5116,5116,10232,10232,-5116,-5116,1,1,0.001852810683583228,0.001852810683583228,B,B
5118,5118,10236,10236,-5118,-5118,1,1,0.09400017621207846,0.09400017621207846,B,B
5119,5119,10238,10238,-5119,-5119,1,1,0.338526242820692,0.338526242820692,B,B
5121,5121,10242,10242,-5121,-5121,1,1,0.20254581160592577,0.20254581160592577,B,B
5123,5123,10246,10246,-5123,-5123,1,1,0.6061848691921133,0.6061848691921133,B,B
5124,5124,10248,10248,-5124,-5124,1,1,0.39440334408760935,0.39440334408760935,B,B
5125,5125,10250,10250,-5125,-5125,1,1,0.8263425515120277,0.8263425515120277,B,B
5126,5126,10252,10252,-5126,-5126,1,1,0.7140438429410529,0.7140438429410529,B,B
5127,5127,10254,10254,-5127,-5127,1,1,0.05912162075637073,0.05912162075637073,B,B
5128,5128,10256,10256,-5128,-5128,1,1,0.4394600531766458,0.4394600531766458,B,B
5129,5129,10258,10258,-5129,-5129,1,1,0.9025552190788354,0.9025552190788354,B,B
5131,5131,10262,10262,-5131,-5131,1,1,0.7175815086345512,0.7175815086345512,B,B
5132,5132,10264,10264,-5132,-5132,1,1,0.5452061126667364,0.5452061126667364,B,B
5135,5135,10270,10270,-5135,-5135,1,1,0.7688401684508309,0.7688401684508309,B,B
5136,5136,10272,10272,-5136,-5136,1,1,0.279783069459154,0.279783069459154,B,B
5137,5137,10274,10274,-5137,-5137,1,1,0.18772960339659084,0.18772960339659084,B,B
5138,5138,10276,10276,-5138,-5138,1,1,0.4127659443871443,0.4127659443871443,B,B
5139,5139,10278,10278,-5139,-5139,1,1,0.728604532769909,0.728604532769909,B,B
5141,5141,10282,10282,-5141,-5141,1,1,0.15732210265061608,0.15732210265061608,B,B
5142,5142,10284,10284,-5142,-5142,1,1,0.048098116585384765,0.048098116585384765,B,B
5145,5145,10290,10290,-5145,-5145,1,1,0.3214002253673759,0.3214002253673759,B,B
5146,5146,10292,10292,-5146,-5146,1,1,0.6509830568683026,0.6509830568683026,B,B
5147,5147,10294,10294,-5147,-5147,1,1,0.5104047757500149,0.5104047757500149,B,B
5150,5150,10300,10300,-5150,-5150,1,1,0.01851096233516103,0.01851096233516103,B,B
5151,5151,10302,10302,-5151,-5151,1,1,0.9335552318738451,0.9335552318738451,B,B
5154,5154,10308,10308,-5154,-5154,1,1,0.9315902741970327,0.9315902741970327,B,B
5155,5155,10310,10310,-5155,-5155,1,1,0.23244355929604532,0.23244355929604532,B,B
5156,5156,10312,10312,-5156,-5156,1,1,0.582537627789942,0.582537627789942,B,B
5157,5157,10314,10314,-5157,-5157,1,1,0.3658606941143284,0.3658606941143284,B,B
5158,5158,10316,10316,-5158,-5158,1,1,0.7727300561692416,0.7727300561692416,B,B
5160,5160,10320,10320,-5160,-5160,1,1,0.022185335541667572,0.022185335541667572,B,B
5161,5161,10322,10322,-5161,-5161,1,1,0.05686515404583836,0.05686515404583836,B,B
5162,5162,10324,10324,-5162,-5162,1,1,0.7793573198673707,0.7793573198673707,B,B
5163,5163,10326,10326,-5163,-5163,1,1,0.9439888497038574,0.9439888497038574,B,B
5164,5164,10328,10328,-5164,-5164,1,1,0.9416363813193819,0.9416363813193819,B,B
5166,5166,10332,10332,-5166,-5166,1,1,0.34394625120281785,0.34394625120281785,B,B
5168,5168,10336,10336,-5168,-5168,1,1,0.9857717531918516,0.9857717531918516,B,B
5169,5169,10338,10338,-5169,-5169,1,1,0.3842281942914275,0.3842281942914275,B,B
5172,5172,10344,10344,-5172,-5172,1,1,0.6424145982950707,0.6424145982950707,B,B
5173,5173,10346,10346,-5173,-5173,1,1,0.5423606049738098,0.5423606049738098,B,B
5175,5175,10350,10350,-5175,-5175,1,1,0.6048896447861067,0.6048896447861067,B,B
5179,5179,10358,10358,-5179,-5179,1,1,0.4510155190547783,0.4510155190547783,B,B
5180,5180,10360,10360,-5180,-5180,1,1,0.14974948721306924,0.14974948721306924,B,B
5181,5181,10362,10362,-5181,-5181,1,1,0.1431937361763479,0.1431937361763479,B,B
5182,5182,10364,10364,-5182,-5182,1,1,0.4627858932606661,0.4627858932606661,B,B
5183,5183,10366,10366,-5183,-5183,1,1,0.5856758887970422,0.5856758887970422,B,B
5184,5184,10368,10368,-5184,-5184,1,1,0.8613404262525491,0.8613404262525491,B,B
5185,5185,10370,10370,-5185,-5185,1,1,0.325252607208695,0.325252607208695,B,B
5188,5188,10376,10376,-5188,-5188,1,1,0.058055863947706565,0.058055863947706565,B,B
5191,5191,10382,10382,-5191,-5191,1,1,0.20051742289309005,0.20051742289309005,B,B
5192,5192,10384,10384,-5192,-5192,1,1,0.09325787692822507,0.09325787692822507,B,B
5193,5193,10386,10386,-5193,-5193,1,1,0.33389409827057437,0.33389409827057437,B,B
5195,5195,10390,10390,-5195,-5195,1,1,0.014454281775754252,0.014454281775754252,B,B
5198,5198,10396,10396,-5198,-5198,1,1,0.7995195827890836,0.7995195827890836,B,B
5201,5201,10402,10402,-5201,-5201,1,1,0.6499095060994966,0.6499095060994966,B,B
5202,5202,10404,10404,-5202,-5202,1,1,0.2299326684293156,0.2299326684293156,B,B
5203,5203,10406,10406,-5203,-5203,1,1,0.2609606372954797,0.2609606372954797,B,B
5204,5204,10408,10408,-5204,-5204,1,1,0.5138995509532749,0.5138995509532749,B,B
5205,5205,10410,10410,-5205,-5205,1,1,0.6858886272114586,0.6858886272114586,B,B
5206,5206,10412,10412,-5206,-5206,1,1,0.15167798519304254,0.15167798519304254,B,B
5207,5207,10414,10414,-5207,-5207,1,1,0.8617767550130003,0.8617767550130003,B,B
5208,5208,10416,10416,-5208,-5208,1,1,0.07359670945780727,0.07359670945780727,B,B
5209,5209,10418,10418,-5209,-5209,1,1,0.02934915721353648,0.02934915721353648,B,B
5210,5210,10420,10420,-5210,-5210,1,1,0.8993360997424313,0.8993360997424313,B,B
5211,5211,10422,10422,-5211,-5211,1,1,0.8758266274724348,0.8758266274724348,B,B
5212,5212,10424,10424,-5212,-5212,1,1,0.07779264926151785,0.07779264926151785,B,B
5215,5215,10430,10430,-5215,-5215,1,1,0.28818761053423314,0.28818761053423314,B,B
5216,5216,10432,10432,-5216,-5216,1,1,0.2228457884286288,0.2228457884286288,B,B
5217,5217,10434,10434,-5217,-5217,1,1,0.6619389164588547,0.6619389164588547,B,B
5219,5219,10438,10438,-5219,-5219,1,1,0.7927245207347263,0.7927245207347263,B,B
5220,5220,10440,10440,-5220,-5220,1,1,0.9872281829784695,0.9872281829784695,B,B
5223,5223,10446,10446,-5223,-5223,1,1,0.43084017934406293,0.43084017934406293,B,B
5224,5224,10448,10448,-5224,-5224,1,1,0.2401940639130672,0.2401940639130672,B,B
5225,5225,10450,10450,-5225,-5225,1,1,0.4848173846184588,0.4848173846184588,B,B
5226,5226,10452,10452,-5226,-5226,1,1,0.5477978306134171,0.5477978306134171,B,B
5228,5228,10456,10456,-5228,-5228,1,1,0.5330153111137755,0.5330153111137755,B,B
5230,5230,10460,10460,-5230,-5230,1,1,0.04743741345035879,0.04743741345035879,B,B
5231,5231,10462,10462,-5231,-5231,1,1,0.8308408604824963,0.8308408604824963,B,B
5232,5232,10464,10464,-5232,-5232,1,1,0.9391160824883276,0.9391160824883276,B,B
5233,5233,10466,10466,-5233,-5233,1,1,0.20479149534265284,0.20479149534265284,B,B
5234,5234,10468,10468,-5234,-5234,1,1,0.05794504250511345,0.05794504250511345,B,B
5235,5235,10470,10470,-5235,-5235,1,1,0.12647172223635617,0.12647172223635617,B,B
5236,5236,10472,10472,-5236,-5236,1,1,0.022327946760442696,0.022327946760442696,B,B
5237,5237,10474,10474,-5237,-5237,1,1,0.7376129868779303,0.7376129868779303,B,B
5238,5238,10476,10476,-5238,-5238,1,1,0.07546127645275635,0.07546127645275635,B,B
5240,5240,10480,10480,-5240,-5240,1,1,0.11316552254251067,0.11316552254251067,B,B
5241,5241,10482,10482,-5241,-5241,1,1,0.5560969731854732,0.5560969731854732,B,B
5243,5243,10486,10486,-5243,-5243,1,1,0.07263698750266989,0.07263698750266989,B,B
5244,5244,10488,10488,-5244,-5244,1,1,0.7419939595555657,0.7419939595555657,B,B
5247,5247,10494,10494,-5247,-5247,1,1,0.2182364517615022,0.2182364517615022,B,B
5248,5248,10496,10496,-5248,-5248,1,1,0.7570056622367977,0.7570056622367977,B,B
5249,5249,10498,10498,-5249,-5249,1,1,0.2728334624625507,0.2728334624625507,B,B
5250,5250,10500,10500,-5250,-5250,1,1,0.522010721439777,0.522010721439777,B,B
5251,5251,10502,10502,-5251,-5251,1,1,0.1770233786502159,0.1770233786502159,B,B
5252,5252,10504,10504,-5252,-5252,1,1,0.7845526215831992,0.7845526215831992,B,B
5253,5253,10506,10506,-5253,-5253,1,1,0.5280325793755398,0.5280325793755398,B,B
5254,5254,10508,10508,-5254,-5254,1,1,0.5438088723616952,0.5438088723616952,B,B
5257,5257,10514,10514,-5257,-5257,1,1,0.767330992556063,0.767330992556063,B,B
5259,5259,10518,10518,-5259,-5259,1,1,0.7749054488486943,0.7749054488486943,B,B
5260,5260,10520,10520,-5260,-5260,1,1,0.8742130781269516,0.8742130781269516,B,B
5261,5261,10522,10522,-5261,-5261,1,1,0.42284913778235267,0.42284913778235267,B,B
5262,5262,10524,10524,-5262,-5262,1,1,0.17168995386369057,0.17168995386369057,B,B
5264,5264,10528,10528,-5264,-5264,1,1,0.5707143756900209,0.5707143756900209,B,B
5265,5265,10530,10530,-5265,-5265,1,1,0.745916407252705,0.745916407252705,B,B
5266,5266,10532,10532,-5266,-5266,1,1,0.836630823140524,0.836630823140524,B,B
5271,5271,10542,10542,-5271,-5271,1,1,0.9837695389596135,0.9837695389596135,B,B
5272,5272,10544,10544,-5272,-5272,1,1,0.4630727030444246,0.4630727030444246,B,B
5274,5274,10548,10548,-5274,-5274,1,1,0.2938664342738727,0.2938664342738727,B,B
5275,5275,10550,10550,-5275,-5275,1,1,0.7042456298930451,0.7042456298930451,B,B
5276,5276,10552,10552,-5276,-5276,1,1,0.19909557578013637,0.19909557578013637,B,B
5277,5277,10554,10554,-5277,-5277,1,1,0.7396260187825805,0.7396260187825805,B,B
5278,5278,10556,10556,-5278,-5278,1,1,0.9997604042324827,0.9997604042324827,B,B
5280,5280,10560,10560,-5280,-5280,1,1,0.644607601588327,0.644607601588327,B,B
5281,5281,10562,10562,-5281,-5281,1,1,0.41836948577420563,0.41836948577420563,B,B
5282,5282,10564,10564,-5282,-5282,1,1,0.0701697560997313,0.0701697560997313,B,B
5284,5284,10568,10568,-5284,-5284,1,1,0.9608831939496413,0.9608831939496413,B,B
5285,5285,10570,10570,-5285,-5285,1,1,0.4221386719491863,0.4221386719491863,B,B
5286,5286,10572,10572,-5286,-5286,1,1,0.8416007793950352,0.8416007793950352,B,B
5287,5287,10574,10574,-5287,-5287,1,1,0.4007919482145337,0.4007919482145337,B,B
5288,5288,10576,10576,-5288,-5288,1,1,0.8767847464886103,0.8767847464886103,B,B
5289,5289,10578,10578,-5289,-5289,1,1,0.6169145382560259,0.6169145382560259,B,B
5290,5290,10580,10580,-5290,-5290,1,1,0.005587647729556333,0.005587647729556333,B,B
5291,5291,10582,10582,-5291,-5291,1,1,0.905241990830248,0.905241990830248,B,B
5292,5292,10584,10584,-5292,-5292,1,1,0.2865507641619167,0.2865507641619167,B,B
5293,5293,10586,10586,-5293,-5293,1,1,0.23737033152258713,0.23737033152258713,B,B
5294,5294,10588,10588,-5294,-5294,1,1,0.18872275449636344,0.18872275449636344,B,B
5295,5295,10590,10590,-5295,-5295,1,1,0.6670476810508106,0.6670476810508106,B,B
5296,5296,10592,10592,-5296,-5296,1,1,0.7650504588350444,0.7650504588350444,B,B
5298,5298,10596,10596,-5298,-5298,1,1,0.3774518772762553,0.3774518772762553,B,B
5299,5299,10598,10598,-5299,-5299,1,1,0.9071629249543626,0.9071629249543626,B,B
5300,5300,10600,10600,-5300,-5300,1,1,0.18142219760340705,0.18142219760340705,B,B
5301,5301,10602,10602,-5301,-5301,1,1,0.6093154238491372,0.6093154238491372,B,B
5302,5302,10604,10604,-5302,-5302,1,1,0.3335143104688182,0.3335143104688182,B,B
5303,5303,10606,10606,-5303,-5303,1,1,0.6450611585702635,0.6450611585702635,B,B
5305,5305,10610,10610,-5305,-5305,1,1,0.39846085970830203,0.39846085970830203,B,B
5306,5306,10612,10612,-5306,-5306,1,1,0.9114305801203519,0.9114305801203519,B,B
5308,5308,10616,10616,-5308,-5308,1,1,0.1430291169815937,0.1430291169815937,B,B
5310,5310,10620,10620,-5310,-5310,1,1,0.07340035731857308,0.07340035731857308,B,B
5311,5311,10622,10622,-5311,-5311,1,1,0.5402293370495801,0.5402293370495801,B,B
5312,5312,10624,10624,-5312,-5312,1,1,0.3834581458732895,0.3834581458732895,B,B
5314,5314,10628,10628,-5314,-5314,1,1,0.9830973646491348,0.9830973646491348,B,B
5315,5315,10630,10630,-5315,-5315,1,1,0.47570479234007723,0.47570479234007723,B,B
5316,5316,10632,10632,-5316,-5316,1,1,0.13558932989253802,0.13558932989253802,B,B
5318,5318,10636,10636,-5318,-5318,1,1,0.33836221589285975,0.33836221589285975,B,B
5319,5319,10638,10638,-5319,-5319,1,1,0.019977049983589512,0.019977049983589512,B,B
5321,5321,10642,10642,-5321,-5321,1,1,0.9869055815430456,0.9869055815430456,B,B
5323,5323,10646,10646,-5323,-5323,1,1,0.7685371488358171,0.7685371488358171,B,B
5324,5324,10648,10648,-5324,-5324,1,1,0.8617016942099673,0.8617016942099673,B,B
5325,5325,10650,10650,-5325,-5325,1,1,0.644581359725334,0.644581359725334,B,B
5326,5326,10652,10652,-5326,-5326,1,1,0.3389072119142629,0.3389072119142629,B,B
5327,5327,10654,10654,-5327,-5327,1,1,0.6417182181878269,0.6417182181878269,B,B
5329,5329,10658,10658,-5329,-5329,1,1,0.6606880839187464,0.6606880839187464,B,B
5331,5331,10662,10662,-5331,-5331,1,1,0.21463524526215938,0.21463524526215938,B,B
5332,5332,10664,10664,-5332,-5332,1,1,0.06815492004792734,0.06815492004792734,B,B
5334,5334,10668,10668,-5334,-5334,1,1,0.5853450171125806,0.5853450171125806,B,B
5335,5335,10670,10670,-5335,-5335,1,1,0.8576818758292415,0.8576818758292415,B,B
5338,5338,10676,10676,-5338,-5338,1,1,0.4317177112546112,0.4317177112546112,B,B
5340,5340,10680,10680,-5340,-5340,1,1,0.6016217722577313,0.6016217722577313,B,B
5342,5342,10684,10684,-5342,-5342,1,1,0.32977130726220794,0.32977130726220794,B,B
5343,5343,10686,10686,-5343,-5343,1,1,0.051014880770150484,0.051014880770150484,B,B
5344,5344,10688,10688,-5344,-5344,1,1,0.051054678337834725,0.051054678337834725,B,B
5345,5345,10690,10690,-5345,-5345,1,1,0.9064896671833333,0.9064896671833333,B,B
5347,5347,10694,10694,-5347,-5347,1,1,0.6753754663034105,0.6753754663034105,B,B
5348,5348,10696,10696,-5348,-5348,1,1,0.600787432682414,0.600787432682414,B,B
5350,5350,10700,10700,-5350,-5350,1,1,0.9763244885979361,0.9763244885979361,B,B
5351,5351,10702,10702,-5351,-5351,1,1,0.5018626793170837,0.5018626793170837,B,B
5353,5353,10706,10706,-5353,-5353,1,1,0.6687989100321617,0.6687989100321617,B,B
5355,5355,10710,10710,-5355,-5355,1,1,0.4631830846892987,0.4631830846892987,B,B
5357,5357,10714,10714,-5357,-5357,1,1,0.486203470719474,0.486203470719474,B,B
5358,5358,10716,10716,-5358,-5358,1,1,0.24973827059032694,0.24973827059032694,B,B
5359,5359,10718,10718,-5359,-5359,1,1,0.5057929310816888,0.5057929310816888,B,B
5360,5360,10720,10720,-5360,-5360,1,1,0.19579394430057417,0.19579394430057417,B,B
5362,5362,10724,10724,-5362,-5362,1,1,0.93135421350243,0.93135421350243,B,B
5363,5363,10726,10726,-5363,-5363,1,1,0.06471629867701789,0.06471629867701789,B,B
5364,5364,10728,10728,-5364,-5364,1,1,0.8439807944380313,0.8439807944380313,B,B
5367,5367,10734,10734,-5367,-5367,1,1,0.5452782769437312,0.5452782769437312,B,B
5368,5368,10736,10736,-5368,-5368,1,1,0.2601526216567486,0.2601526216567486,B,B
5369,5369,10738,10738,-5369,-5369,1,1,0.2498416107564263,0.2498416107564263,B,B
5370,5370,10740,10740,-5370,-5370,1,1,0.9108926017949189,0.9108926017949189,B,B
5372,5372,10744,10744,-5372,-5372,1,1,0.16120366818909626,0.16120366818909626,B,B
5374,5374,10748,10748,-5374,-5374,1,1,0.5648598793001979,0.5648598793001979,B,B
5375,5375,10750,10750,-5375,-5375,1,1,0.8586645145115397,0.8586645145115397,B,B
5376,5376,10752,10752,-5376,-5376,1,1,0.9408659622418746,0.9408659622418746,B,B
5377,5377,10754,10754,-5377,-5377,1,1,0.6677737194056045,0.6677737194056045,B,B
5378,5378,10756,10756,-5378,-5378,1,1,0.5704144763133351,0.5704144763133351,B,B
5379,5379,10758,10758,-5379,-5379,1,1,0.405562271310831,0.405562271310831,B,B
5380,5380,10760,10760,-5380,-5380,1,1,0.20538534576324674,0.20538534576324674,B,B
5381,5381,10762,10762,-5381,-5381,1,1,0.45892495420304047,0.45892495420304047,B,B
5382,5382,10764,10764,-5382,-5382,1,1,0.018721979969131608,0.018721979969131608,B,B
5383,5383,10766,10766,-5383,-5383,1,1,0.12373358693971659,0.12373358693971659,B,B
5385,5385,10770,10770,-5385,-5385,1,1,0.9268382147623735,0.9268382147623735,B,B
5386,5386,10772,10772,-5386,-5386,1,1,0.13535015514548676,0.13535015514548676,B,B
5388,5388,10776,10776,-5388,-5388,1,1,0.03455060986737557,0.03455060986737557,B,B
5391,5391,10782,10782,-5391,-5391,1,1,0.18655377937203754,0.18655377937203754,B,B
5392,5392,10784,10784,-5392,-5392,1,1,0.1792654166346218,0.1792654166346218,B,B
5393,5393,10786,10786,-5393,-5393,1,1,0.18570870554930918,0.18570870554930918,B,B
5395,5395,10790,10790,-5395,-5395,1,1,0.8651941154180883,0.8651941154180883,B,B
5396,5396,10792,10792,-5396,-5396,1,1,0.11077492771857467,0.11077492771857467,B,B
5398,5398,10796,10796,-5398,-5398,1,1,0.23434018789851407,0.23434018789851407,B,B
5399,5399,10798,10798,-5399,-5399,1,1,0.4271252023242865,0.4271252023242865,B,B
5400,5400,10800,10800,-5400,-5400,1,1,0.7329991614508937,0.7329991614508937,B,B
5401,5401,10802,10802,-5401,-5401,1,1,0.5415866145968812,0.5415866145968812,B,B
5402,5402,10804,10804,-5402,-5402,1,1,0.07082259288285797,0.07082259288285797,B,B
5404,5404,10808,10808,-5404,-5404,1,1,0.20343725306285776,0.20343725306285776,B,B
5406,5406,10812,10812,-5406,-5406,1,1,0.5995654404119927,0.5995654404119927,B,B
5407,5407,10814,10814,-5407,-5407,1,1,0.25574910382986593,0.25574910382986593,B,B
5408,5408,10816,10816,-5408,-5408,1,1,0.21686618591472684,0.21686618591472684,B,B
5412,5412,10824,10824,-5412,-5412,1,1,0.5823866062003817,0.5823866062003817,B,B
5413,5413,10826,10826,-5413,-5413,1,1,0.810117897686087,0.810117897686087,B,B
5414,5414,10828,10828,-5414,-5414,1,1,0.06305199019899876,0.06305199019899876,B,B
5415,5415,10830,10830,-5415,-5415,1,1,0.558303857340576,0.558303857340576,B,B
5416,5416,10832,10832,-5416,-5416,1,1,0.5016941681255025,0.5016941681255025,B,B
5417,5417,10834,10834,-5417,-5417,1,1,0.1777807019990415,0.1777807019990415,B,B
5418,5418,10836,10836,-5418,-5418,1,1,0.4680655388643973,0.4680655388643973,B,B
5419,5419,10838,10838,-5419,-5419,1,1,0.9492316050327129,0.9492316050327129,B,B
5420,5420,10840,10840,-5420,-5420,1,1,0.9799064413882105,0.9799064413882105,B,B
5423,5423,10846,10846,-5423,-5423,1,1,0.1830490079109368,0.1830490079109368,B,B
5425,5425,10850,10850,-5425,-5425,1,1,0.40196612216254246,0.40196612216254246,B,B
5428,5428,10856,10856,-5428,-5428,1,1,0.40220579996383077,0.40220579996383077,B,B
5429,5429,10858,10858,-5429,-5429,1,1,0.41196324037212395,0.41196324037212395,B,B
5430,5430,10860,10860,-5430,-5430,1,1,0.18147822224211352,0.18147822224211352,B,B
5431,5431,10862,10862,-5431,-5431,1,1,0.723115662917478,0.723115662917478,B,B
5432,5432,10864,10864,-5432,-5432,1,1,0.5950184163124067,0.5950184163124067,B,B
5434,5434,10868,10868,-5434,-5434,1,1,0.940938327787818,0.940938327787818,B,B
5435,5435,10870,10870,-5435,-5435,1,1,0.7386822279745531,0.7386822279745531,B,B
5439,5439,10878,10878,-5439,-5439,1,1,0.7845031976548107,0.7845031976548107,B,B
5440,5440,10880,10880,-5440,-5440,1,1,0.6336786297095736,0.6336786297095736,B,B
5442,5442,10884,10884,-5442,-5442,1,1,0.7581486767501735,0.7581486767501735,B,B
5443,5443,10886,10886,-5443,-5443,1,1,0.13997911430294274,0.13997911430294274,B,B
5444,5444,10888,10888,-5444,-5444,1,1,0.8779641962578771,0.8779641962578771,B,B
5445,5445,10890,10890,-5445,-5445,1,1,0.14844444888801678,0.14844444888801678,B,B
5447,5447,10894,10894,-5447,-5447,1,1,0.5357483123362511,0.5357483123362511,B,B
5449,5449,10898,10898,-5449,-5449,1,1,0.19289117551599788,0.19289117551599788,B,B
5450,5450,10900,10900,-5450,-5450,1,1,0.19326101448154875,0.19326101448154875,B,B
5451,5451,10902,10902,-5451,-5451,1,1,0.23965308186956713,0.23965308186956713,B,B
5452,5452,10904,10904,-5452,-5452,1,1,0.7313863414543236,0.7313863414543236,B,B
5454,5454,10908,10908,-5454,-5454,1,1,0.5061048425563938,0.5061048425563938,B,B
5455,5455,10910,10910,-5455,-5455,1,1,0.9041591581947559,0.9041591581947559,B,B
5456,5456,10912,10912,-5456,-5456,1,1,0.33162893288959183,0.33162893288959183,B,B
5457,5457,10914,10914,-5457,-5457,1,1,0.3700526833215747,0.3700526833215747,B,B
5458,5458,10916,10916,-5458,-5458,1,1,0.4699649030897072,0.4699649030897072,B,B
5459,5459,10918,10918,-5459,-5459,1,1,0.007789997983835062,0.007789997983835062,B,B
5462,5462,10924,10924,-5462,-5462,1,1,0.7602959417246893,0.7602959417246893,B,B
5464,5464,10928,10928,-5464,-5464,1,1,0.2299456053081722,0.2299456053081722,B,B
5465,5465,10930,10930,-5465,-5465,1,1,0.39374854899515155,0.39374854899515155,B,B
5466,5466,10932,10932,-5466,-5466,1,1,0.06556501829373995,0.06556501829373995,B,B
5467,5467,10934,10934,-5467,-5467,1,1,0.27159918253018733,0.27159918253018733,B,B
5469,5469,10938,10938,-5469,-5469,1,1,0.5098228515954835,0.5098228515954835,B,B
5470,5470,10940,10940,-5470,-5470,1,1,0.526407683572576,0.526407683572576,B,B
5471,5471,10942,10942,-5471,-5471,1,1,0.37932594841000944,0.37932594841000944,B,B
5472,5472,10944,10944,-5472,-5472,1,1,0.7508320371153462,0.7508320371153462,B,B
5473,5473,10946,10946,-5473,-5473,1,1,0.3407078553220654,0.3407078553220654,B,B
5474,5474,10948,10948,-5474,-5474,1,1,0.7742158751645968,0.7742158751645968,B,B
5476,5476,10952,10952,-5476,-5476,1,1,0.9405719699361824,0.9405719699361824,B,B
5478,5478,10956,10956,-5478,-5478,1,1,0.3831931198097118,0.3831931198097118,B,B
5479,5479,10958,10958,-5479,-5479,1,1,0.6730146873847402,0.6730146873847402,B,B
5480,5480,10960,10960,-5480,-5480,1,1,0.074217397833242,0.074217397833242,B,B
5481,5481,10962,10962,-5481,-5481,1,1,0.46618200968861967,0.46618200968861967,B,B
5482,5482,10964,10964,-5482,-5482,1,1,0.5173332164683112,0.5173332164683112,B,B
5485,5485,10970,10970,-5485,-5485,1,1,0.8563250549015817,0.8563250549015817,B,B
5486,5486,10972,10972,-5486,-5486,1,1,0.10623406231172305,0.10623406231172305,B,B
5487,5487,10974,10974,-5487,-5487,1,1,0.8695280045231318,0.8695280045231318,B,B
5488,5488,10976,10976,-5488,-5488,1,1,0.07485516309930662,0.07485516309930662,B,B
5489,5489,10978,10978,-5489,-5489,1,1,0.7154946813433717,0.7154946813433717,B,B
5491,5491,10982,10982,-5491,-5491,1,1,0.6391798774038199,0.6391798774038199,B,B
5492,5492,10984,10984,-5492,-5492,1,1,0.7038916533661504,0.7038916533661504,B,B
5494,5494,10988,10988,-5494,-5494,1,1,0.3485884069485735,0.3485884069485735,B,B
5495,5495,10990,10990,-5495,-5495,1,1,0.6813879803491822,0.6813879803491822,B,B
5496,5496,10992,10992,-5496,-5496,1,1,0.3183845136301866,0.3183845136301866,B,B
5497,5497,10994,10994,-5497,-5497,1,1,0.36363275345615553,0.36363275345615553,B,B
5498,5498,10996,10996,-5498,-5498,1,1,0.6404361541492124,0.6404361541492124,B,B
5499,5499,10998,10998,-5499,-5499,1,1,0.5526629427965694,0.5526629427965694,B,B
5501,5501,11002,11002,-5501,-5501,1,1,0.14452504521485732,0.14452504521485732,B,B
5503,5503,11006,11006,-5503,-5503,1,1,0.11647260538675697,0.11647260538675697,B,B
5505,5505,11010,11010,-5505,-5505,1,1,0.20964834673752808,0.20964834673752808,B,B
5506,5506,11012,11012,-5506,-5506,1,1,0.06980888145496944,0.06980888145496944,B,B
5508,5508,11016,11016,-5508,-5508,1,1,0.383567722732034,0.383567722732034,B,B
5509,5509,11018,11018,-5509,-5509,1,1,0.6268110157106588,0.6268110157106588,B,B
5510,5510,11020,11020,-5510,-5510,1,1,0.9391206883259731,0.9391206883259731,B,B
5511,5511,11022,11022,-5511,-5511,1,1,0.16270661197145353,0.16270661197145353,B,B
5512,5512,11024,11024,-5512,-5512,1,1,0.4089194998309391,0.4089194998309391,B,B
5513,5513,11026,11026,-5513,-5513,1,1,0.847913665398959,0.847913665398959,B,B
5515,5515,11030,11030,-5515,-5515,1,1,0.8683105848692048,0.8683105848692048,B,B
5516,5516,11032,11032,-5516,-5516,1,1,0.39725771214236993,0.39725771214236993,B,B
5519,5519,11038,11038,-5519,-5519,1,1,0.9883891929670434,0.9883891929670434,B,B
5522,5522,11044,11044,-5522,-5522,1,1,0.7709332606202701,0.7709332606202701,B,B
5524,5524,11048,11048,-5524,-5524,1,1,0.3744141594704604,0.3744141594704604,B,B
5525,5525,11050,11050,-5525,-5525,1,1,0.16059696852405736,0.16059696852405736,B,B
5526,5526,11052,11052,-5526,-5526,1,1,0.6526871900283732,0.6526871900283732,B,B
5527,5527,11054,11054,-5527,-5527,1,1,0.04908180716512145,0.04908180716512145,B,B
5528,5528,11056,11056,-5528,-5528,1,1,0.9984503862626004,0.9984503862626004,B,B
5529,5529,11058,11058,-5529,-5529,1,1,0.9852853574363,0.9852853574363,B,B
5530,5530,11060,11060,-5530,-5530,1,1,0.32589736418036297,0.32589736418036297,B,B
5531,5531,11062,11062,-5531,-5531,1,1,0.47321742612812223,0.47321742612812223,B,B
5532,5532,11064,11064,-5532,-5532,1,1,0.03602909239739038,0.03602909239739038,B,B
5533,5533,11066,11066,-5533,-5533,1,1,0.8825175051243881,0.8825175051243881,B,B
5534,5534,11068,11068,-5534,-5534,1,1,0.14555430420893978,0.14555430420893978,B,B
5539,5539,11078,11078,-5539,-5539,1,1,0.07861287924247784,0.07861287924247784,B,B
5540,5540,11080,11080,-5540,-5540,1,1,0.4070363664468485,0.4070363664468485,B,B
5541,5541,11082,11082,-5541,-5541,1,1,0.5906955365914462,0.5906955365914462,B,B
5542,5542,11084,11084,-5542,-5542,1,1,0.023366895464636994,0.023366895464636994,B,B
5543,5543,11086,11086,-5543,-5543,1,1,0.7904777172480826,0.7904777172480826,B,B
5546,5546,11092,11092,-5546,-5546,1,1,0.5101657825199177,0.5101657825199177,B,B
5547,5547,11094,11094,-5547,-5547,1,1,0.6716955913969231,0.6716955913969231,B,B
5548,5548,11096,11096,-5548,-5548,1,1,0.7847729036868485,0.7847729036868485,B,B
5550,5550,11100,11100,-5550,-5550,1,1,0.726991365323171,0.726991365323171,B,B
5553,5553,11106,11106,-5553,-5553,1,1,0.622524380604237,0.622524380604237,B,B
5555,5555,11110,11110,-5555,-5555,1,1,0.20442423338918292,0.20442423338918292,B,B
5556,5556,11112,11112,-5556,-5556,1,1,0.5608514676097559,0.5608514676097559,B,B
5557,5557,11114,11114,-5557,-5557,1,1,0.49018978608025243,0.49018978608025243,B,B
5559,5559,11118,11118,-5559,-5559,1,1,0.19972285475400853,0.19972285475400853,B,B
5560,5560,11120,11120,-5560,-5560,1,1,0.8040594269329853,0.8040594269329853,B,B
5561,5561,11122,11122,-5561,-5561,1,1,0.5485847044460538,0.5485847044460538,B,B
5562,5562,11124,11124,-5562,-5562,1,1,0.804910295899721,0.804910295899721,B,B
5564,5564,11128,11128,-5564,-5564,1,1,0.012161207145946706,0.012161207145946706,B,B
5565,5565,11130,11130,-5565,-5565,1,1,0.9503527763442527,0.9503527763442527,B,B
5566,5566,11132,11132,-5566,-5566,1,1,0.4018753525135067,0.4018753525135067,B,B
5568,5568,11136,11136,-5568,-5568,1,1,0.26139252317341943,0.26139252317341943,B,B
5571,5571,11142,11142,-5571,-5571,1,1,0.02234973872512802,0.02234973872512802,B,B
5573,5573,11146,11146,-5573,-5573,1,1,0.23884972301459972,0.23884972301459972,B,B
5574,5574,11148,11148,-5574,-5574,1,1,0.22800265724705626,0.22800265724705626,B,B
5576,5576,11152,11152,-5576,-5576,1,1,0.1583863003086664,0.1583863003086664,B,B
5578,5578,11156,11156,-5578,-5578,1,1,0.7849304605779454,0.7849304605779454,B,B
5580,5580,11160,11160,-5580,-5580,1,1,0.3234358213554045,0.3234358213554045,B,B
5581,5581,11162,11162,-5581,-5581,1,1,0.3125994902181488,0.3125994902181488,B,B
5582,5582,11164,11164,-5582,-5582,1,1,0.9706893444837098,0.9706893444837098,B,B
5583,5583,11166,11166,-5583,-5583,1,1,0.17721871141737677,0.17721871141737677,B,B
5584,5584,11168,11168,-5584,-5584,1,1,0.18333629085184655,0.18333629085184655,B,B
5587,5587,11174,11174,-5587,-5587,1,1,0.9055897095248975,0.9055897095248975,B,B
5589,5589,11178,11178,-5589,-5589,1,1,0.07765995180214369,0.07765995180214369,B,B
5590,5590,11180,11180,-5590,-5590,1,1,0.02898635187635057,0.02898635187635057,B,B
5593,5593,11186,11186,-5593,-5593,1,1,0.9228117247170342,0.9228117247170342,B,B
5594,5594,11188,11188,-5594,-5594,1,1,0.2613144641661266,0.2613144641661266,B,B
5595,5595,11190,11190,-5595,-5595,1,1,0.6437001100543567,0.6437001100543567,B,B
5597,5597,11194,11194,-5597,-5597,1,1,0.873486962483942,0.873486962483942,B,B
5598,5598,11196,11196,-5598,-5598,1,1,0.1509738047975565,0.1509738047975565,B,B
5599,5599,11198,11198,-5599,-5599,1,1,0.057801060820908856,0.057801060820908856,B,B
5601,5601,11202,11202,-5601,-5601,1,1,0.5050477579570738,0.5050477579570738,B,B
5604,5604,11208,11208,-5604,-5604,1,1,0.16163068604673614,0.16163068604673614,B,B
5605,5605,11210,11210,-5605,-5605,1,1,0.6567709630276142,0.6567709630276142,B,B
5607,5607,11214,11214,-5607,-5607,1,1,0.4423043545614215,0.4423043545614215,B,B
5608,5608,11216,11216,-5608,-5608,1,1,0.20831076574240104,0.20831076574240104,B,B
5610,5610,11220,11220,-5610,-5610,1,1,0.08211739529051842,0.08211739529051842,B,B
5612,5612,11224,11224,-5612,-5612,1,1,0.2249312497704633,0.2249312497704633,B,B
5613,5613,11226,11226,-5613,-5613,1,1,0.16236688450940984,0.16236688450940984,B,B
5615,5615,11230,11230,-5615,-5615,1,1,0.9444007862493681,0.9444007862493681,B,B
5616,5616,11232,11232,-5616,-5616,1,1,0.36443545562816204,0.36443545562816204,B,B
5617,5617,11234,11234,-5617,-5617,1,1,0.4708955027874768,0.4708955027874768,B,B
5619,5619,11238,11238,-5619,-5619,1,1,0.7241311570678887,0.7241311570678887,B,B
5620,5620,11240,11240,-5620,-5620,1,1,0.7247398860681749,0.7247398860681749,B,B
5622,5622,11244,11244,-5622,-5622,1,1,0.773548830472625,0.773548830472625,B,B
5623,5623,11246,11246,-5623,-5623,1,1,0.8159103618108945,0.8159103618108945,B,B
5624,5624,11248,11248,-5624,-5624,1,1,0.6647546932676328,0.6647546932676328,B,B
5625,5625,11250,11250,-5625,-5625,1,1,0.3924231096676768,0.3924231096676768,B,B
5626,5626,11252,11252,-5626,-5626,1,1,0.48293472895111245,0.48293472895111245,B,B
5627,5627,11254,11254,-5627,-5627,1,1,0.5057843245177359,0.5057843245177359,B,B
5628,5628,11256,11256,-5628,-5628,1,1,0.8002812918370705,0.8002812918370705,B,B
5631,5631,11262,11262,-5631,-5631,1,1,0.8597430367413958,0.8597430367413958,B,B
5633,5633,11266,11266,-5633,-5633,1,1,0.21376771221663016,0.21376771221663016,B,B
5634,5634,11268,11268,-5634,-5634,1,1,0.985559536882449,0.985559536882449,B,B
5635,5635,11270,11270,-5635,-5635,1,1,0.15899018413246502,0.15899018413246502,B,B
5636,5636,11272,11272,-5636,-5636,1,1,0.5146396959894008,0.5146396959894008,B,B
5637,5637,11274,11274,-5637,-5637,1,1,0.6260746924659901,0.6260746924659901,B,B
5639,5639,11278,11278,-5639,-5639,1,1,0.8321375794534073,0.8321375794534073,B,B
5640,5640,11280,11280,-5640,-5640,1,1,0.5278269451101584,0.5278269451101584,B,B
5641,5641,11282,11282,-5641,-5641,1,1,0.5287072142744291,0.5287072142744291,B,B
5643,5643,11286,11286,-5643,-5643,1,1,0.13100644550525264,0.13100644550525264,B,B
5644,5644,11288,11288,-5644,-5644,1,1,0.2020026688391766,0.2020026688391766,B,B
5646,5646,11292,11292,-5646,-5646,1,1,0.6933657538495233,0.6933657538495233,B,B
5649,5649,11298,11298,-5649,-5649,1,1,0.8873191789064558,0.8873191789064558,B,B
5650,5650,11300,11300,-5650,-5650,1,1,0.26633891016437694,0.26633891016437694,B,B
5652,5652,11304,11304,-5652,-5652,1,1,0.9419512616084187,0.9419512616084187,B,B
5653,5653,11306,11306,-5653,-5653,1,1,0.10897111596304454,0.10897111596304454,B,B
5654,5654,11308,11308,-5654,-5654,1,1,0.3845785472692975,0.3845785472692975,B,B
5655,5655,11310,11310,-5655,-5655,1,1,0.7851201772822821,0.7851201772822821,B,B
5657,5657,11314,11314,-5657,-5657,1,1,0.8777173150083604,0.8777173150083604,B,B
5658,5658,11316,11316,-5658,-5658,1,1,0.40133523925281855,0.40133523925281855,B,B
5659,5659,11318,11318,-5659,-5659,1,1,0.26739924580207775,0.26739924580207775,B,B
5660,5660,11320,11320,-5660,-5660,1,1,0.7121080584466735,0.7121080584466735,B,B
5661,5661,11322,11322,-5661,-5661,1,1,0.9485266033772014,0.9485266033772014,B,B
5662,5662,11324,11324,-5662,-5662,1,1,0.915516346334373,0.915516346334373,B,B
5663,5663,11326,11326,-5663,-5663,1,1,0.31713106690846626,0.31713106690846626,B,B
5665,5665,11330,11330,-5665,-5665,1,1,0.8302279963974956,0.8302279963974956,B,B
5668,5668,11336,11336,-5668,-5668,1,1,0.3471735733311968,0.3471735733311968,B,B
5670,5670,11340,11340,-5670,-5670,1,1,0.009448725438946592,0.009448725438946592,B,B
5673,5673,11346,11346,-5673,-5673,1,1,0.5602489039074353,0.5602489039074353,B,B
5674,5674,11348,11348,-5674,-5674,1,1,0.031159098141547714,0.031159098141547714,B,B
5678,5678,11356,11356,-5678,-5678,1,1,0.943457775520382,0.943457775520382,B,B
5679,5679,11358,11358,-5679,-5679,1,1,0.07099157703182302,0.07099157703182302,B,B
5680,5680,11360,11360,-5680,-5680,1,1,0.5700773020772851,0.5700773020772851,B,B
5681,5681,11362,11362,-5681,-5681,1,1,0.6114561267128068,0.6114561267128068,B,B
5683,5683,11366,11366,-5683,-5683,1,1,0.31278858825720945,0.31278858825720945,B,B
5684,5684,11368,11368,-5684,-5684,1,1,0.6494821536086299,0.6494821536086299,B,B
5685,5685,11370,11370,-5685,-5685,1,1,0.8173960255958324,0.8173960255958324,B,B
5686,5686,11372,11372,-5686,-5686,1,1,0.6306634493718973,0.6306634493718973,B,B
5687,5687,11374,11374,-5687,-5687,1,1,0.15675389422741803,0.15675389422741803,B,B
5688,5688,11376,11376,-5688,-5688,1,1,0.2218253320985355,0.2218253320985355,B,B
5690,5690,11380,11380,-5690,-5690,1,1,0.19026431618468376,0.19026431618468376,B,B
5691,5691,11382,11382,-5691,-5691,1,1,0.6660383434397551,0.6660383434397551,B,B
5692,5692,11384,11384,-5692,-5692,1,1,0.5184576116122209,0.5184576116122209,B,B
5694,5694,11388,11388,-5694,-5694,1,1,0.29395187068427486,0.29395187068427486,B,B
5695,5695,11390,11390,-5695,-5695,1,1,0.5845398222942767,0.5845398222942767,B,B
5697,5697,11394,11394,-5697,-5697,1,1,0.5822369299462663,0.5822369299462663,B,B
5698,5698,11396,11396,-5698,-5698,1,1,0.3666555051252821,0.3666555051252821,B,B
5700,5700,11400,11400,-5700,-5700,1,1,0.6966207014268987,0.6966207014268987,B,B
5701,5701,11402,11402,-5701,-5701,1,1,0.2556376638625464,0.2556376638625464,B,B
5702,5702,11404,11404,-5702,-5702,1,1,0.6446208923303385,0.6446208923303385,B,B
5703,5703,11406,11406,-5703,-5703,1,1,0.2568177456596695,0.2568177456596695,B,B
5705,5705,11410,11410,-5705,-5705,1,1,0.5353079778444623,0.5353079778444623,B,B
5706,5706,11412,11412,-5706,-5706,1,1,0.9007806222793342,0.9007806222793342,B,B
5708,5708,11416,11416,-5708,-5708,1,1,0.10253920528687566,0.10253920528687566,B,B
5709,5709,11418,11418,-5709,-5709,1,1,0.3559718043301692,0.3559718043301692,B,B
5710,5710,11420,11420,-5710,-5710,1,1,0.2200783515824032,0.2200783515824032,B,B
5711,5711,11422,11422,-5711,-5711,1,1,0.8987666971369921,0.8987666971369921,B,B
5712,5712,11424,11424,-5712,-5712,1,1,0.12018167770485322,0.12018167770485322,B,B
5713,5713,11426,11426,-5713,-5713,1,1,0.31353201355329474,0.31353201355329474,B,B
5714,5714,11428,11428,-5714,-5714,1,1,0.009883369697895383,0.009883369697895383,B,B
5715,5715,11430,11430,-5715,-5715,1,1,0.0024378204909171197,0.0024378204909171197,B,B
5717,5717,11434,11434,-5717,-5717,1,1,0.009599749500459276,0.009599749500459276,B,B
5718,5718,11436,11436,-5718,-5718,1,1,0.2156533635823139,0.2156533635823139,B,B
5719,5719,11438,11438,-5719,-5719,1,1,0.5437811418999469,0.5437811418999469,B,B
5720,5720,11440,11440,-5720,-5720,1,1,0.4499654590115719,0.4499654590115719,B,B
5721,5721,11442,11442,-5721,-5721,1,1,0.39644062230578136,0.39644062230578136,B,B
5724,5724,11448,11448,-5724,-5724,1,1,0.06269613294799226,0.06269613294799226,B,B
5727,5727,11454,11454,-5727,-5727,1,1,0.7971043941383782,0.7971043941383782,B,B
5728,5728,11456,11456,-5728,-5728,1,1,0.48163984218393263,0.48163984218393263,B,B
5729,5729,11458,11458,-5729,-5729,1,1,0.3435830170314724,0.3435830170314724,B,B
5730,5730,11460,11460,-5730,-5730,1,1,0.7743609011204525,0.7743609011204525,B,B
5735,5735,11470,11470,-5735,-5735,1,1,0.20758855425254852,0.20758855425254852,B,B
5736,5736,11472,11472,-5736,-5736,1,1,0.6928368593455286,0.6928368593455286,B,B
5737,5737,11474,11474,-5737,-5737,1,1,0.9708335991200716,0.9708335991200716,B,B
5738,5738,11476,11476,-5738,-5738,1,1,0.21816078419432394,0.21816078419432394,B,B
5745,5745,11490,11490,-5745,-5745,1,1,0.2411042355182672,0.2411042355182672,B,B
5747,5747,11494,11494,-5747,-5747,1,1,0.3689579768149065,0.3689579768149065,B,B
5748,5748,11496,11496,-5748,-5748,1,1,0.47641504446250105,0.47641504446250105,B,B
5749,5749,11498,11498,-5749,-5749,1,1,0.1452510720494461,0.1452510720494461,B,B
5751,5751,11502,11502,-5751,-5751,1,1,0.7814623372186233,0.7814623372186233,B,B
5752,5752,11504,11504,-5752,-5752,1,1,0.004215855832960136,0.004215855832960136,B,B
5753,5753,11506,11506,-5753,-5753,1,1,0.7009363063307761,0.7009363063307761,B,B
5754,5754,11508,11508,-5754,-5754,1,1,0.19873029061422998,0.19873029061422998,B,B
5756,5756,11512,11512,-5756,-5756,1,1,0.7296165541121163,0.7296165541121163,B,B
5757,5757,11514,11514,-5757,-5757,1,1,0.6566954583079483,0.6566954583079483,B,B
5760,5760,11520,11520,-5760,-5760,1,1,0.15723584529329426,0.15723584529329426,B,B
5762,5762,11524,11524,-5762,-5762,1,1,0.3976380625702378,0.3976380625702378,B,B
5764,5764,11528,11528,-5764,-5764,1,1,0.970955709955351,0.970955709955351,B,B
5765,5765,11530,11530,-5765,-5765,1,1,0.3471351134616716,0.3471351134616716,B,B
5766,5766,11532,11532,-5766,-5766,1,1,0.46064193167999523,0.46064193167999523,B,B
5767,5767,11534,11534,-5767,-5767,1,1,0.28456892491474306,0.28456892491474306,B,B
5768,5768,11536,11536,-5768,-5768,1,1,0.7143453640918144,0.7143453640918144,B,B
5769,5769,11538,11538,-5769,-5769,1,1,0.020171770860911487,0.020171770860911487,B,B
5771,5771,11542,11542,-5771,-5771,1,1,0.10812403951594474,0.10812403951594474,B,B
5776,5776,11552,11552,-5776,-5776,1,1,0.6147268010658669,0.6147268010658669,B,B
5777,5777,11554,11554,-5777,-5777,1,1,0.8012948328344461,0.8012948328344461,B,B
5779,5779,11558,11558,-5779,-5779,1,1,0.6024002297341393,0.6024002297341393,B,B
5780,5780,11560,11560,-5780,-5780,1,1,0.9409946143573944,0.9409946143573944,B,B
5781,5781,11562,11562,-5781,-5781,1,1,0.6662799946307412,0.6662799946307412,B,B
5787,5787,11574,11574,-5787,-5787,1,1,0.9849522063311587,0.9849522063311587,B,B
5788,5788,11576,11576,-5788,-5788,1,1,0.5076877085978151,0.5076877085978151,B,B
5789,5789,11578,11578,-5789,-5789,1,1,0.4824381759363401,0.4824381759363401,B,B
5791,5791,11582,11582,-5791,-5791,1,1,0.0559392046093492,0.0559392046093492,B,B
5792,5792,11584,11584,-5792,-5792,1,1,0.2829444294557104,0.2829444294557104,B,B
5793,5793,11586,11586,-5793,-5793,1,1,0.8891739206703254,0.8891739206703254,B,B
5794,5794,11588,11588,-5794,-5794,1,1,0.8854472718201618,0.8854472718201618,B,B
5795,5795,11590,11590,-5795,-5795,1,1,0.4313370457687713,0.4313370457687713,B,B
5798,5798,11596,11596,-5798,-5798,1,1,0.707512906016576,0.707512906016576,B,B
5799,5799,11598,11598,-5799,-5799,1,1,0.9798388881299152,0.9798388881299152,B,B
5800,5800,11600,11600,-5800,-5800,1,1,0.36193137362338834,0.36193137362338834,B,B
5801,5801,11602,11602,-5801,-5801,1,1,0.06888776684882869,0.06888776684882869,B,B
5803,5803,11606,11606,-5803,-5803,1,1,0.6634875089923155,0.6634875089923155,B,B
5805,5805,11610,11610,-5805,-5805,1,1,0.4210708216561442,0.4210708216561442,B,B
5808,5808,11616,11616,-5808,-5808,1,1,0.3975333679323866,0.3975333679323866,B,B
5809,5809,11618,11618,-5809,-5809,1,1,0.708909332929425,0.708909332929425,B,B
5811,5811,11622,11622,-5811,-5811,1,1,0.23694261975493625,0.23694261975493625,B,B
5812,5812,11624,11624,-5812,-5812,1,1,0.6598726330963451,0.6598726330963451,B,B
5814,5814,11628,11628,-5814,-5814,1,1,0.8369711599822957,0.8369711599822957,B,B
5816,5816,11632,11632,-5816,-5816,1,1,0.3408295120233311,0.3408295120233311,B,B
5817,5817,11634,11634,-5817,-5817,1,1,0.6018194151213186,0.6018194151213186,B,B
5818,5818,11636,11636,-5818,-5818,1,1,0.9352618612023519,0.9352618612023519,B,B
5819,5819,11638,11638,-5819,-5819,1,1,0.017829666281167666,0.017829666281167666,B,B
5821,5821,11642,11642,-5821,-5821,1,1,0.09948491197676623,0.09948491197676623,B,B
5823,5823,11646,11646,-5823,-5823,1,1,0.8887834695138418,0.8887834695138418,B,B
5825,5825,11650,11650,-5825,-5825,1,1,0.7063940627116155,0.7063940627116155,B,B
5829,5829,11658,11658,-5829,-5829,1,1,0.5145361365599614,0.5145361365599614,B,B
5830,5830,11660,11660,-5830,-5830,1,1,0.45976960484425955,0.45976960484425955,B,B
5831,5831,11662,11662,-5831,-5831,1,1,0.7752922870145016,0.7752922870145016,B,B
5832,5832,11664,11664,-5832,-5832,1,1,0.566813110228485,0.566813110228485,B,B
5835,5835,11670,11670,-5835,-5835,1,1,0.5180493604853073,0.5180493604853073,B,B
5836,5836,11672,11672,-5836,-5836,1,1,0.9879064490005679,0.9879064490005679,B,B
5839,5839,11678,11678,-5839,-5839,1,1,0.5702971919128315,0.5702971919128315,B,B
5840,5840,11680,11680,-5840,-5840,1,1,0.23558960845535437,0.23558960845535437,B,B
5841,5841,11682,11682,-5841,-5841,1,1,0.35766256908486993,0.35766256908486993,B,B
5843,5843,11686,11686,-5843,-5843,1,1,0.1919415166862054,0.1919415166862054,B,B
5844,5844,11688,11688,-5844,-5844,1,1,0.9971202545181832,0.9971202545181832,B,B
5846,5846,11692,11692,-5846,-5846,1,1,0.06607738418524967,0.06607738418524967,B,B
5847,5847,11694,11694,-5847,-5847,1,1,0.058005867257110766,0.058005867257110766,B,B
5848,5848,11696,11696,-5848,-5848,1,1,0.2966138495112446,0.2966138495112446,B,B
5849,5849,11698,11698,-5849,-5849,1,1,0.7512066208344604,0.7512066208344604,B,B
5850,5850,11700,11700,-5850,-5850,1,1,0.3901204643678514,0.3901204643678514,B,B
5851,5851,11702,11702,-5851,-5851,1,1,0.6003247677333527,0.6003247677333527,B,B
5852,5852,11704,11704,-5852,-5852,1,1,0.7679971080221102,0.7679971080221102,B,B
5853,5853,11706,11706,-5853,-5853,1,1,0.4953598215298468,0.4953598215298468,B,B
5855,5855,11710,11710,-5855,-5855,1,1,0.7208187828775825,0.7208187828775825,B,B
5857,5857,11714,11714,-5857,-5857,1,1,0.1542100201366634,0.1542100201366634,B,B
5860,5860,11720,11720,-5860,-5860,1,1,0.9523251822060104,0.9523251822060104,B,B
5861,5861,11722,11722,-5861,-5861,1,1,0.7472716353900177,0.7472716353900177,B,B
5862,5862,11724,11724,-5862,-5862,1,1,0.9361799020028025,0.9361799020028025,B,B
5864,5864,11728,11728,-5864,-5864,1,1,0.8553295362951326,0.8553295362951326,B,B
5865,5865,11730,11730,-5865,-5865,1,1,0.13239141710995006,0.13239141710995006,B,B
5866,5866,11732,11732,-5866,-5866,1,1,0.9207561529901859,0.9207561529901859,B,B
5868,5868,11736,11736,-5868,-5868,1,1,0.8725053695118831,0.8725053695118831,B,B
5870,5870,11740,11740,-5870,-5870,1,1,0.21074662165927482,0.21074662165927482,B,B
5872,5872,11744,11744,-5872,-5872,1,1,0.736898438457649,0.736898438457649,B,B
5873,5873,11746,11746,-5873,-5873,1,1,0.6550173141652227,0.6550173141652227,B,B
5874,5874,11748,11748,-5874,-5874,1,1,0.4931427420837857,0.4931427420837857,B,B
5875,5875,11750,11750,-5875,-5875,1,1,0.6482322739693153,0.6482322739693153,B,B
5876,5876,11752,11752,-5876,-5876,1,1,0.5729792559750374,0.5729792559750374,B,B
5878,5878,11756,11756,-5878,-5878,1,1,0.48322626677854796,0.48322626677854796,B,B
5879,5879,11758,11758,-5879,-5879,1,1,0.5641180422673168,0.5641180422673168,B,B
5880,5880,11760,11760,-5880,-5880,1,1,0.4982817158659174,0.4982817158659174,B,B
5882,5882,11764,11764,-5882,-5882,1,1,0.7888333318805056,0.7888333318805056,B,B
5883,5883,11766,11766,-5883,-5883,1,1,0.4063686186726787,0.4063686186726787,B,B
5885,5885,11770,11770,-5885,-5885,1,1,0.6412610794288751,0.6412610794288751,B,B
5886,5886,11772,11772,-5886,-5886,1,1,0.013872567615398346,0.013872567615398346,B,B
5887,5887,11774,11774,-5887,-5887,1,1,0.39904514961819815,0.39904514961819815,B,B
5890,5890,11780,11780,-5890,-5890,1,1,0.5052734135738898,0.5052734135738898,B,B
5891,5891,11782,11782,-5891,-5891,1,1,0.7959673835727121,0.7959673835727121,B,B
5892,5892,11784,11784,-5892,-5892,1,1,0.3328687627974606,0.3328687627974606,B,B
5895,5895,11790,11790,-5895,-5895,1,1,0.8342247372686895,0.8342247372686895,B,B
5896,5896,11792,11792,-5896,-5896,1,1,0.214291344572196,0.214291344572196,B,B
5897,5897,11794,11794,-5897,-5897,1,1,0.5250689271535032,0.5250689271535032,B,B
5898,5898,11796,11796,-5898,-5898,1,1,0.6865687000926515,0.6865687000926515,B,B
5899,5899,11798,11798,-5899,-5899,1,1,0.0033367603882219488,0.0033367603882219488,B,B
5900,5900,11800,11800,-5900,-5900,1,1,0.5458713398226414,0.5458713398226414,B,B
5902,5902,11804,11804,-5902,-5902,1,1,0.7600740334526979,0.7600740334526979,B,B
5903,5903,11806,11806,-5903,-5903,1,1,0.14232941590603965,0.14232941590603965,B,B
5904,5904,11808,11808,-5904,-5904,1,1,0.13775517068694332,0.13775517068694332,B,B
5905,5905,11810,11810,-5905,-5905,1,1,0.9390652454607573,0.9390652454607573,B,B
5906,5906,11812,11812,-5906,-5906,1,1,0.4812273181461212,0.4812273181461212,B,B
5908,5908,11816,11816,-5908,-5908,1,1,0.9238116495308393,0.9238116495308393,B,B
5909,5909,11818,11818,-5909,-5909,1,1,0.20134776876257232,0.20134776876257232,B,B
5911,5911,11822,11822,-5911,-5911,1,1,0.5416734083646975,0.5416734083646975,B,B
5912,5912,11824,11824,-5912,-5912,1,1,0.478972942125518,0.478972942125518,B,B
5913,5913,11826,11826,-5913,-5913,1,1,0.7752105467541478,0.7752105467541478,B,B
5914,5914,11828,11828,-5914,-5914,1,1,0.2077062332286982,0.2077062332286982,B,B
5916,5916,11832,11832,-5916,-5916,1,1,0.9454541520204053,0.9454541520204053,B,B
5917,5917,11834,11834,-5917,-5917,1,1,0.7016640162526404,0.7016640162526404,B,B
5918,5918,11836,11836,-5918,-5918,1,1,0.4304920489320535,0.4304920489320535,B,B
5919,5919,11838,11838,-5919,-5919,1,1,0.9550538593999985,0.9550538593999985,B,B
5920,5920,11840,11840,-5920,-5920,1,1,0.00848717881500416,0.00848717881500416,B,B
5922,5922,11844,11844,-5922,-5922,1,1,0.8449218939770196,0.8449218939770196,B,B
5924,5924,11848,11848,-5924,-5924,1,1,0.8720428306553509,0.8720428306553509,B,B
5926,5926,11852,11852,-5926,-5926,1,1,0.11912737117560612,0.11912737117560612,B,B
5928,5928,11856,11856,-5928,-5928,1,1,0.8384737676828615,0.8384737676828615,B,B
5930,5930,11860,11860,-5930,-5930,1,1,0.8845451495126907,0.8845451495126907,B,B
5931,5931,11862,11862,-5931,-5931,1,1,0.46226088906092355,0.46226088906092355,B,B
5932,5932,11864,11864,-5932,-5932,1,1,0.08206319979003851,0.08206319979003851,B,B
5934,5934,11868,11868,-5934,-5934,1,1,0.555957711255357,0.555957711255357,B,B
5938,5938,11876,11876,-5938,-5938,1,1,0.7968313580161872,0.7968313580161872,B,B
5940,5940,11880,11880,-5940,-5940,1,1,0.002619383127530961,0.002619383127530961,B,B
5944,5944,11888,11888,-5944,-5944,1,1,0.8370816422346897,0.8370816422346897,B,B
5945,5945,11890,11890,-5945,-5945,1,1,0.21243468688370892,0.21243468688370892,B,B
5946,5946,11892,11892,-5946,-5946,1,1,0.9587366454065843,0.9587366454065843,B,B
5947,5947,11894,11894,-5947,-5947,1,1,0.533757144703427,0.533757144703427,B,B
5948,5948,11896,11896,-5948,-5948,1,1,0.2898849332187664,0.2898849332187664,B,B
5950,5950,11900,11900,-5950,-5950,1,1,0.4769579043619391,0.4769579043619391,B,B
5953,5953,11906,11906,-5953,-5953,1,1,0.3867561765832429,0.3867561765832429,B,B
5954,5954,11908,11908,-5954,-5954,1,1,0.7671401379329297,0.7671401379329297,B,B
5955,5955,11910,11910,-5955,-5955,1,1,0.03120151233415336,0.03120151233415336,B,B
5961,5961,11922,11922,-5961,-5961,1,1,0.26719894598849514,0.26719894598849514,B,B
5962,5962,11924,11924,-5962,-5962,1,1,0.7795429566460313,0.7795429566460313,B,B
5963,5963,11926,11926,-5963,-5963,1,1,0.8328397827813528,0.8328397827813528,B,B
5964,5964,11928,11928,-5964,-5964,1,1,0.718063851073712,0.718063851073712,B,B
5966,5966,11932,11932,-5966,-5966,1,1,0.36045387888348446,0.36045387888348446,B,B
5967,5967,11934,11934,-5967,-5967,1,1,0.26056839442222535,0.26056839442222535,B,B
5969,5969,11938,11938,-5969,-5969,1,1,0.8302027012029222,0.8302027012029222,B,B
5970,5970,11940,11940,-5970,-5970,1,1,0.9375528378485364,0.9375528378485364,B,B
5972,5972,11944,11944,-5972,-5972,1,1,0.8874047386664476,0.8874047386664476,B,B
5973,5973,11946,11946,-5973,-5973,1,1,0.08508309208544429,0.08508309208544429,B,B
5974,5974,11948,11948,-5974,-5974,1,1,0.8476130789194972,0.8476130789194972,B,B
5977,5977,11954,11954,-5977,-5977,1,1,0.7408496804325324,0.7408496804325324,B,B
5978,5978,11956,11956,-5978,-5978,1,1,0.7878639436038386,0.7878639436038386,B,B
5979,5979,11958,11958,-5979,-5979,1,1,0.12189408380327893,0.12189408380327893,B,B
5980,5980,11960,11960,-5980,-5980,1,1,0.9217209891245902,0.9217209891245902,B,B
5981,5981,11962,11962,-5981,-5981,1,1,0.8811033499079853,0.8811033499079853,B,B
5982,5982,11964,11964,-5982,-5982,1,1,0.4197121438692434,0.4197121438692434,B,B
5983,5983,11966,11966,-5983,-5983,1,1,0.2754543197787167,0.2754543197787167,B,B
5985,5985,11970,11970,-5985,-5985,1,1,0.16199370997683682,0.16199370997683682,B,B
5986,5986,11972,11972,-5986,-5986,1,1,0.9640615127064804,0.9640615127064804,B,B
5987,5987,11974,11974,-5987,-5987,1,1,0.25714557257279147,0.25714557257279147,B,B
5988,5988,11976,11976,-5988,-5988,1,1,0.9851914155916274,0.9851914155916274,B,B
5990,5990,11980,11980,-5990,-5990,1,1,0.19254391748301303,0.19254391748301303,B,B
5991,5991,11982,11982,-5991,-5991,1,1,0.3523511841045561,0.3523511841045561,B,B
5994,5994,11988,11988,-5994,-5994,1,1,0.5136829951329206,0.5136829951329206,B,B
5995,5995,11990,11990,-5995,-5995,1,1,0.053982806288152996,0.053982806288152996,B,B
5996,5996,11992,11992,-5996,-5996,1,1,0.595438789844838,0.595438789844838,B,B
5999,5999,11998,11998,-5999,-5999,1,1,0.3478914126815733,0.3478914126815733,B,B
2,2,4,4,-2,-2,1,1,0.008592140326145858,0.008592140326145858,A,A
4,4,8,8,-4,-4,1,1,0.5648247848805592,0.5648247848805592,A,A
6,6,12,12,-6,-6,1,1,0.7025024851846564,0.7025024851846564,A,A
8,8,16,16,-8,-8,1,1,0.44747170849690265,0.44747170849690265,A,A
9,9,18,18,-9,-9,1,1,0.47741195291479244,0.47741195291479244,A,A
15,15,30,30,-15,-15,1,1,0.7994245268931989,0.7994245268931989,A,A
16,16,32,32,-16,-16,1,1,0.0692381742988657,0.0692381742988657,A,A
17,17,34,34,-17,-17,1,1,0.31691823248680395,0.31691823248680395,A,A
19,19,38,38,-19,-19,1,1,0.8956098950436379,0.8956098950436379,A,A
20,20,40,40,-20,-20,1,1,0.009274286062516013,0.009274286062516013,A,A
25,25,50,50,-25,-25,1,1,0.3683197584414639,0.3683197584414639,A,A
29,29,58,58,-29,-29,1,1,0.49567340988943,0.49567340988943,A,A
30,30,60,60,-30,-30,1,1,0.29444067686602804,0.29444067686602804,A,A
34,34,68,68,-34,-34,1,1,0.588818499423512,0.588818499423512,A,A
37,37,74,74,-37,-37,1,1,0.5802603540833852,0.5802603540833852,A,A
40,40,80,80,-40,-40,1,1,0.5962684533243789,0.5962684533243789,A,A
43,43,86,86,-43,-43,1,1,0.8933902231413964,0.8933902231413964,A,A
47,47,94,94,-47,-47,1,1,0.7069084126988497,0.7069084126988497,A,A
48,48,96,96,-48,-48,1,1,0.48055743944836116,0.48055743944836116,A,A
50,50,100,100,-50,-50,1,1,0.632351401751701,0.632351401751701,A,A
52,52,104,104,-52,-52,1,1,0.2895272462547749,0.2895272462547749,A,A
56,56,112,112,-56,-56,1,1,0.33184040673294535,0.33184040673294535,A,A
57,57,114,114,-57,-57,1,1,0.22573113116503285,0.22573113116503285,A,A
61,61,122,122,-61,-61,1,1,0.7864073622896722,0.7864073622896722,A,A
66,66,132,132,-66,-66,1,1,0.5880015981346893,0.5880015981346893,A,A
68,68,136,136,-68,-68,1,1,0.34003176082786146,0.34003176082786146,A,A
71,71,142,142,-71,-71,1,1,0.7025350934246856,0.7025350934246856,A,A
72,72,144,144,-72,-72,1,1,0.7899349727423057,0.7899349727423057,A,A
74,74,148,148,-74,-74,1,1,0.6098925220310963,0.6098925220310963,A,A
80,80,160,160,-80,-80,1,1,0.850555549509514,0.850555549509514,A,A
83,83,166,166,-83,-83,1,1,0.19566789205029944,0.19566789205029944,A,A
84,84,168,168,-84,-84,1,1,0.6087334397291946,0.6087334397291946,A,A
85,85,170,170,-85,-85,1,1,0.12153985833361436,0.12153985833361436,A,A
88,88,176,176,-88,-88,1,1,0.12369044571680654,0.12369044571680654,A,A
92,92,184,184,-92,-92,1,1,0.030147143003661392,0.030147143003661392,A,A
97,97,194,194,-97,-97,1,1,0.9365511947291049,0.9365511947291049,A,A
98,98,196,196,-98,-98,1,1,0.3933693208868131,0.3933693208868131,A,A
108,108,216,216,-108,-108,1,1,0.5823010119940709,0.5823010119940709,A,A
110,110,220,220,-110,-110,1,1,0.28232574558083723,0.28232574558083723,A,A
112,112,224,224,-112,-112,1,1,0.05789297289231299,0.05789297289231299,A,A
113,113,226,226,-113,-113,1,1,0.8208610017475373,0.8208610017475373,A,A
116,116,232,232,-116,-116,1,1,0.625015177713772,0.625015177713772,A,A
117,117,234,234,-117,-117,1,1,0.7908970110897767,0.7908970110897767,A,A
119,119,238,238,-119,-119,1,1,0.4241867392768567,0.4241867392768567,A,A
121,121,242,242,-121,-121,1,1,0.9224039709739558,0.9224039709739558,A,A
123,123,246,246,-123,-123,1,1,0.8080674638389601,0.8080674638389601,A,A
129,129,258,258,-129,-129,1,1,0.44036554521783466,0.44036554521783466,A,A
130,130,260,260,-130,-130,1,1,0.9991719405507549,0.9991719405507549,A,A
131,131,262,262,-131,-131,1,1,0.9608697491416243,0.9608697491416243,A,A
133,133,266,266,-133,-133,1,1,0.0021186743191150548,0.0021186743191150548,A,A
137,137,274,274,-137,-137,1,1,0.7468203204867825,0.7468203204867825,A,A
142,142,284,284,-142,-142,1,1,0.9290433935185707,0.9290433935185707,A,A
143,143,286,286,-143,-143,1,1,0.3862310489295495,0.3862310489295495,A,A
151,151,302,302,-151,-151,1,1,0.687070859066822,0.687070859066822,A,A
153,153,306,306,-153,-153,1,1,0.7209165465648437,0.7209165465648437,A,A
155,155,310,310,-155,-155,1,1,0.0893256093512893,0.0893256093512893,A,A
159,159,318,318,-159,-159,1,1,0.15509437561983497,0.15509437561983497,A,A
164,164,328,328,-164,-164,1,1,0.17924118999634298,0.17924118999634298,A,A
165,165,330,330,-165,-165,1,1,0.9947311038539879,0.9947311038539879,A,A
172,172,344,344,-172,-172,1,1,0.7507676991330635,0.7507676991330635,A,A
173,173,346,346,-173,-173,1,1,0.7635321779602458,0.7635321779602458,A,A
176,176,352,352,-176,-176,1,1,0.7956299550156031,0.7956299550156031,A,A
178,178,356,356,-178,-178,1,1,0.2994774060687747,0.2994774060687747,A,A
182,182,364,364,-182,-182,1,1,0.6234687265834921,0.6234687265834921,A,A
188,188,376,376,-188,-188,1,1,0.5977156529746315,0.5977156529746315,A,A
193,193,386,386,-193,-193,1,1,0.37807247809244215,0.37807247809244215,A,A
194,194,388,388,-194,-194,1,1,0.6275510501860782,0.6275510501860782,A,A
198,198,396,396,-198,-198,1,1,0.1721178840303842,0.1721178840303842,A,A
206,206,412,412,-206,-206,1,1,0.5999376633902942,0.5999376633902942,A,A
216,216,432,432,-216,-216,1,1,0.7346918597875242,0.7346918597875242,A,A
217,217,434,434,-217,-217,1,1,0.7528903884450241,0.7528903884450241,A,A
218,218,436,436,-218,-218,1,1,0.9560205652508982,0.9560205652508982,A,A
219,219,438,438,-219,-219,1,1,0.9447563926067493,0.9447563926067493,A,A
221,221,442,442,-221,-221,1,1,0.8625471437636418,0.8625471437636418,A,A
223,223,446,446,-223,-223,1,1,0.40456665773449063,0.40456665773449063,A,A
228,228,456,456,-228,-228,1,1,0.6425307289938348,0.6425307289938348,A,A
239,239,478,478,-239,-239,1,1,0.40340387114142195,0.40340387114142195,A,A
243,243,486,486,-243,-243,1,1,0.2544102493399274,0.2544102493399274,A,A
246,246,492,492,-246,-246,1,1,0.9403611045818473,0.9403611045818473,A,A
247,247,494,494,-247,-247,1,1,0.6011656806080417,0.6011656806080417,A,A
248,248,496,496,-248,-248,1,1,0.77760539473975,0.77760539473975,A,A
250,250,500,500,-250,-250,1,1,0.054731646056015104,0.054731646056015104,A,A
253,253,506,506,-253,-253,1,1,0.5719823215267762,0.5719823215267762,A,A
261,261,522,522,-261,-261,1,1,0.8299074443722636,0.8299074443722636,A,A
262,262,524,524,-262,-262,1,1,0.13683688534579774,0.13683688534579774,A,A
263,263,526,526,-263,-263,1,1,0.9040886038790525,0.9040886038790525,A,A
264,264,528,528,-264,-264,1,1,0.9321047688230096,0.9321047688230096,A,A
265,265,530,530,-265,-265,1,1,0.11099593394560814,0.11099593394560814,A,A
270,270,540,540,-270,-270,1,1,0.6435260243752986,0.6435260243752986,A,A
272,272,544,544,-272,-272,1,1,0.8393764355476183,0.8393764355476183,A,A
275,275,550,550,-275,-275,1,1,0.32395547118381063,0.32395547118381063,A,A
277,277,554,554,-277,-277,1,1,0.9470344376777021,0.9470344376777021,A,A
279,279,558,558,-279,-279,1,1,0.3075948785149759,0.3075948785149759,A,A
280,280,560,560,-280,-280,1,1,0.5500091655159187,0.5500091655159187,A,A
286,286,572,572,-286,-286,1,1,0.864019369635283,0.864019369635283,A,A
290,290,580,580,-290,-290,1,1,0.9451348822022116,0.9451348822022116,A,A
291,291,582,582,-291,-291,1,1,0.3726525391576332,0.3726525391576332,A,A
292,292,584,584,-292,-292,1,1,0.7073303598111699,0.7073303598111699,A,A
293,293,586,586,-293,-293,1,1,0.21855719626480585,0.21855719626480585,A,A
294,294,588,588,-294,-294,1,1,0.8238571611077843,0.8238571611077843,A,A
298,298,596,596,-298,-298,1,1,0.3778415300676805,0.3778415300676805,A,A
299,299,598,598,-299,-299,1,1,0.5394351237684252,0.5394351237684252,A,A
300,300,600,600,-300,-300,1,1,0.3873483572724802,0.3873483572724802,A,A
303,303,606,606,-303,-303,1,1,0.04679079082716864,0.04679079082716864,A,A
305,305,610,610,-305,-305,1,1,0.6623717326231181,0.6623717326231181,A,A
306,306,612,612,-306,-306,1,1,0.5563227580812916,0.5563227580812916,A,A
313,313,626,626,-313,-313,1,1,0.3890016537171668,0.3890016537171668,A,A
320,320,640,640,-320,-320,1,1,0.7305803288259,0.7305803288259,A,A
321,321,642,642,-321,-321,1,1,0.673290046837457,0.673290046837457,A,A
322,322,644,644,-322,-322,1,1,0.08803472077733132,0.08803472077733132,A,A
330,330,660,660,-330,-330,1,1,0.2958784297176641,0.2958784297176641,A,A
333,333,666,666,-333,-333,1,1,0.40169790697865515,0.40169790697865515,A,A
340,340,680,680,-340,-340,1,1,0.1678590753829282,0.1678590753829282,A,A
347,347,694,694,-347,-347,1,1,0.2988350324187957,0.2988350324187957,A,A
348,348,696,696,-348,-348,1,1,0.30520346827183287,0.30520346827183287,A,A
350,350,700,700,-350,-350,1,1,0.6649181328222944,0.6649181328222944,A,A
351,351,702,702,-351,-351,1,1,0.08687600980794374,0.08687600980794374,A,A
357,357,714,714,-357,-357,1,1,0.996364646806135,0.996364646806135,A,A
359,359,718,718,-359,-359,1,1,0.17598699226891468,0.17598699226891468,A,A
360,360,720,720,-360,-360,1,1,0.1652264446719206,0.1652264446719206,A,A
369,369,738,738,-369,-369,1,1,0.7452718868709656,0.7452718868709656,A,A
372,372,744,744,-372,-372,1,1,0.7450912484003803,0.7450912484003803,A,A
381,381,762,762,-381,-381,1,1,0.5159022459763548,0.5159022459763548,A,A
387,387,774,774,-387,-387,1,1,0.5285194178055062,0.5285194178055062,A,A
392,392,784,784,-392,-392,1,1,0.8113385386758813,0.8113385386758813,A,A
393,393,786,786,-393,-393,1,1,0.5870723723562199,0.5870723723562199,A,A
394,394,788,788,-394,-394,1,1,0.05876233619005966,0.05876233619005966,A,A
398,398,796,796,-398,-398,1,1,0.7454276086799236,0.7454276086799236,A,A
399,399,798,798,-399,-399,1,1,0.43092427249478116,0.43092427249478116,A,A
401,401,802,802,-401,-401,1,1,0.45995198153998107,0.45995198153998107,A,A
405,405,810,810,-405,-405,1,1,0.6394931555434444,0.6394931555434444,A,A
411,411,822,822,-411,-411,1,1,0.05710570693617789,0.05710570693617789,A,A
412,412,824,824,-412,-412,1,1,0.07258765738313688,0.07258765738313688,A,A
414,414,828,828,-414,-414,1,1,0.02953463789222277,0.02953463789222277,A,A
415,415,830,830,-415,-415,1,1,0.47605311431983466,0.47605311431983466,A,A
420,420,840,840,-420,-420,1,1,0.4867567728908214,0.4867567728908214,A,A
427,427,854,854,-427,-427,1,1,0.05876825077710912,0.05876825077710912,A,A
431,431,862,862,-431,-431,1,1,0.4006883846026116,0.4006883846026116,A,A
433,433,866,866,-433,-433,1,1,0.27743127811718027,0.27743127811718027,A,A
436,436,872,872,-436,-436,1,1,0.38692804824584215,0.38692804824584215,A,A
437,437,874,874,-437,-437,1,1,0.14470735882183128,0.14470735882183128,A,A
438,438,876,876,-438,-438,1,1,0.7787169197059012,0.7787169197059012,A,A
439,439,878,878,-439,-439,1,1,0.4920741235198901,0.4920741235198901,A,A
442,442,884,884,-442,-442,1,1,0.20597968756628537,0.20597968756628537,A,A
444,444,888,888,-444,-444,1,1,0.4685658085550892,0.4685658085550892,A,A
445,445,890,890,-445,-445,1,1,0.15629980047351533,0.15629980047351533,A,A
450,450,900,900,-450,-450,1,1,0.9133262159761006,0.9133262159761006,A,A
460,460,920,920,-460,-460,1,1,0.4310184783783534,0.4310184783783534,A,A
464,464,928,928,-464,-464,1,1,0.7539680994640835,0.7539680994640835,A,A
465,465,930,930,-465,-465,1,1,0.8763829114883409,0.8763829114883409,A,A
466,466,932,932,-466,-466,1,1,0.022909437584599734,0.022909437584599734,A,A
467,467,934,934,-467,-467,1,1,0.1141614638609938,0.1141614638609938,A,A
470,470,940,940,-470,-470,1,1,0.7870800307584798,0.7870800307584798,A,A
473,473,946,946,-473,-473,1,1,0.06715590312920483,0.06715590312920483,A,A
483,483,966,966,-483,-483,1,1,0.8286948078571614,0.8286948078571614,A,A
486,486,972,972,-486,-486,1,1,0.23762539831928287,0.23762539831928287,A,A
487,487,974,974,-487,-487,1,1,0.16303388143638642,0.16303388143638642,A,A
492,492,984,984,-492,-492,1,1,0.4853948752648751,0.4853948752648751,A,A
496,496,992,992,-496,-496,1,1,0.2791331538456229,0.2791331538456229,A,A
497,497,994,994,-497,-497,1,1,0.680415683833386,0.680415683833386,A,A
500,500,1000,1000,-500,-500,1,1,0.5677363875607816,0.5677363875607816,A,A
501,501,1002,1002,-501,-501,1,1,0.23736050708062117,0.23736050708062117,A,A
505,505,1010,1010,-505,-505,1,1,0.0982394323879161,0.0982394323879161,A,A
514,514,1028,1028,-514,-514,1,1,0.6829565893939469,0.6829565893939469,A,A
516,516,1032,1032,-516,-516,1,1,0.4066894027672978,0.4066894027672978,A,A
523,523,1046,1046,-523,-523,1,1,0.5026750728662798,0.5026750728662798,A,A
529,529,1058,1058,-529,-529,1,1,0.02005480655370462,0.02005480655370462,A,A
530,530,1060,1060,-530,-530,1,1,0.2997703563731654,0.2997703563731654,A,A
531,531,1062,1062,-531,-531,1,1,0.09678983878411429,0.09678983878411429,A,A
535,535,1070,1070,-535,-535,1,1,0.7720701102383694,0.7720701102383694,A,A
537,537,1074,1074,-537,-537,1,1,0.191501904800772,0.191501904800772,A,A
542,542,1084,1084,-542,-542,1,1,0.3712168439983998,0.3712168439983998,A,A
543,543,1086,1086,-543,-543,1,1,0.5491240672553718,0.5491240672553718,A,A
548,548,1096,1096,-548,-548,1,1,0.9139891810566612,0.9139891810566612,A,A
555,555,1110,1110,-555,-555,1,1,0.5677482663182306,0.5677482663182306,A,A
557,557,1114,1114,-557,-557,1,1,0.9424441451371219,0.9424441451371219,A,A
560,560,1120,1120,-560,-560,1,1,0.8180758052074694,0.8180758052074694,A,A
561,561,1122,1122,-561,-561,1,1,0.5657171003216103,0.5657171003216103,A,A
565,565,1130,1130,-565,-565,1,1,0.41846287824388484,0.41846287824388484,A,A
567,567,1134,1134,-567,-567,1,1,0.4649503552635247,0.4649503552635247,A,A
568,568,1136,1136,-568,-568,1,1,0.020445565370422858,0.020445565370422858,A,A
570,570,1140,1140,-570,-570,1,1,0.2850119090883899,0.2850119090883899,A,A
586,586,1172,1172,-586,-586,1,1,0.16035166442208804,0.16035166442208804,A,A
587,587,1174,1174,-587,-587,1,1,0.5515211716533253,0.5515211716533253,A,A
588,588,1176,1176,-588,-588,1,1,0.7217650664697911,0.7217650664697911,A,A
591,591,1182,1182,-591,-591,1,1,0.33685159982550106,0.33685159982550106,A,A
596,596,1192,1192,-596,-596,1,1,0.19925933432450982,0.19925933432450982,A,A
597,597,1194,1194,-597,-597,1,1,0.16693883383520236,0.16693883383520236,A,A
598,598,1196,1196,-598,-598,1,1,0.15631631334866003,0.15631631334866003,A,A
599,599,1198,1198,-599,-599,1,1,0.06528523421840327,0.06528523421840327,A,A
602,602,1204,1204,-602,-602,1,1,0.9473931001644684,0.9473931001644684,A,A
604,604,1208,1208,-604,-604,1,1,0.41707985005418524,0.41707985005418524,A,A
606,606,1212,1212,-606,-606,1,1,0.6558438481465578,0.6558438481465578,A,A
607,607,1214,1214,-607,-607,1,1,0.42835687767642694,0.42835687767642694,A,A
612,612,1224,1224,-612,-612,1,1,0.3262528327630645,0.3262528327630645,A,A
616,616,1232,1232,-616,-616,1,1,0.013222365102426581,0.013222365102426581,A,A
617,617,1234,1234,-617,-617,1,1,0.5128390959505349,0.5128390959505349,A,A
618,618,1236,1236,-618,-618,1,1,0.9240055332402344,0.9240055332402344,A,A
620,620,1240,1240,-620,-620,1,1,0.6064610636093628,0.6064610636093628,A,A
625,625,1250,1250,-625,-625,1,1,0.929977865658771,0.929977865658771,A,A
629,629,1258,1258,-629,-629,1,1,0.7753262443153369,0.7753262443153369,A,A
634,634,1268,1268,-634,-634,1,1,0.0013292093367603952,0.0013292093367603952,A,A
636,636,1272,1272,-636,-636,1,1,0.013661572847263326,0.013661572847263326,A,A
642,642,1284,1284,-642,-642,1,1,0.6197825781820481,0.6197825781820481,A,A
643,643,1286,1286,-643,-643,1,1,0.9881382734992464,0.9881382734992464,A,A
644,644,1288,1288,-644,-644,1,1,0.2925032221853915,0.2925032221853915,A,A
646,646,1292,1292,-646,-646,1,1,0.6706836563161686,0.6706836563161686,A,A
652,652,1304,1304,-652,-652,1,1,0.2139655559927186,0.2139655559927186,A,A
659,659,1318,1318,-659,-659,1,1,0.3385601632651406,0.3385601632651406,A,A
661,661,1322,1322,-661,-661,1,1,0.4600320178173567,0.4600320178173567,A,A
664,664,1328,1328,-664,-664,1,1,0.30621081021777374,0.30621081021777374,A,A
667,667,1334,1334,-667,-667,1,1,0.07294810144172736,0.07294810144172736,A,A
668,668,1336,1336,-668,-668,1,1,0.31836584344895635,0.31836584344895635,A,A
669,669,1338,1338,-669,-669,1,1,0.7040372489173213,0.7040372489173213,A,A
671,671,1342,1342,-671,-671,1,1,0.4084742437124742,0.4084742437124742,A,A
674,674,1348,1348,-674,-674,1,1,0.8066085362324427,0.8066085362324427,A,A
675,675,1350,1350,-675,-675,1,1,0.807375734871393,0.807375734871393,A,A
680,680,1360,1360,-680,-680,1,1,0.10414375630467299,0.10414375630467299,A,A
681,681,1362,1362,-681,-681,1,1,0.21153260390436612,0.21153260390436612,A,A
683,683,1366,1366,-683,-683,1,1,0.9796632334539376,0.9796632334539376,A,A
685,685,1370,1370,-685,-685,1,1,0.28821359944343916,0.28821359944343916,A,A
688,688,1376,1376,-688,-688,1,1,0.8076037188168136,0.8076037188168136,A,A
689,689,1378,1378,-689,-689,1,1,0.3610722487596695,0.3610722487596695,A,A
692,692,1384,1384,-692,-692,1,1,0.3449113519059589,0.3449113519059589,A,A
697,697,1394,1394,-697,-697,1,1,0.0989358026461824,0.0989358026461824,A,A
698,698,1396,1396,-698,-698,1,1,0.4777955724979315,0.4777955724979315,A,A
699,699,1398,1398,-699,-699,1,1,0.3168888943739523,0.3168888943739523,A,A
701,701,1402,1402,-701,-701,1,1,0.7266752601433746,0.7266752601433746,A,A
703,703,1406,1406,-703,-703,1,1,0.31425784542888247,0.31425784542888247,A,A
704,704,1408,1408,-704,-704,1,1,0.14217635358433334,0.14217635358433334,A,A
706,706,1412,1412,-706,-706,1,1,0.850044790372931,0.850044790372931,A,A
713,713,1426,1426,-713,-713,1,1,0.8959020756971192,0.8959020756971192,A,A
719,719,1438,1438,-719,-719,1,1,0.21750298041054417,0.21750298041054417,A,A
724,724,1448,1448,-724,-724,1,1,0.334162665015046,0.334162665015046,A,A
752,752,1504,1504,-752,-752,1,1,0.4102783311144199,0.4102783311144199,A,A
753,753,1506,1506,-753,-753,1,1,0.6850069182401394,0.6850069182401394,A,A
755,755,1510,1510,-755,-755,1,1,0.26499585118154756,0.26499585118154756,A,A
757,757,1514,1514,-757,-757,1,1,0.7570669675021628,0.7570669675021628,A,A
759,759,1518,1518,-759,-759,1,1,0.40853829777992534,0.40853829777992534,A,A
760,760,1520,1520,-760,-760,1,1,0.6982395413681202,0.6982395413681202,A,A
764,764,1528,1528,-764,-764,1,1,0.01401559918025308,0.01401559918025308,A,A
768,768,1536,1536,-768,-768,1,1,0.6778564521722376,0.6778564521722376,A,A
769,769,1538,1538,-769,-769,1,1,0.37147469762529517,0.37147469762529517,A,A
770,770,1540,1540,-770,-770,1,1,0.9524522897498006,0.9524522897498006,A,A
772,772,1544,1544,-772,-772,1,1,0.7447973201875181,0.7447973201875181,A,A
774,774,1548,1548,-774,-774,1,1,0.46868633708743224,0.46868633708743224,A,A
775,775,1550,1550,-775,-775,1,1,0.5389593158450355,0.5389593158450355,A,A
777,777,1554,1554,-777,-777,1,1,0.4127520790246888,0.4127520790246888,A,A
781,781,1562,1562,-781,-781,1,1,0.999625102312857,0.999625102312857,A,A
782,782,1564,1564,-782,-782,1,1,0.33073835153398135,0.33073835153398135,A,A
790,790,1580,1580,-790,-790,1,1,0.682859005230492,0.682859005230492,A,A
794,794,1588,1588,-794,-794,1,1,0.6184884857868548,0.6184884857868548,A,A
797,797,1594,1594,-797,-797,1,1,0.3254688594580203,0.3254688594580203,A,A
800,800,1600,1600,-800,-800,1,1,0.1321922078448473,0.1321922078448473,A,A
804,804,1608,1608,-804,-804,1,1,0.8861158598680836,0.8861158598680836,A,A
808,808,1616,1616,-808,-808,1,1,0.7989272112694458,0.7989272112694458,A,A
813,813,1626,1626,-813,-813,1,1,0.9270780640668491,0.9270780640668491,A,A
814,814,1628,1628,-814,-814,1,1,0.8705890918726078,0.8705890918726078,A,A
816,816,1632,1632,-816,-816,1,1,0.22897324604118718,0.22897324604118718,A,A
821,821,1642,1642,-821,-821,1,1,0.8263106549658775,0.8263106549658775,A,A
823,823,1646,1646,-823,-823,1,1,0.2338157951957749,0.2338157951957749,A,A
824,824,1648,1648,-824,-824,1,1,0.6688651669908148,0.6688651669908148,A,A
825,825,1650,1650,-825,-825,1,1,0.5021134421651738,0.5021134421651738,A,A
828,828,1656,1656,-828,-828,1,1,0.3359427691833182,0.3359427691833182,A,A
835,835,1670,1670,-835,-835,1,1,0.7041085004334809,0.7041085004334809,A,A
836,836,1672,1672,-836,-836,1,1,0.026226916394175404,0.026226916394175404,A,A
840,840,1680,1680,-840,-840,1,1,0.8440875918186447,0.8440875918186447,A,A
845,845,1690,1690,-845,-845,1,1,0.22739339701357475,0.22739339701357475,A,A
847,847,1694,1694,-847,-847,1,1,0.9990891810630865,0.9990891810630865,A,A
850,850,1700,1700,-850,-850,1,1,0.7962582456574063,0.7962582456574063,A,A
864,864,1728,1728,-864,-864,1,1,0.533116913680959,0.533116913680959,A,A
866,866,1732,1732,-866,-866,1,1,0.7482852374838356,0.7482852374838356,A,A
871,871,1742,1742,-871,-871,1,1,0.10108499106887558,0.10108499106887558,A,A
877,877,1754,1754,-877,-877,1,1,0.22066418506385188,0.22066418506385188,A,A
878,878,1756,1756,-878,-878,1,1,0.9080171682988215,0.9080171682988215,A,A
881,881,1762,1762,-881,-881,1,1,0.8385823940578379,0.8385823940578379,A,A
882,882,1764,1764,-882,-882,1,1,0.9014049403886532,0.9014049403886532,A,A
885,885,1770,1770,-885,-885,1,1,0.36152312400621134,0.36152312400621134,A,A
886,886,1772,1772,-886,-886,1,1,0.7700046249346877,0.7700046249346877,A,A
888,888,1776,1776,-888,-888,1,1,0.25781934758576086,0.25781934758576086,A,A
890,890,1780,1780,-890,-890,1,1,0.2875044454353044,0.2875044454353044,A,A
891,891,1782,1782,-891,-891,1,1,0.44643681959230663,0.44643681959230663,A,A
899,899,1798,1798,-899,-899,1,1,0.5454298870318549,0.5454298870318549,A,A
900,900,1800,1800,-900,-900,1,1,0.8193046422122829,0.8193046422122829,A,A
904,904,1808,1808,-904,-904,1,1,0.6885378752271564,0.6885378752271564,A,A
905,905,1810,1810,-905,-905,1,1,0.6267951013779872,0.6267951013779872,A,A
907,907,1814,1814,-907,-907,1,1,0.024809866852586904,0.024809866852586904,A,A
910,910,1820,1820,-910,-910,1,1,0.042269028235212946,0.042269028235212946,A,A
911,911,1822,1822,-911,-911,1,1,0.7066474918709805,0.7066474918709805,A,A
915,915,1830,1830,-915,-915,1,1,0.11974058196966808,0.11974058196966808,A,A
916,916,1832,1832,-916,-916,1,1,0.22448940376732374,0.22448940376732374,A,A
920,920,1840,1840,-920,-920,1,1,0.4506258502881453,0.4506258502881453,A,A
921,921,1842,1842,-921,-921,1,1,0.9309889681939939,0.9309889681939939,A,A
923,923,1846,1846,-923,-923,1,1,0.06583914111744482,0.06583914111744482,A,A
927,927,1854,1854,-927,-927,1,1,0.4437765563600822,0.4437765563600822,A,A
928,928,1856,1856,-928,-928,1,1,0.7336921435430007,0.7336921435430007,A,A
932,932,1864,1864,-932,-932,1,1,0.5806015672096773,0.5806015672096773,A,A
933,933,1866,1866,-933,-933,1,1,0.6606705779172014,0.6606705779172014,A,A
935,935,1870,1870,-935,-935,1,1,0.1335305497191761,0.1335305497191761,A,A
938,938,1876,1876,-938,-938,1,1,0.35378080471737894,0.35378080471737894,A,A
941,941,1882,1882,-941,-941,1,1,0.265399211123585,0.265399211123585,A,A
942,942,1884,1884,-942,-942,1,1,0.5329287381877112,0.5329287381877112,A,A
943,943,1886,1886,-943,-943,1,1,0.19455345202480057,0.19455345202480057,A,A
948,948,1896,1896,-948,-948,1,1,0.8638122590704682,0.8638122590704682,A,A
950,950,1900,1900,-950,-950,1,1,0.2088050179466452,0.2088050179466452,A,A
954,954,1908,1908,-954,-954,1,1,0.7554719539382782,0.7554719539382782,A,A
959,959,1918,1918,-959,-959,1,1,0.14538366750915033,0.14538366750915033,A,A
968,968,1936,1936,-968,-968,1,1,0.271652546410978,0.271652546410978,A,A
971,971,1942,1942,-971,-971,1,1,0.8899527602435703,0.8899527602435703,A,A
972,972,1944,1944,-972,-972,1,1,0.0648612036687446,0.0648612036687446,A,A
973,973,1946,1946,-973,-973,1,1,0.9866793410557569,0.9866793410557569,A,A
974,974,1948,1948,-974,-974,1,1,0.7988693622352896,0.7988693622352896,A,A
977,977,1954,1954,-977,-977,1,1,0.9347685593881282,0.9347685593881282,A,A
980,980,1960,1960,-980,-980,1,1,0.7984460977340703,0.7984460977340703,A,A
984,984,1968,1968,-984,-984,1,1,0.9963230877279876,0.9963230877279876,A,A
988,988,1976,1976,-988,-988,1,1,0.9897699855159624,0.9897699855159624,A,A
989,989,1978,1978,-989,-989,1,1,0.6722145012486291,0.6722145012486291,A,A
998,998,1996,1996,-998,-998,1,1,0.9727973519974249,0.9727973519974249,A,A
999,999,1998,1998,-999,-999,1,1,0.6635488633751254,0.6635488633751254,A,A
1006,1006,2012,2012,-1006,-1006,1,1,0.529599431975395,0.529599431975395,A,A
1011,1011,2022,2022,-1011,-1011,1,1,0.9310568208938647,0.9310568208938647,A,A
1013,1013,2026,2026,-1013,-1013,1,1,0.9269300268921118,0.9269300268921118,A,A
1016,1016,2032,2032,-1016,-1016,1,1,0.36665458254709504,0.36665458254709504,A,A
1017,1017,2034,2034,-1017,-1017,1,1,0.3300208801721428,0.3300208801721428,A,A
1020,1020,2040,2040,-1020,-1020,1,1,0.13491708739470665,0.13491708739470665,A,A
1022,1022,2044,2044,-1022,-1022,1,1,0.7676436959688087,0.7676436959688087,A,A
1026,1026,2052,2052,-1026,-1026,1,1,0.9291774458994609,0.9291774458994609,A,A
1027,1027,2054,2054,-1027,-1027,1,1,0.568768053271663,0.568768053271663,A,A
1033,1033,2066,2066,-1033,-1033,1,1,0.30925118249155525,0.30925118249155525,A,A
1034,1034,2068,2068,-1034,-1034,1,1,0.49297772780724824,0.49297772780724824,A,A
1039,1039,2078,2078,-1039,-1039,1,1,0.8908459331278182,0.8908459331278182,A,A
1040,1040,2080,2080,-1040,-1040,1,1,0.734479849027292,0.734479849027292,A,A
1041,1041,2082,2082,-1041,-1041,1,1,0.5130286356624485,0.5130286356624485,A,A
1042,1042,2084,2084,-1042,-1042,1,1,0.18128505034817766,0.18128505034817766,A,A
1051,1051,2102,2102,-1051,-1051,1,1,0.17326296986721357,0.17326296986721357,A,A
1053,1053,2106,2106,-1053,-1053,1,1,0.8286607304522473,0.8286607304522473,A,A
1058,1058,2116,2116,-1058,-1058,1,1,0.3134033734040992,0.3134033734040992,A,A
1063,1063,2126,2126,-1063,-1063,1,1,0.6246417515337578,0.6246417515337578,A,A
1064,1064,2128,2128,-1064,-1064,1,1,0.8987649314503874,0.8987649314503874,A,A
1065,1065,2130,2130,-1065,-1065,1,1,0.3912776882862381,0.3912776882862381,A,A
1066,1066,2132,2132,-1066,-1066,1,1,0.31633240567391285,0.31633240567391285,A,A
1067,1067,2134,2134,-1067,-1067,1,1,0.3162011080132213,0.3162011080132213,A,A
1070,1070,2140,2140,-1070,-1070,1,1,0.8932033273755423,0.8932033273755423,A,A
1071,1071,2142,2142,-1071,-1071,1,1,0.5004553107774509,0.5004553107774509,A,A
1073,1073,2146,2146,-1073,-1073,1,1,0.7413814229489277,0.7413814229489277,A,A
1074,1074,2148,2148,-1074,-1074,1,1,0.30856344838210714,0.30856344838210714,A,A
1079,1079,2158,2158,-1079,-1079,1,1,0.007477666506484182,0.007477666506484182,A,A
1084,1084,2168,2168,-1084,-1084,1,1,0.6008926432161077,0.6008926432161077,A,A
1086,1086,2172,2172,-1086,-1086,1,1,0.6645970677497702,0.6645970677497702,A,A
1091,1091,2182,2182,-1091,-1091,1,1,0.7330139877445875,0.7330139877445875,A,A
1095,1095,2190,2190,-1095,-1095,1,1,0.84345089043628,0.84345089043628,A,A
1104,1104,2208,2208,-1104,-1104,1,1,0.9204595280456707,0.9204595280456707,A,A
1107,1107,2214,2214,-1107,-1107,1,1,0.3221080163488105,0.3221080163488105,A,A
1111,1111,2222,2222,-1111,-1111,1,1,0.3994358367313223,0.3994358367313223,A,A
1112,1112,2224,2224,-1112,-1112,1,1,0.6928582084912622,0.6928582084912622,A,A
1117,1117,2234,2234,-1117,-1117,1,1,0.3448004058226909,0.3448004058226909,A,A
1119,1119,2238,2238,-1119,-1119,1,1,0.5100463339289997,0.5100463339289997,A,A
1120,1120,2240,2240,-1120,-1120,1,1,0.882694754093835,0.882694754093835,A,A
1124,1124,2248,2248,-1124,-1124,1,1,0.7588862688703896,0.7588862688703896,A,A
1126,1126,2252,2252,-1126,-1126,1,1,0.014084293758116373,0.014084293758116373,A,A
1127,1127,2254,2254,-1127,-1127,1,1,0.7502858273808636,0.7502858273808636,A,A
1128,1128,2256,2256,-1128,-1128,1,1,0.2786403018270994,0.2786403018270994,A,A
1131,1131,2262,2262,-1131,-1131,1,1,0.9916864107338308,0.9916864107338308,A,A
1134,1134,2268,2268,-1134,-1134,1,1,0.6990729584092141,0.6990729584092141,A,A
1135,1135,2270,2270,-1135,-1135,1,1,0.10248309480419349,0.10248309480419349,A,A
1139,1139,2278,2278,-1139,-1139,1,1,0.7286927619057683,0.7286927619057683,A,A
1144,1144,2288,2288,-1144,-1144,1,1,0.9475574116632703,0.9475574116632703,A,A
1149,1149,2298,2298,-1149,-1149,1,1,0.7633154787547768,0.7633154787547768,A,A
1150,1150,2300,2300,-1150,-1150,1,1,0.8672575367053635,0.8672575367053635,A,A
1152,1152,2304,2304,-1152,-1152,1,1,0.17808742588759452,0.17808742588759452,A,A
1153,1153,2306,2306,-1153,-1153,1,1,0.18872901155905952,0.18872901155905952,A,A
1154,1154,2308,2308,-1154,-1154,1,1,0.055181358705669314,0.055181358705669314,A,A
1157,1157,2314,2314,-1157,-1157,1,1,0.43219526485412874,0.43219526485412874,A,A
1158,1158,2316,2316,-1158,-1158,1,1,0.5129367913688214,0.5129367913688214,A,A
1161,1161,2322,2322,-1161,-1161,1,1,0.2567662068887524,0.2567662068887524,A,A
1169,1169,2338,2338,-1169,-1169,1,1,0.7708102765665513,0.7708102765665513,A,A
1179,1179,2358,2358,-1179,-1179,1,1,0.18561248483097215,0.18561248483097215,A,A
1184,1184,2368,2368,-1184,-1184,1,1,0.9283748065256142,0.9283748065256142,A,A
1189,1189,2378,2378,-1189,-1189,1,1,0.5427998865618521,0.5427998865618521,A,A
1191,1191,2382,2382,-1191,-1191,1,1,0.736050415681054,0.736050415681054,A,A
1194,1194,2388,2388,-1194,-1194,1,1,0.45290654855695833,0.45290654855695833,A,A
1197,1197,2394,2394,-1197,-1197,1,1,0.8249653027225438,0.8249653027225438,A,A
1200,1200,2400,2400,-1200,-1200,1,1,0.5626669913123759,0.5626669913123759,A,A
1201,1201,2402,2402,-1201,-1201,1,1,0.6363716876528555,0.6363716876528555,A,A
1202,1202,2404,2404,-1202,-1202,1,1,0.8420312325597894,0.8420312325597894,A,A
1203,1203,2406,2406,-1203,-1203,1,1,0.740052615563091,0.740052615563091,A,A
1205,1205,2410,2410,-1205,-1205,1,1,0.392245038784507,0.392245038784507,A,A
1208,1208,2416,2416,-1208,-1208,1,1,0.24068119679059485,0.24068119679059485,A,A
1210,1210,2420,2420,-1210,-1210,1,1,0.455874247652869,0.455874247652869,A,A
1212,1212,2424,2424,-1212,-1212,1,1,0.4036686860501336,0.4036686860501336,A,A
1213,1213,2426,2426,-1213,-1213,1,1,0.15023992461554925,0.15023992461554925,A,A
1217,1217,2434,2434,-1217,-1217,1,1,0.7387436412864783,0.7387436412864783,A,A
1218,1218,2436,2436,-1218,-1218,1,1,0.6991031318615971,0.6991031318615971,A,A
1219,1219,2438,2438,-1219,-1219,1,1,0.24013165190085783,0.24013165190085783,A,A
1222,1222,2444,2444,-1222,-1222,1,1,0.11076509990295391,0.11076509990295391,A,A
1228,1228,2456,2456,-1228,-1228,1,1,0.8656411391477089,0.8656411391477089,A,A
1229,1229,2458,2458,-1229,-1229,1,1,0.43395694662260587,0.43395694662260587,A,A
1233,1233,2466,2466,-1233,-1233,1,1,0.5380630101347165,0.5380630101347165,A,A
1242,1242,2484,2484,-1242,-1242,1,1,0.3991824395552047,0.3991824395552047,A,A
1244,1244,2488,2488,-1244,-1244,1,1,0.16885770868555283,0.16885770868555283,A,A
1245,1245,2490,2490,-1245,-1245,1,1,0.8489315349380703,0.8489315349380703,A,A
1246,1246,2492,2492,-1246,-1246,1,1,0.8184547613787991,0.8184547613787991,A,A
1249,1249,2498,2498,-1249,-1249,1,1,0.05089625683585197,0.05089625683585197,A,A
1254,1254,2508,2508,-1254,-1254,1,1,0.5083930420285661,0.5083930420285661,A,A
1255,1255,2510,2510,-1255,-1255,1,1,0.36806953749472504,0.36806953749472504,A,A
1262,1262,2524,2524,-1262,-1262,1,1,0.6879686886580058,0.6879686886580058,A,A
1264,1264,2528,2528,-1264,-1264,1,1,0.7989984301192264,0.7989984301192264,A,A
1266,1266,2532,2532,-1266,-1266,1,1,0.5642167435986668,0.5642167435986668,A,A
1271,1271,2542,2542,-1271,-1271,1,1,0.45537280192979157,0.45537280192979157,A,A
1272,1272,2544,2544,-1272,-1272,1,1,0.16883131159212905,0.16883131159212905,A,A
1281,1281,2562,2562,-1281,-1281,1,1,0.8297944833144704,0.8297944833144704,A,A
1283,1283,2566,2566,-1283,-1283,1,1,0.1745095933971692,0.1745095933971692,A,A
1285,1285,2570,2570,-1285,-1285,1,1,0.7314432128745809,0.7314432128745809,A,A
1286,1286,2572,2572,-1286,-1286,1,1,0.8392630241402992,0.8392630241402992,A,A
1289,1289,2578,2578,-1289,-1289,1,1,0.01883135831335714,0.01883135831335714,A,A
1291,1291,2582,2582,-1291,-1291,1,1,0.563827231928001,0.563827231928001,A,A
1301,1301,2602,2602,-1301,-1301,1,1,0.5667006417249533,0.5667006417249533,A,A
1304,1304,2608,2608,-1304,-1304,1,1,0.00024681994583752864,0.00024681994583752864,A,A
1307,1307,2614,2614,-1307,-1307,1,1,0.5288955242923394,0.5288955242923394,A,A
1308,1308,2616,2616,-1308,-1308,1,1,0.43326781790510405,0.43326781790510405,A,A
1313,1313,2626,2626,-1313,-1313,1,1,0.20298402888236022,0.20298402888236022,A,A
1314,1314,2628,2628,-1314,-1314,1,1,0.47332845691588776,0.47332845691588776,A,A
1315,1315,2630,2630,-1315,-1315,1,1,0.2616491086545898,0.2616491086545898,A,A
1316,1316,2632,2632,-1316,-1316,1,1,0.19538844757197016,0.19538844757197016,A,A
1318,1318,2636,2636,-1318,-1318,1,1,0.6884259958166028,0.6884259958166028,A,A
1321,1321,2642,2642,-1321,-1321,1,1,0.5817832600809435,0.5817832600809435,A,A
1322,1322,2644,2644,-1322,-1322,1,1,0.6309669498863102,0.6309669498863102,A,A
1328,1328,2656,2656,-1328,-1328,1,1,0.47109805613597056,0.47109805613597056,A,A
1329,1329,2658,2658,-1329,-1329,1,1,0.6248605510262478,0.6248605510262478,A,A
1330,1330,2660,2660,-1330,-1330,1,1,0.22880930162322455,0.22880930162322455,A,A
1331,1331,2662,2662,-1331,-1331,1,1,0.5581790509652352,0.5581790509652352,A,A
1332,1332,2664,2664,-1332,-1332,1,1,0.046999707699931004,0.046999707699931004,A,A
1333,1333,2666,2666,-1333,-1333,1,1,0.00015491098448616736,0.00015491098448616736,A,A
1336,1336,2672,2672,-1336,-1336,1,1,0.8325853088956005,0.8325853088956005,A,A
1338,1338,2676,2676,-1338,-1338,1,1,0.5354301258139194,0.5354301258139194,A,A
1340,1340,2680,2680,-1340,-1340,1,1,0.1070304570648154,0.1070304570648154,A,A
1344,1344,2688,2688,-1344,-1344,1,1,0.42083473977976726,0.42083473977976726,A,A
1345,1345,2690,2690,-1345,-1345,1,1,0.4665495465647592,0.4665495465647592,A,A
1351,1351,2702,2702,-1351,-1351,1,1,0.06240577622898613,0.06240577622898613,A,A
1353,1353,2706,2706,-1353,-1353,1,1,0.3634085934610053,0.3634085934610053,A,A
1360,1360,2720,2720,-1360,-1360,1,1,0.5653170086464381,0.5653170086464381,A,A
1363,1363,2726,2726,-1363,-1363,1,1,0.8840079396828732,0.8840079396828732,A,A
1364,1364,2728,2728,-1364,-1364,1,1,0.6138421237270008,0.6138421237270008,A,A
1367,1367,2734,2734,-1367,-1367,1,1,0.6762979127060074,0.6762979127060074,A,A
1369,1369,2738,2738,-1369,-1369,1,1,0.3645969488606505,0.3645969488606505,A,A
1371,1371,2742,2742,-1371,-1371,1,1,0.49562398342396086,0.49562398342396086,A,A
1374,1374,2748,2748,-1374,-1374,1,1,0.5870226270367492,0.5870226270367492,A,A
1375,1375,2750,2750,-1375,-1375,1,1,0.8839739223469595,0.8839739223469595,A,A
1381,1381,2762,2762,-1381,-1381,1,1,0.03016892460873999,0.03016892460873999,A,A
1384,1384,2768,2768,-1384,-1384,1,1,0.8623397788656404,0.8623397788656404,A,A
1385,1385,2770,2770,-1385,-1385,1,1,0.257410810361002,0.257410810361002,A,A
1392,1392,2784,2784,-1392,-1392,1,1,0.673170434549061,0.673170434549061,A,A
1395,1395,2790,2790,-1395,-1395,1,1,0.5737279457642223,0.5737279457642223,A,A
1396,1396,2792,2792,-1396,-1396,1,1,0.4136101628816753,0.4136101628816753,A,A
1398,1398,2796,2796,-1398,-1398,1,1,0.590735034434607,0.590735034434607,A,A
1403,1403,2806,2806,-1403,-1403,1,1,0.15000695229724437,0.15000695229724437,A,A
1405,1405,2810,2810,-1405,-1405,1,1,0.09584927697217083,0.09584927697217083,A,A
1407,1407,2814,2814,-1407,-1407,1,1,0.013063342743919848,0.013063342743919848,A,A
1413,1413,2826,2826,-1413,-1413,1,1,0.7537243750324764,0.7537243750324764,A,A
1415,1415,2830,2830,-1415,-1415,1,1,0.6940326878424155,0.6940326878424155,A,A
1420,1420,2840,2840,-1420,-1420,1,1,0.9356411246008667,0.9356411246008667,A,A
1423,1423,2846,2846,-1423,-1423,1,1,0.35300701316078154,0.35300701316078154,A,A
1426,1426,2852,2852,-1426,-1426,1,1,0.6226713772246038,0.6226713772246038,A,A
1428,1428,2856,2856,-1428,-1428,1,1,0.5583785918006593,0.5583785918006593,A,A
1429,1429,2858,2858,-1429,-1429,1,1,0.5403408343280616,0.5403408343280616,A,A
1430,1430,2860,2860,-1430,-1430,1,1,0.6158786216112707,0.6158786216112707,A,A
1432,1432,2864,2864,-1432,-1432,1,1,0.9597881247525193,0.9597881247525193,A,A
1433,1433,2866,2866,-1433,-1433,1,1,0.06120139514906042,0.06120139514906042,A,A
1435,1435,2870,2870,-1435,-1435,1,1,0.29527500437563825,0.29527500437563825,A,A
1440,1440,2880,2880,-1440,-1440,1,1,0.683038425690031,0.683038425690031,A,A
1442,1442,2884,2884,-1442,-1442,1,1,0.17931471392689813,0.17931471392689813,A,A
1443,1443,2886,2886,-1443,-1443,1,1,0.09101344518813004,0.09101344518813004,A,A
1451,1451,2902,2902,-1451,-1451,1,1,0.7427639046806825,0.7427639046806825,A,A
1456,1456,2912,2912,-1456,-1456,1,1,0.5452678640889863,0.5452678640889863,A,A
1457,1457,2914,2914,-1457,-1457,1,1,0.9902318086794614,0.9902318086794614,A,A
1458,1458,2916,2916,-1458,-1458,1,1,0.9246159956093796,0.9246159956093796,A,A
1467,1467,2934,2934,-1467,-1467,1,1,0.6683113728425779,0.6683113728425779,A,A
1473,1473,2946,2946,-1473,-1473,1,1,0.03900571071989989,0.03900571071989989,A,A
1480,1480,2960,2960,-1480,-1480,1,1,0.8308979646174663,0.8308979646174663,A,A
1489,1489,2978,2978,-1489,-1489,1,1,0.672249500838977,0.672249500838977,A,A
1496,1496,2992,2992,-1496,-1496,1,1,0.5221960680570036,0.5221960680570036,A,A
1498,1498,2996,2996,-1498,-1498,1,1,0.20415371039405794,0.20415371039405794,A,A
1499,1499,2998,2998,-1499,-1499,1,1,0.6887713022607096,0.6887713022607096,A,A
1500,1500,3000,3000,-1500,-1500,1,1,0.7079192081442485,0.7079192081442485,A,A
1502,1502,3004,3004,-1502,-1502,1,1,0.4236436480760234,0.4236436480760234,A,A
1503,1503,3006,3006,-1503,-1503,1,1,0.10295315702664554,0.10295315702664554,A,A
1506,1506,3012,3012,-1506,-1506,1,1,0.9601929767272657,0.9601929767272657,A,A
1507,1507,3014,3014,-1507,-1507,1,1,0.10227760676051167,0.10227760676051167,A,A
1510,1510,3020,3020,-1510,-1510,1,1,0.2734485579558157,0.2734485579558157,A,A
1511,1511,3022,3022,-1511,-1511,1,1,0.48870310931344363,0.48870310931344363,A,A
1512,1512,3024,3024,-1512,-1512,1,1,0.7897872978277188,0.7897872978277188,A,A
1514,1514,3028,3028,-1514,-1514,1,1,0.398981896428247,0.398981896428247,A,A
1516,1516,3032,3032,-1516,-1516,1,1,0.1697167933207362,0.1697167933207362,A,A
1517,1517,3034,3034,-1517,-1517,1,1,0.6192565410057297,0.6192565410057297,A,A
1518,1518,3036,3036,-1518,-1518,1,1,0.23509808976106794,0.23509808976106794,A,A
1519,1519,3038,3038,-1519,-1519,1,1,0.8737398788364422,0.8737398788364422,A,A
1520,1520,3040,3040,-1520,-1520,1,1,0.9193203786198957,0.9193203786198957,A,A
1521,1521,3042,3042,-1521,-1521,1,1,0.22798058930587595,0.22798058930587595,A,A
1522,1522,3044,3044,-1522,-1522,1,1,0.25853620697872415,0.25853620697872415,A,A
1523,1523,3046,3046,-1523,-1523,1,1,0.36581933795944155,0.36581933795944155,A,A
1525,1525,3050,3050,-1525,-1525,1,1,0.6078471363244489,0.6078471363244489,A,A
1527,1527,3054,3054,-1527,-1527,1,1,0.5372114583877013,0.5372114583877013,A,A
1537,1537,3074,3074,-1537,-1537,1,1,0.19493561958923278,0.19493561958923278,A,A
1541,1541,3082,3082,-1541,-1541,1,1,0.032286747112227565,0.032286747112227565,A,A
1542,1542,3084,3084,-1542,-1542,1,1,0.5480549484738771,0.5480549484738771,A,A
1543,1543,3086,3086,-1543,-1543,1,1,0.2790753206940281,0.2790753206940281,A,A
1546,1546,3092,3092,-1546,-1546,1,1,0.41823999893667385,0.41823999893667385,A,A
1547,1547,3094,3094,-1547,-1547,1,1,0.8585221037698424,0.8585221037698424,A,A
1548,1548,3096,3096,-1548,-1548,1,1,0.39595461705784274,0.39595461705784274,A,A
1550,1550,3100,3100,-1550,-1550,1,1,0.6506578067395168,0.6506578067395168,A,A
1554,1554,3108,3108,-1554,-1554,1,1,0.1985313731517354,0.1985313731517354,A,A
1555,1555,3110,3110,-1555,-1555,1,1,0.14086854831376683,0.14086854831376683,A,A
1557,1557,3114,3114,-1557,-1557,1,1,0.574464966351423,0.574464966351423,A,A
1562,1562,3124,3124,-1562,-1562,1,1,0.1431766834180429,0.1431766834180429,A,A
1563,1563,3126,3126,-1563,-1563,1,1,0.6053841299103403,0.6053841299103403,A,A
1565,1565,3130,3130,-1565,-1565,1,1,0.4604726313423838,0.4604726313423838,A,A
1570,1570,3140,3140,-1570,-1570,1,1,0.3383987585577991,0.3383987585577991,A,A
1571,1571,3142,3142,-1571,-1571,1,1,0.5665140211387208,0.5665140211387208,A,A
1575,1575,3150,3150,-1575,-1575,1,1,0.743483578651515,0.743483578651515,A,A
1579,1579,3158,3158,-1579,-1579,1,1,0.9067812426909794,0.9067812426909794,A,A
1587,1587,3174,3174,-1587,-1587,1,1,0.38422181035041825,0.38422181035041825,A,A
1592,1592,3184,3184,-1592,-1592,1,1,0.5072682343483306,0.5072682343483306,A,A
1594,1594,3188,3188,-1594,-1594,1,1,0.8307609275173227,0.8307609275173227,A,A
1599,1599,3198,3198,-1599,-1599,1,1,0.4547588973179115,0.4547588973179115,A,A
1605,1605,3210,3210,-1605,-1605,1,1,0.3189646383408673,0.3189646383408673,A,A
1607,1607,3214,3214,-1607,-1607,1,1,0.4861490826449505,0.4861490826449505,A,A
1608,1608,3216,3216,-1608,-1608,1,1,0.6322633344189381,0.6322633344189381,A,A
1611,1611,3222,3222,-1611,-1611,1,1,0.988536494786043,0.988536494786043,A,A
1612,1612,3224,3224,-1612,-1612,1,1,0.7704932629380066,0.7704932629380066,A,A
1620,1620,3240,3240,-1620,-1620,1,1,0.16779640995292455,0.16779640995292455,A,A
1623,1623,3246,3246,-1623,-1623,1,1,0.3320083387560807,0.3320083387560807,A,A
1625,1625,3250,3250,-1625,-1625,1,1,0.7246325744447164,0.7246325744447164,A,A
1629,1629,3258,3258,-1629,-1629,1,1,0.8477791509906641,0.8477791509906641,A,A
1637,1637,3274,3274,-1637,-1637,1,1,0.12536104634926426,0.12536104634926426,A,A
1639,1639,3278,3278,-1639,-1639,1,1,0.6851897355902085,0.6851897355902085,A,A
1640,1640,3280,3280,-1640,-1640,1,1,0.8261620850949352,0.8261620850949352,A,A
1642,1642,3284,3284,-1642,-1642,1,1,0.3227663874339719,0.3227663874339719,A,A
1646,1646,3292,3292,-1646,-1646,1,1,0.8294243547678448,0.8294243547678448,A,A
1647,1647,3294,3294,-1647,-1647,1,1,0.16266588778401558,0.16266588778401558,A,A
1648,1648,3296,3296,-1648,-1648,1,1,0.2720151236240679,0.2720151236240679,A,A
1649,1649,3298,3298,-1649,-1649,1,1,0.858393201060348,0.858393201060348,A,A
1653,1653,3306,3306,-1653,-1653,1,1,0.15145148107682405,0.15145148107682405,A,A
1654,1654,3308,3308,-1654,-1654,1,1,0.19914856958687954,0.19914856958687954,A,A
1658,1658,3316,3316,-1658,-1658,1,1,0.14505627622176243,0.14505627622176243,A,A
1660,1660,3320,3320,-1660,-1660,1,1,0.03626815257377336,0.03626815257377336,A,A
1667,1667,3334,3334,-1667,-1667,1,1,0.01877715972708216,0.01877715972708216,A,A
1674,1674,3348,3348,-1674,-1674,1,1,0.5705215301630423,0.5705215301630423,A,A
1675,1675,3350,3350,-1675,-1675,1,1,0.6064295534069465,0.6064295534069465,A,A
1679,1679,3358,3358,-1679,-1679,1,1,0.9685016851194759,0.9685016851194759,A,A
1680,1680,3360,3360,-1680,-1680,1,1,0.5181803515663616,0.5181803515663616,A,A
1682,1682,3364,3364,-1682,-1682,1,1,0.3624944722122637,0.3624944722122637,A,A
1686,1686,3372,3372,-1686,-1686,1,1,0.9854505609671894,0.9854505609671894,A,A
1692,1692,3384,3384,-1692,-1692,1,1,0.6018673514333617,0.6018673514333617,A,A
1695,1695,3390,3390,-1695,-1695,1,1,0.40395845531182994,0.40395845531182994,A,A
1696,1696,3392,3392,-1696,-1696,1,1,0.10125476828298385,0.10125476828298385,A,A
1698,1698,3396,3396,-1698,-1698,1,1,0.9931305365585255,0.9931305365585255,A,A
1699,1699,3398,3398,-1699,-1699,1,1,0.47595852412091266,0.47595852412091266,A,A
1707,1707,3414,3414,-1707,-1707,1,1,0.9437470420035533,0.9437470420035533,A,A
1714,1714,3428,3428,-1714,-1714,1,1,0.4019837359917706,0.4019837359917706,A,A
1717,1717,3434,3434,-1717,-1717,1,1,0.8942032092690649,0.8942032092690649,A,A
1723,1723,3446,3446,-1723,-1723,1,1,0.6413861973277034,0.6413861973277034,A,A
1724,1724,3448,3448,-1724,-1724,1,1,0.7295520523281847,0.7295520523281847,A,A
1725,1725,3450,3450,-1725,-1725,1,1,0.3366500212966502,0.3366500212966502,A,A
1729,1729,3458,3458,-1729,-1729,1,1,0.5359700768859168,0.5359700768859168,A,A
1731,1731,3462,3462,-1731,-1731,1,1,0.3405453067539682,0.3405453067539682,A,A
1735,1735,3470,3470,-1735,-1735,1,1,0.06009511798120759,0.06009511798120759,A,A
1737,1737,3474,3474,-1737,-1737,1,1,0.4216874899193266,0.4216874899193266,A,A
1741,1741,3482,3482,-1741,-1741,1,1,0.022837176355611444,0.022837176355611444,A,A
1744,1744,3488,3488,-1744,-1744,1,1,0.7656993765649194,0.7656993765649194,A,A
1745,1745,3490,3490,-1745,-1745,1,1,0.06574355079265015,0.06574355079265015,A,A
1749,1749,3498,3498,-1749,-1749,1,1,0.07422155382217643,0.07422155382217643,A,A
1757,1757,3514,3514,-1757,-1757,1,1,0.06840866595954642,0.06840866595954642,A,A
1759,1759,3518,3518,-1759,-1759,1,1,0.23237026653209736,0.23237026653209736,A,A
1761,1761,3522,3522,-1761,-1761,1,1,0.6085917940538245,0.6085917940538245,A,A
1762,1762,3524,3524,-1762,-1762,1,1,0.9169995625380596,0.9169995625380596,A,A
1763,1763,3526,3526,-1763,-1763,1,1,0.9181878796564482,0.9181878796564482,A,A
1767,1767,3534,3534,-1767,-1767,1,1,0.15882195155461598,0.15882195155461598,A,A
1773,1773,3546,3546,-1773,-1773,1,1,0.8961691585905887,0.8961691585905887,A,A
1775,1775,3550,3550,-1775,-1775,1,1,0.7366403036225294,0.7366403036225294,A,A
1784,1784,3568,3568,-1784,-1784,1,1,0.8344524998433224,0.8344524998433224,A,A
1787,1787,3574,3574,-1787,-1787,1,1,0.0640181534705081,0.0640181534705081,A,A
1790,1790,3580,3580,-1790,-1790,1,1,0.980975597370556,0.980975597370556,A,A
1794,1794,3588,3588,-1794,-1794,1,1,0.02397747617580437,0.02397747617580437,A,A
1796,1796,3592,3592,-1796,-1796,1,1,0.790474125061501,0.790474125061501,A,A
1797,1797,3594,3594,-1797,-1797,1,1,0.3658468868373259,0.3658468868373259,A,A
1806,1806,3612,3612,-1806,-1806,1,1,0.48374035002219806,0.48374035002219806,A,A
1807,1807,3614,3614,-1807,-1807,1,1,0.9146774550722477,0.9146774550722477,A,A
1808,1808,3616,3616,-1808,-1808,1,1,0.48818633597072547,0.48818633597072547,A,A
1809,1809,3618,3618,-1809,-1809,1,1,0.8686801402911736,0.8686801402911736,A,A
1813,1813,3626,3626,-1813,-1813,1,1,0.40981146302774285,0.40981146302774285,A,A
1817,1817,3634,3634,-1817,-1817,1,1,0.7025244505794499,0.7025244505794499,A,A
1818,1818,3636,3636,-1818,-1818,1,1,0.9163353708594971,0.9163353708594971,A,A
1819,1819,3638,3638,-1819,-1819,1,1,0.04854465595738233,0.04854465595738233,A,A
1821,1821,3642,3642,-1821,-1821,1,1,0.8742852829597569,0.8742852829597569,A,A
1826,1826,3652,3652,-1826,-1826,1,1,0.20145981721635275,0.20145981721635275,A,A
1827,1827,3654,3654,-1827,-1827,1,1,0.8379093049519097,0.8379093049519097,A,A
1830,1830,3660,3660,-1830,-1830,1,1,0.14744068461576565,0.14744068461576565,A,A
1832,1832,3664,3664,-1832,-1832,1,1,0.3637419922652889,0.3637419922652889,A,A
1835,1835,3670,3670,-1835,-1835,1,1,0.554617733615399,0.554617733615399,A,A
1837,1837,3674,3674,-1837,-1837,1,1,0.5654543434112701,0.5654543434112701,A,A
1838,1838,3676,3676,-1838,-1838,1,1,0.4577872104824705,0.4577872104824705,A,A
1840,1840,3680,3680,-1840,-1840,1,1,0.02129307207579534,0.02129307207579534,A,A
1844,1844,3688,3688,-1844,-1844,1,1,0.755022491980974,0.755022491980974,A,A
1846,1846,3692,3692,-1846,-1846,1,1,0.10915635521396538,0.10915635521396538,A,A
1849,1849,3698,3698,-1849,-1849,1,1,0.07871393882784539,0.07871393882784539,A,A
1852,1852,3704,3704,-1852,-1852,1,1,0.1402741366530308,0.1402741366530308,A,A
1854,1854,3708,3708,-1854,-1854,1,1,0.07093647902949407,0.07093647902949407,A,A
1855,1855,3710,3710,-1855,-1855,1,1,0.9099400638095136,0.9099400638095136,A,A
1856,1856,3712,3712,-1856,-1856,1,1,0.5121512622735425,0.5121512622735425,A,A
1857,1857,3714,3714,-1857,-1857,1,1,0.9615076157476817,0.9615076157476817,A,A
1859,1859,3718,3718,-1859,-1859,1,1,0.7658598584021326,0.7658598584021326,A,A
1861,1861,3722,3722,-1861,-1861,1,1,0.5131986288516832,0.5131986288516832,A,A
1866,1866,3732,3732,-1866,-1866,1,1,0.1555874874592581,0.1555874874592581,A,A
1868,1868,3736,3736,-1868,-1868,1,1,0.41215557145296244,0.41215557145296244,A,A
1870,1870,3740,3740,-1870,-1870,1,1,0.7747449876192829,0.7747449876192829,A,A
1872,1872,3744,3744,-1872,-1872,1,1,0.12881686303687145,0.12881686303687145,A,A
1877,1877,3754,3754,-1877,-1877,1,1,0.1572055462596691,0.1572055462596691,A,A
1879,1879,3758,3758,-1879,-1879,1,1,0.17218487726188403,0.17218487726188403,A,A
1881,1881,3762,3762,-1881,-1881,1,1,0.10117642600339738,0.10117642600339738,A,A
1884,1884,3768,3768,-1884,-1884,1,1,0.4070420527109204,0.4070420527109204,A,A
1888,1888,3776,3776,-1888,-1888,1,1,0.1606114399586096,0.1606114399586096,A,A
1889,1889,3778,3778,-1889,-1889,1,1,0.9204809477107885,0.9204809477107885,A,A
1893,1893,3786,3786,-1893,-1893,1,1,0.6998855606012826,0.6998855606012826,A,A
1897,1897,3794,3794,-1897,-1897,1,1,0.7695629999922261,0.7695629999922261,A,A
1898,1898,3796,3796,-1898,-1898,1,1,0.8749854031148374,0.8749854031148374,A,A
1899,1899,3798,3798,-1899,-1899,1,1,0.7569091253257019,0.7569091253257019,A,A
1900,1900,3800,3800,-1900,-1900,1,1,0.7732080766316596,0.7732080766316596,A,A
1903,1903,3806,3806,-1903,-1903,1,1,0.5074907927681844,0.5074907927681844,A,A
1904,1904,3808,3808,-1904,-1904,1,1,0.8751392183256989,0.8751392183256989,A,A
1905,1905,3810,3810,-1905,-1905,1,1,0.38487249426010217,0.38487249426010217,A,A
1909,1909,3818,3818,-1909,-1909,1,1,0.06520632851535646,0.06520632851535646,A,A
1911,1911,3822,3822,-1911,-1911,1,1,0.20446388156419426,0.20446388156419426,A,A
1913,1913,3826,3826,-1913,-1913,1,1,0.6986515513445546,0.6986515513445546,A,A
1917,1917,3834,3834,-1917,-1917,1,1,0.5998910984211084,0.5998910984211084,A,A
1918,1918,3836,3836,-1918,-1918,1,1,0.4389698930404017,0.4389698930404017,A,A
1920,1920,3840,3840,-1920,-1920,1,1,0.3075864887471417,0.3075864887471417,A,A
1922,1922,3844,3844,-1922,-1922,1,1,0.5187659563896301,0.5187659563896301,A,A
1931,1931,3862,3862,-1931,-1931,1,1,0.08909021427934749,0.08909021427934749,A,A
1937,1937,3874,3874,-1937,-1937,1,1,0.2888286948180654,0.2888286948180654,A,A
1939,1939,3878,3878,-1939,-1939,1,1,0.9125805712019964,0.9125805712019964,A,A
1940,1940,3880,3880,-1940,-1940,1,1,0.49895569675455953,0.49895569675455953,A,A
1945,1945,3890,3890,-1945,-1945,1,1,0.6467697471738271,0.6467697471738271,A,A
1948,1948,3896,3896,-1948,-1948,1,1,0.30887378737929305,0.30887378737929305,A,A
1951,1951,3902,3902,-1951,-1951,1,1,0.6032997670649357,0.6032997670649357,A,A
1952,1952,3904,3904,-1952,-1952,1,1,0.5147838819366183,0.5147838819366183,A,A
1953,1953,3906,3906,-1953,-1953,1,1,0.9832936469896746,0.9832936469896746,A,A
1957,1957,3914,3914,-1957,-1957,1,1,0.20809934162587995,0.20809934162587995,A,A
1961,1961,3922,3922,-1961,-1961,1,1,0.7327006526015837,0.7327006526015837,A,A
1965,1965,3930,3930,-1965,-1965,1,1,0.8787550455894706,0.8787550455894706,A,A
1966,1966,3932,3932,-1966,-1966,1,1,0.09975325794366108,0.09975325794366108,A,A
1967,1967,3934,3934,-1967,-1967,1,1,0.7501727725024829,0.7501727725024829,A,A
1968,1968,3936,3936,-1968,-1968,1,1,0.6934654569499832,0.6934654569499832,A,A
1970,1970,3940,3940,-1970,-1970,1,1,0.05835553566607721,0.05835553566607721,A,A
1974,1974,3948,3948,-1974,-1974,1,1,0.3384025412063525,0.3384025412063525,A,A
1979,1979,3958,3958,-1979,-1979,1,1,0.8535183019211477,0.8535183019211477,A,A
1980,1980,3960,3960,-1980,-1980,1,1,0.47730201062974653,0.47730201062974653,A,A
1981,1981,3962,3962,-1981,-1981,1,1,0.2449174497623824,0.2449174497623824,A,A
1982,1982,3964,3964,-1982,-1982,1,1,0.6965039059969794,0.6965039059969794,A,A
1984,1984,3968,3968,-1984,-1984,1,1,0.5013742152843758,0.5013742152843758,A,A
1985,1985,3970,3970,-1985,-1985,1,1,0.5155758123684047,0.5155758123684047,A,A
1988,1988,3976,3976,-1988,-1988,1,1,0.9289143321245649,0.9289143321245649,A,A
1991,1991,3982,3982,-1991,-1991,1,1,0.43462727348911856,0.43462727348911856,A,A
1992,1992,3984,3984,-1992,-1992,1,1,0.502613743720023,0.502613743720023,A,A
1999,1999,3998,3998,-1999,-1999,1,1,0.22732652220756266,0.22732652220756266,A,A
2001,2001,4002,4002,-2001,-2001,1,1,0.8553539169947036,0.8553539169947036,A,A
2002,2002,4004,4004,-2002,-2002,1,1,0.1902134519880243,0.1902134519880243,A,A
2004,2004,4008,4008,-2004,-2004,1,1,0.5096409829976799,0.5096409829976799,A,A
2006,2006,4012,4012,-2006,-2006,1,1,0.4120143225959353,0.4120143225959353,A,A
2007,2007,4014,4014,-2007,-2007,1,1,0.8437653845408781,0.8437653845408781,A,A
2013,2013,4026,4026,-2013,-2013,1,1,0.22483786986433585,0.22483786986433585,A,A
2016,2016,4032,4032,-2016,-2016,1,1,0.9758172364123914,0.9758172364123914,A,A
2017,2017,4034,4034,-2017,-2017,1,1,0.06104087149746973,0.06104087149746973,A,A
2023,2023,4046,4046,-2023,-2023,1,1,0.35939098444257567,0.35939098444257567,A,A
2024,2024,4048,4048,-2024,-2024,1,1,0.14626077371673263,0.14626077371673263,A,A
2025,2025,4050,4050,-2025,-2025,1,1,0.33779350194187674,0.33779350194187674,A,A
2027,2027,4054,4054,-2027,-2027,1,1,0.6228529745303686,0.6228529745303686,A,A
2028,2028,4056,4056,-2028,-2028,1,1,0.5112695773898153,0.5112695773898153,A,A
2032,2032,4064,4064,-2032,-2032,1,1,0.0880040037257026,0.0880040037257026,A,A
2033,2033,4066,4066,-2033,-2033,1,1,0.8063689302950869,0.8063689302950869,A,A
2035,2035,4070,4070,-2035,-2035,1,1,0.9105620515883951,0.9105620515883951,A,A
2043,2043,4086,4086,-2043,-2043,1,1,0.0312869238047353,0.0312869238047353,A,A
2045,2045,4090,4090,-2045,-2045,1,1,0.39771175469200426,0.39771175469200426,A,A
2046,2046,4092,4092,-2046,-2046,1,1,0.8949072207769406,0.8949072207769406,A,A
2050,2050,4100,4100,-2050,-2050,1,1,0.7334657157512747,0.7334657157512747,A,A
2052,2052,4104,4104,-2052,-2052,1,1,0.3800479108926026,0.3800479108926026,A,A
2056,2056,4112,4112,-2056,-2056,1,1,0.7758796786414458,0.7758796786414458,A,A
2058,2058,4116,4116,-2058,-2058,1,1,0.10338266942078755,0.10338266942078755,A,A
2062,2062,4124,4124,-2062,-2062,1,1,0.7058800721219403,0.7058800721219403,A,A
2066,2066,4132,4132,-2066,-2066,1,1,0.712633991843905,0.712633991843905,A,A
2070,2070,4140,4140,-2070,-2070,1,1,0.03658949110517573,0.03658949110517573,A,A
2073,2073,4146,4146,-2073,-2073,1,1,0.28244912203613237,0.28244912203613237,A,A
2076,2076,4152,4152,-2076,-2076,1,1,0.7148294849777915,0.7148294849777915,A,A
2077,2077,4154,4154,-2077,-2077,1,1,0.20608685228723544,0.20608685228723544,A,A
2078,2078,4156,4156,-2078,-2078,1,1,0.19792417394811868,0.19792417394811868,A,A
2081,2081,4162,4162,-2081,-2081,1,1,0.354523890217048,0.354523890217048,A,A
2082,2082,4164,4164,-2082,-2082,1,1,0.020955578622196436,0.020955578622196436,A,A
2085,2085,4170,4170,-2085,-2085,1,1,0.35465882688631967,0.35465882688631967,A,A
2086,2086,4172,4172,-2086,-2086,1,1,0.05338016257014755,0.05338016257014755,A,A
2087,2087,4174,4174,-2087,-2087,1,1,0.612004553949978,0.612004553949978,A,A
2088,2088,4176,4176,-2088,-2088,1,1,0.19824053236436867,0.19824053236436867,A,A
2089,2089,4178,4178,-2089,-2089,1,1,0.3817172243733614,0.3817172243733614,A,A
2091,2091,4182,4182,-2091,-2091,1,1,0.6130999048708213,0.6130999048708213,A,A
2100,2100,4200,4200,-2100,-2100,1,1,0.12303663006184484,0.12303663006184484,A,A
2101,2101,4202,4202,-2101,-2101,1,1,0.9749076821864765,0.9749076821864765,A,A
2102,2102,4204,4204,-2102,-2102,1,1,0.4267593722208304,0.4267593722208304,A,A
2106,2106,4212,4212,-2106,-2106,1,1,0.40541708153706335,0.40541708153706335,A,A
2108,2108,4216,4216,-2108,-2108,1,1,0.018334073082827196,0.018334073082827196,A,A
2110,2110,4220,4220,-2110,-2110,1,1,0.22356876177805607,0.22356876177805607,A,A
2111,2111,4222,4222,-2111,-2111,1,1,0.6674079866036278,0.6674079866036278,A,A
2112,2112,4224,4224,-2112,-2112,1,1,0.9493761714095447,0.9493761714095447,A,A
2114,2114,4228,4228,-2114,-2114,1,1,0.5581924053963743,0.5581924053963743,A,A
2120,2120,4240,4240,-2120,-2120,1,1,0.9761474057149245,0.9761474057149245,A,A
2121,2121,4242,4242,-2121,-2121,1,1,0.5221704761822162,0.5221704761822162,A,A
2126,2126,4252,4252,-2126,-2126,1,1,0.6829689761942943,0.6829689761942943,A,A
2127,2127,4254,4254,-2127,-2127,1,1,0.6402144127472182,0.6402144127472182,A,A
2131,2131,4262,4262,-2131,-2131,1,1,0.18012978850917527,0.18012978850917527,A,A
2133,2133,4266,4266,-2133,-2133,1,1,0.6528317406942203,0.6528317406942203,A,A
2134,2134,4268,4268,-2134,-2134,1,1,0.3441136592108366,0.3441136592108366,A,A
2137,2137,4274,4274,-2137,-2137,1,1,0.6152390794100236,0.6152390794100236,A,A
2138,2138,4276,4276,-2138,-2138,1,1,0.5053080051228691,0.5053080051228691,A,A
2147,2147,4294,4294,-2147,-2147,1,1,0.7358425197236385,0.7358425197236385,A,A
2152,2152,4304,4304,-2152,-2152,1,1,0.4521837667711399,0.4521837667711399,A,A
2154,2154,4308,4308,-2154,-2154,1,1,0.3089625616505892,0.3089625616505892,A,A
2156,2156,4312,4312,-2156,-2156,1,1,0.9636421675108663,0.9636421675108663,A,A
2157,2157,4314,4314,-2157,-2157,1,1,0.9700270325730731,0.9700270325730731,A,A
2161,2161,4322,4322,-2161,-2161,1,1,0.10618963538207415,0.10618963538207415,A,A
2162,2162,4324,4324,-2162,-2162,1,1,0.7567443784516563,0.7567443784516563,A,A
2163,2163,4326,4326,-2163,-2163,1,1,0.6882992868068454,0.6882992868068454,A,A
2167,2167,4334,4334,-2167,-2167,1,1,0.32577602708423503,0.32577602708423503,A,A
2171,2171,4342,4342,-2171,-2171,1,1,0.42004075829873055,0.42004075829873055,A,A
2177,2177,4354,4354,-2177,-2177,1,1,0.936523655443973,0.936523655443973,A,A
2178,2178,4356,4356,-2178,-2178,1,1,0.16221267341061585,0.16221267341061585,A,A
2179,2179,4358,4358,-2179,-2179,1,1,0.9578161605223605,0.9578161605223605,A,A
2180,2180,4360,4360,-2180,-2180,1,1,0.6485171684920292,0.6485171684920292,A,A
2181,2181,4362,4362,-2181,-2181,1,1,0.7687505411078538,0.7687505411078538,A,A
2182,2182,4364,4364,-2182,-2182,1,1,0.7052429590032706,0.7052429590032706,A,A
2183,2183,4366,4366,-2183,-2183,1,1,0.7071248940825647,0.7071248940825647,A,A
2185,2185,4370,4370,-2185,-2185,1,1,0.21249936753099974,0.21249936753099974,A,A
2188,2188,4376,4376,-2188,-2188,1,1,0.19804014007318038,0.19804014007318038,A,A
2193,2193,4386,4386,-2193,-2193,1,1,0.19524639903549834,0.19524639903549834,A,A
2194,2194,4388,4388,-2194,-2194,1,1,0.996522898868628,0.996522898868628,A,A
2199,2199,4398,4398,-2199,-2199,1,1,0.37005222139549276,0.37005222139549276,A,A
2200,2200,4400,4400,-2200,-2200,1,1,0.6345282625417757,0.6345282625417757,A,A
2201,2201,4402,4402,-2201,-2201,1,1,0.3280525023202405,0.3280525023202405,A,A
2205,2205,4410,4410,-2205,-2205,1,1,0.1166813646535877,0.1166813646535877,A,A
2210,2210,4420,4420,-2210,-2210,1,1,0.40241761391988773,0.40241761391988773,A,A
2216,2216,4432,4432,-2216,-2216,1,1,0.3499932687128001,0.3499932687128001,A,A
2225,2225,4450,4450,-2225,-2225,1,1,0.3088390646050043,0.3088390646050043,A,A
2234,2234,4468,4468,-2234,-2234,1,1,0.36910751947257503,0.36910751947257503,A,A
2235,2235,4470,4470,-2235,-2235,1,1,0.8482906865467086,0.8482906865467086,A,A
2240,2240,4480,4480,-2240,-2240,1,1,0.47287112484834615,0.47287112484834615,A,A
2241,2241,4482,4482,-2241,-2241,1,1,0.9747138423551656,0.9747138423551656,A,A
2242,2242,4484,4484,-2242,-2242,1,1,0.6536133430144079,0.6536133430144079,A,A
2244,2244,4488,4488,-2244,-2244,1,1,0.35463063115404114,0.35463063115404114,A,A
2248,2248,4496,4496,-2248,-2248,1,1,0.32808817773979904,0.32808817773979904,A,A
2250,2250,4500,4500,-2250,-2250,1,1,0.028292239575584466,0.028292239575584466,A,A
2253,2253,4506,4506,-2253,-2253,1,1,0.2601840033472469,0.2601840033472469,A,A
2254,2254,4508,4508,-2254,-2254,1,1,0.49572839561443716,0.49572839561443716,A,A
2255,2255,4510,4510,-2255,-2255,1,1,0.5127436345094188,0.5127436345094188,A,A
2256,2256,4512,4512,-2256,-2256,1,1,0.028922219302059404,0.028922219302059404,A,A
2267,2267,4534,4534,-2267,-2267,1,1,0.04608642180938771,0.04608642180938771,A,A
2268,2268,4536,4536,-2268,-2268,1,1,0.3895671229806068,0.3895671229806068,A,A
2269,2269,4538,4538,-2269,-2269,1,1,0.1747370001387315,0.1747370001387315,A,A
2270,2270,4540,4540,-2270,-2270,1,1,0.8695160449044587,0.8695160449044587,A,A
2272,2272,4544,4544,-2272,-2272,1,1,0.7198926716384558,0.7198926716384558,A,A
2273,2273,4546,4546,-2273,-2273,1,1,0.518673311922249,0.518673311922249,A,A
2278,2278,4556,4556,-2278,-2278,1,1,0.26680517596274944,0.26680517596274944,A,A
2280,2280,4560,4560,-2280,-2280,1,1,0.620514097634409,0.620514097634409,A,A
2285,2285,4570,4570,-2285,-2285,1,1,0.5105184771179293,0.5105184771179293,A,A
2296,2296,4592,4592,-2296,-2296,1,1,0.9665146302391457,0.9665146302391457,A,A
2299,2299,4598,4598,-2299,-2299,1,1,0.43108882182641917,0.43108882182641917,A,A
2302,2302,4604,4604,-2302,-2302,1,1,0.06973797867953613,0.06973797867953613,A,A
2303,2303,4606,4606,-2303,-2303,1,1,0.2965160856441176,0.2965160856441176,A,A
2304,2304,4608,4608,-2304,-2304,1,1,0.6023877732208555,0.6023877732208555,A,A
2306,2306,4612,4612,-2306,-2306,1,1,0.48447964172583835,0.48447964172583835,A,A
2308,2308,4616,4616,-2308,-2308,1,1,0.0340154027983991,0.0340154027983991,A,A
2309,2309,4618,4618,-2309,-2309,1,1,0.05742712868123301,0.05742712868123301,A,A
2314,2314,4628,4628,-2314,-2314,1,1,0.865712696442094,0.865712696442094,A,A
2318,2318,4636,4636,-2318,-2318,1,1,0.47873833018348566,0.47873833018348566,A,A
2325,2325,4650,4650,-2325,-2325,1,1,0.3154430469533932,0.3154430469533932,A,A
2330,2330,4660,4660,-2330,-2330,1,1,0.372600812028543,0.372600812028543,A,A
2331,2331,4662,4662,-2331,-2331,1,1,0.3169296140015879,0.3169296140015879,A,A
2332,2332,4664,4664,-2332,-2332,1,1,0.47038190487882414,0.47038190487882414,A,A
2333,2333,4666,4666,-2333,-2333,1,1,0.9649130502984313,0.9649130502984313,A,A
2334,2334,4668,4668,-2334,-2334,1,1,0.36652192721588106,0.36652192721588106,A,A
2335,2335,4670,4670,-2335,-2335,1,1,0.3182648616241628,0.3182648616241628,A,A
2341,2341,4682,4682,-2341,-2341,1,1,0.5900165795953535,0.5900165795953535,A,A
2344,2344,4688,4688,-2344,-2344,1,1,0.4531858568625773,0.4531858568625773,A,A
2346,2346,4692,4692,-2346,-2346,1,1,0.7699436007873152,0.7699436007873152,A,A
2347,2347,4694,4694,-2347,-2347,1,1,0.28208168514396326,0.28208168514396326,A,A
2348,2348,4696,4696,-2348,-2348,1,1,0.6160356903510849,0.6160356903510849,A,A
2349,2349,4698,4698,-2349,-2349,1,1,0.7163868332570547,0.7163868332570547,A,A
2353,2353,4706,4706,-2353,-2353,1,1,0.11559078266672629,0.11559078266672629,A,A
2354,2354,4708,4708,-2354,-2354,1,1,0.2678009163647116,0.2678009163647116,A,A
2356,2356,4712,4712,-2356,-2356,1,1,0.07290586614001149,0.07290586614001149,A,A
2357,2357,4714,4714,-2357,-2357,1,1,0.16136576392722024,0.16136576392722024,A,A
2366,2366,4732,4732,-2366,-2366,1,1,0.42046771373879566,0.42046771373879566,A,A
2372,2372,4744,4744,-2372,-2372,1,1,0.5744314001558449,0.5744314001558449,A,A
2374,2374,4748,4748,-2374,-2374,1,1,0.533800378935939,0.533800378935939,A,A
2376,2376,4752,4752,-2376,-2376,1,1,0.4019431244499371,0.4019431244499371,A,A
2382,2382,4764,4764,-2382,-2382,1,1,0.5439424940758666,0.5439424940758666,A,A
2383,2383,4766,4766,-2383,-2383,1,1,0.45548864802211086,0.45548864802211086,A,A
2384,2384,4768,4768,-2384,-2384,1,1,0.21951573057233498,0.21951573057233498,A,A
2386,2386,4772,4772,-2386,-2386,1,1,0.21895356266195087,0.21895356266195087,A,A
2391,2391,4782,4782,-2391,-2391,1,1,0.5433257981157731,0.5433257981157731,A,A
2394,2394,4788,4788,-2394,-2394,1,1,0.7388850834237064,0.7388850834237064,A,A
2395,2395,4790,4790,-2395,-2395,1,1,0.6103122571323334,0.6103122571323334,A,A
2397,2397,4794,4794,-2397,-2397,1,1,0.7585005211684226,0.7585005211684226,A,A
2399,2399,4798,4798,-2399,-2399,1,1,0.5998597181548605,0.5998597181548605,A,A
2406,2406,4812,4812,-2406,-2406,1,1,0.550589755450354,0.550589755450354,A,A
2410,2410,4820,4820,-2410,-2410,1,1,0.1402634013279782,0.1402634013279782,A,A
2414,2414,4828,4828,-2414,-2414,1,1,0.01401207486535816,0.01401207486535816,A,A
2418,2418,4836,4836,-2418,-2418,1,1,0.38109857737481256,0.38109857737481256,A,A
2425,2425,4850,4850,-2425,-2425,1,1,0.7727866514909925,0.7727866514909925,A,A
2426,2426,4852,4852,-2426,-2426,1,1,0.8788835695849824,0.8788835695849824,A,A
2430,2430,4860,4860,-2430,-2430,1,1,0.4923823957867821,0.4923823957867821,A,A
2433,2433,4866,4866,-2433,-2433,1,1,0.7395608564227873,0.7395608564227873,A,A
2439,2439,4878,4878,-2439,-2439,1,1,0.7037152611276413,0.7037152611276413,A,A
2443,2443,4886,4886,-2443,-2443,1,1,0.39355000942921325,0.39355000942921325,A,A
2444,2444,4888,4888,-2444,-2444,1,1,0.5143399812434879,0.5143399812434879,A,A
2447,2447,4894,4894,-2447,-2447,1,1,0.63731825461956,0.63731825461956,A,A
2448,2448,4896,4896,-2448,-2448,1,1,0.4840484003166635,0.4840484003166635,A,A
2449,2449,4898,4898,-2449,-2449,1,1,0.012959269488449388,0.012959269488449388,A,A
2452,2452,4904,4904,-2452,-2452,1,1,0.2716334995050571,0.2716334995050571,A,A
2454,2454,4908,4908,-2454,-2454,1,1,0.38456677260483607,0.38456677260483607,A,A
2458,2458,4916,4916,-2458,-2458,1,1,0.699837451626885,0.699837451626885,A,A
2471,2471,4942,4942,-2471,-2471,1,1,0.6343039000779876,0.6343039000779876,A,A
2474,2474,4948,4948,-2474,-2474,1,1,0.431396299682252,0.431396299682252,A,A
2478,2478,4956,4956,-2478,-2478,1,1,0.6421774121431184,0.6421774121431184,A,A
2484,2484,4968,4968,-2484,-2484,1,1,0.49211483086776187,0.49211483086776187,A,A
2486,2486,4972,4972,-2486,-2486,1,1,0.5404889405222474,0.5404889405222474,A,A
2495,2495,4990,4990,-2495,-2495,1,1,0.1668012742954672,0.1668012742954672,A,A
2498,2498,4996,4996,-2498,-2498,1,1,0.9556298169924625,0.9556298169924625,A,A
2501,2501,5002,5002,-2501,-2501,1,1,0.16815587159573886,0.16815587159573886,A,A
2502,2502,5004,5004,-2502,-2502,1,1,0.7957322436214088,0.7957322436214088,A,A
2507,2507,5014,5014,-2507,-2507,1,1,0.9248799440313333,0.9248799440313333,A,A
2508,2508,5016,5016,-2508,-2508,1,1,0.5368436790505414,0.5368436790505414,A,A
2509,2509,5018,5018,-2509,-2509,1,1,0.5336993725849173,0.5336993725849173,A,A
2510,2510,5020,5020,-2510,-2510,1,1,0.3793754571638981,0.3793754571638981,A,A
2518,2518,5036,5036,-2518,-2518,1,1,0.5101158859464436,0.5101158859464436,A,A
2525,2525,5050,5050,-2525,-2525,1,1,0.4388589314668436,0.4388589314668436,A,A
2526,2526,5052,5052,-2526,-2526,1,1,0.6875972018007958,0.6875972018007958,A,A
2527,2527,5054,5054,-2527,-2527,1,1,0.6610533186069691,0.6610533186069691,A,A
2528,2528,5056,5056,-2528,-2528,1,1,0.13472378913785632,0.13472378913785632,A,A
2529,2529,5058,5058,-2529,-2529,1,1,0.7185098056820005,0.7185098056820005,A,A
2530,2530,5060,5060,-2530,-2530,1,1,0.24876433835960166,0.24876433835960166,A,A
2536,2536,5072,5072,-2536,-2536,1,1,0.5297103127576981,0.5297103127576981,A,A
2538,2538,5076,5076,-2538,-2538,1,1,0.12569059834687446,0.12569059834687446,A,A
2539,2539,5078,5078,-2539,-2539,1,1,0.7437774617672985,0.7437774617672985,A,A
2541,2541,5082,5082,-2541,-2541,1,1,0.6066178139782963,0.6066178139782963,A,A
2547,2547,5094,5094,-2547,-2547,1,1,0.3381624351363691,0.3381624351363691,A,A
2551,2551,5102,5102,-2551,-2551,1,1,0.5165139897870288,0.5165139897870288,A,A
2555,2555,5110,5110,-2555,-2555,1,1,0.6675387656342376,0.6675387656342376,A,A
2560,2560,5120,5120,-2560,-2560,1,1,0.24343617049608934,0.24343617049608934,A,A
2561,2561,5122,5122,-2561,-2561,1,1,0.3736980532574461,0.3736980532574461,A,A
2564,2564,5128,5128,-2564,-2564,1,1,0.7202163401789557,0.7202163401789557,A,A
2565,2565,5130,5130,-2565,-2565,1,1,0.4581322618983782,0.4581322618983782,A,A
2566,2566,5132,5132,-2566,-2566,1,1,0.8765027039576112,0.8765027039576112,A,A
2569,2569,5138,5138,-2569,-2569,1,1,0.588182585641356,0.588182585641356,A,A
2576,2576,5152,5152,-2576,-2576,1,1,0.6865368730584025,0.6865368730584025,A,A
2578,2578,5156,5156,-2578,-2578,1,1,0.2337308036517125,0.2337308036517125,A,A
2585,2585,5170,5170,-2585,-2585,1,1,0.9257488026247249,0.9257488026247249,A,A
2591,2591,5182,5182,-2591,-2591,1,1,0.962445345605316,0.962445345605316,A,A
2592,2592,5184,5184,-2592,-2592,1,1,0.8300845316825715,0.8300845316825715,A,A
2593,2593,5186,5186,-2593,-2593,1,1,0.48389073235160185,0.48389073235160185,A,A
2604,2604,5208,5208,-2604,-2604,1,1,0.6403485791625139,0.6403485791625139,A,A
2610,2610,5220,5220,-2610,-2610,1,1,0.9790465074466663,0.9790465074466663,A,A
2611,2611,5222,5222,-2611,-2611,1,1,0.3071853162048227,0.3071853162048227,A,A
2619,2619,5238,5238,-2619,-2619,1,1,0.5712996022262311,0.5712996022262311,A,A
2627,2627,5254,5254,-2627,-2627,1,1,0.08051149710684269,0.08051149710684269,A,A
2629,2629,5258,5258,-2629,-2629,1,1,0.16365119012537765,0.16365119012537765,A,A
2631,2631,5262,5262,-2631,-2631,1,1,0.1554025124723134,0.1554025124723134,A,A
2632,2632,5264,5264,-2632,-2632,1,1,0.9266842226852398,0.9266842226852398,A,A
2636,2636,5272,5272,-2636,-2636,1,1,0.04253511179091729,0.04253511179091729,A,A
2637,2637,5274,5274,-2637,-2637,1,1,0.7077429671131786,0.7077429671131786,A,A
2639,2639,5278,5278,-2639,-2639,1,1,0.7365337689829003,0.7365337689829003,A,A
2646,2646,5292,5292,-2646,-2646,1,1,0.028015015477000138,0.028015015477000138,A,A
2647,2647,5294,5294,-2647,-2647,1,1,0.6549607743496783,0.6549607743496783,A,A
2650,2650,5300,5300,-2650,-2650,1,1,0.8984950826829937,0.8984950826829937,A,A
2657,2657,5314,5314,-2657,-2657,1,1,0.46023847410677976,0.46023847410677976,A,A
2658,2658,5316,5316,-2658,-2658,1,1,0.2127886115509836,0.2127886115509836,A,A
2660,2660,5320,5320,-2660,-2660,1,1,0.44871486758119217,0.44871486758119217,A,A
2661,2661,5322,5322,-2661,-2661,1,1,0.8133704136901264,0.8133704136901264,A,A
2666,2666,5332,5332,-2666,-2666,1,1,0.6387168445485756,0.6387168445485756,A,A
2667,2667,5334,5334,-2667,-2667,1,1,0.1804756786069064,0.1804756786069064,A,A
2669,2669,5338,5338,-2669,-2669,1,1,0.7783569296964757,0.7783569296964757,A,A
2672,2672,5344,5344,-2672,-2672,1,1,0.8819007915062904,0.8819007915062904,A,A
2673,2673,5346,5346,-2673,-2673,1,1,0.24658521416749646,0.24658521416749646,A,A
2676,2676,5352,5352,-2676,-2676,1,1,0.500505292807991,0.500505292807991,A,A
2677,2677,5354,5354,-2677,-2677,1,1,0.7293762170614305,0.7293762170614305,A,A
2680,2680,5360,5360,-2680,-2680,1,1,0.1680945159208186,0.1680945159208186,A,A
2682,2682,5364,5364,-2682,-2682,1,1,0.5795657274251583,0.5795657274251583,A,A
2683,2683,5366,5366,-2683,-2683,1,1,0.3037882265834255,0.3037882265834255,A,A
2684,2684,5368,5368,-2684,-2684,1,1,0.9031895261835828,0.9031895261835828,A,A
2702,2702,5404,5404,-2702,-2702,1,1,0.8012939799076298,0.8012939799076298,A,A
2703,2703,5406,5406,-2703,-2703,1,1,0.5701232000810401,0.5701232000810401,A,A
2704,2704,5408,5408,-2704,-2704,1,1,0.8275323960310688,0.8275323960310688,A,A
2709,2709,5418,5418,-2709,-2709,1,1,0.42412300668948666,0.42412300668948666,A,A
2716,2716,5432,5432,-2716,-2716,1,1,0.2723168131505349,0.2723168131505349,A,A
2718,2718,5436,5436,-2718,-2718,1,1,0.5140601191991092,0.5140601191991092,A,A
2720,2720,5440,5440,-2720,-2720,1,1,0.716947202664793,0.716947202664793,A,A
2724,2724,5448,5448,-2724,-2724,1,1,0.539317515915914,0.539317515915914,A,A
2725,2725,5450,5450,-2725,-2725,1,1,0.15734528396828285,0.15734528396828285,A,A
2731,2731,5462,5462,-2731,-2731,1,1,0.7947567860166941,0.7947567860166941,A,A
2732,2732,5464,5464,-2732,-2732,1,1,0.6010801818297241,0.6010801818297241,A,A
2733,2733,5466,5466,-2733,-2733,1,1,0.3539703598964926,0.3539703598964926,A,A
2735,2735,5470,5470,-2735,-2735,1,1,0.4522080285165685,0.4522080285165685,A,A
2741,2741,5482,5482,-2741,-2741,1,1,0.6285168208261955,0.6285168208261955,A,A
2742,2742,5484,5484,-2742,-2742,1,1,0.054314839606805165,0.054314839606805165,A,A
2743,2743,5486,5486,-2743,-2743,1,1,0.8674547864236402,0.8674547864236402,A,A
2744,2744,5488,5488,-2744,-2744,1,1,0.5943882696375317,0.5943882696375317,A,A
2745,2745,5490,5490,-2745,-2745,1,1,0.9083097629854495,0.9083097629854495,A,A
2746,2746,5492,5492,-2746,-2746,1,1,0.3407350287120624,0.3407350287120624,A,A
2747,2747,5494,5494,-2747,-2747,1,1,0.9188010861780496,0.9188010861780496,A,A
2751,2751,5502,5502,-2751,-2751,1,1,0.5972293489941417,0.5972293489941417,A,A
2753,2753,5506,5506,-2753,-2753,1,1,0.19963457913657,0.19963457913657,A,A
2755,2755,5510,5510,-2755,-2755,1,1,0.041779899630332795,0.041779899630332795,A,A
2758,2758,5516,5516,-2758,-2758,1,1,0.6328282483799814,0.6328282483799814,A,A
2759,2759,5518,5518,-2759,-2759,1,1,0.24710278287710197,0.24710278287710197,A,A
2761,2761,5522,5522,-2761,-2761,1,1,0.4521002010241132,0.4521002010241132,A,A
2764,2764,5528,5528,-2764,-2764,1,1,0.21813640466659445,0.21813640466659445,A,A
2766,2766,5532,5532,-2766,-2766,1,1,0.7608671979091871,0.7608671979091871,A,A
2768,2768,5536,5536,-2768,-2768,1,1,0.7258608699810172,0.7258608699810172,A,A
2773,2773,5546,5546,-2773,-2773,1,1,0.0717591336447323,0.0717591336447323,A,A
2774,2774,5548,5548,-2774,-2774,1,1,0.33038265722856075,0.33038265722856075,A,A
2775,2775,5550,5550,-2775,-2775,1,1,0.9189631265258031,0.9189631265258031,A,A
2780,2780,5560,5560,-2780,-2780,1,1,0.21043307902811736,0.21043307902811736,A,A
2781,2781,5562,5562,-2781,-2781,1,1,0.1616237791193622,0.1616237791193622,A,A
2783,2783,5566,5566,-2783,-2783,1,1,0.761817836316891,0.761817836316891,A,A
2787,2787,5574,5574,-2787,-2787,1,1,0.5643760528139782,0.5643760528139782,A,A
2789,2789,5578,5578,-2789,-2789,1,1,0.45376233219256,0.45376233219256,A,A
2791,2791,5582,5582,-2791,-2791,1,1,0.9568253207472602,0.9568253207472602,A,A
2795,2795,5590,5590,-2795,-2795,1,1,0.37480943109717946,0.37480943109717946,A,A
2796,2796,5592,5592,-2796,-2796,1,1,0.06575410935862658,0.06575410935862658,A,A
2797,2797,5594,5594,-2797,-2797,1,1,0.5073690546649365,0.5073690546649365,A,A
2799,2799,5598,5598,-2799,-2799,1,1,0.04648189149834825,0.04648189149834825,A,A
2804,2804,5608,5608,-2804,-2804,1,1,0.4807887296511175,0.4807887296511175,A,A
2805,2805,5610,5610,-2805,-2805,1,1,0.2878376822255172,0.2878376822255172,A,A
2807,2807,5614,5614,-2807,-2807,1,1,0.0399154693848397,0.0399154693848397,A,A
2809,2809,5618,5618,-2809,-2809,1,1,0.14766983186576943,0.14766983186576943,A,A
2810,2810,5620,5620,-2810,-2810,1,1,0.684725332764699,0.684725332764699,A,A
2820,2820,5640,5640,-2820,-2820,1,1,0.8550979869528278,0.8550979869528278,A,A
2823,2823,5646,5646,-2823,-2823,1,1,0.4007907621325171,0.4007907621325171,A,A
2824,2824,5648,5648,-2824,-2824,1,1,0.7287013450203805,0.7287013450203805,A,A
2825,2825,5650,5650,-2825,-2825,1,1,0.8987222084653017,0.8987222084653017,A,A
2826,2826,5652,5652,-2826,-2826,1,1,0.3668237749619355,0.3668237749619355,A,A
2829,2829,5658,5658,-2829,-2829,1,1,0.7237087169095541,0.7237087169095541,A,A
2833,2833,5666,5666,-2833,-2833,1,1,0.21136671657003647,0.21136671657003647,A,A
2835,2835,5670,5670,-2835,-2835,1,1,0.6943242479790033,0.6943242479790033,A,A
2839,2839,5678,5678,-2839,-2839,1,1,0.43617982456244986,0.43617982456244986,A,A
2840,2840,5680,5680,-2840,-2840,1,1,0.8318035475103578,0.8318035475103578,A,A
2850,2850,5700,5700,-2850,-2850,1,1,0.3193565569200755,0.3193565569200755,A,A
2851,2851,5702,5702,-2851,-2851,1,1,0.12447295176888074,0.12447295176888074,A,A
2853,2853,5706,5706,-2853,-2853,1,1,0.22092090510159057,0.22092090510159057,A,A
2858,2858,5716,5716,-2858,-2858,1,1,0.35622545814320394,0.35622545814320394,A,A
2860,2860,5720,5720,-2860,-2860,1,1,0.7078364443074256,0.7078364443074256,A,A
2861,2861,5722,5722,-2861,-2861,1,1,0.5737527952201974,0.5737527952201974,A,A
2863,2863,5726,5726,-2863,-2863,1,1,0.5161274293653615,0.5161274293653615,A,A
2866,2866,5732,5732,-2866,-2866,1,1,0.1645017694674592,0.1645017694674592,A,A
2873,2873,5746,5746,-2873,-2873,1,1,0.46250145233195894,0.46250145233195894,A,A
2878,2878,5756,5756,-2878,-2878,1,1,0.57946737641328,0.57946737641328,A,A
2880,2880,5760,5760,-2880,-2880,1,1,0.8028745802652135,0.8028745802652135,A,A
2888,2888,5776,5776,-2888,-2888,1,1,0.30041806839487084,0.30041806839487084,A,A
2892,2892,5784,5784,-2892,-2892,1,1,0.7260071841264228,0.7260071841264228,A,A
2894,2894,5788,5788,-2894,-2894,1,1,0.3645087968989289,0.3645087968989289,A,A
2900,2900,5800,5800,-2900,-2900,1,1,0.5330205647048041,0.5330205647048041,A,A
2902,2902,5804,5804,-2902,-2902,1,1,0.1332972525062096,0.1332972525062096,A,A
2908,2908,5816,5816,-2908,-2908,1,1,0.3807179486626584,0.3807179486626584,A,A
2913,2913,5826,5826,-2913,-2913,1,1,0.013812276922184674,0.013812276922184674,A,A
2915,2915,5830,5830,-2915,-2915,1,1,0.9523135796043803,0.9523135796043803,A,A
2916,2916,5832,5832,-2916,-2916,1,1,0.27299432792113487,0.27299432792113487,A,A
2917,2917,5834,5834,-2917,-2917,1,1,0.7137178351804702,0.7137178351804702,A,A
2919,2919,5838,5838,-2919,-2919,1,1,0.6511782090114945,0.6511782090114945,A,A
2922,2922,5844,5844,-2922,-2922,1,1,0.3422694005079018,0.3422694005079018,A,A
2924,2924,5848,5848,-2924,-2924,1,1,0.8869584292418783,0.8869584292418783,A,A
2925,2925,5850,5850,-2925,-2925,1,1,0.2493499185935114,0.2493499185935114,A,A
2927,2927,5854,5854,-2927,-2927,1,1,0.6948378362073488,0.6948378362073488,A,A
2928,2928,5856,5856,-2928,-2928,1,1,0.819847297240055,0.819847297240055,A,A
2929,2929,5858,5858,-2929,-2929,1,1,0.5820991210204157,0.5820991210204157,A,A
2930,2930,5860,5860,-2930,-2930,1,1,0.22576243455655842,0.22576243455655842,A,A
2934,2934,5868,5868,-2934,-2934,1,1,0.8438894164422526,0.8438894164422526,A,A
2935,2935,5870,5870,-2935,-2935,1,1,0.7967828634156956,0.7967828634156956,A,A
2940,2940,5880,5880,-2940,-2940,1,1,0.35486039393746893,0.35486039393746893,A,A
2941,2941,5882,5882,-2941,-2941,1,1,0.6743973365264917,0.6743973365264917,A,A
2943,2943,5886,5886,-2943,-2943,1,1,0.5440961487108694,0.5440961487108694,A,A
2944,2944,5888,5888,-2944,-2944,1,1,0.6430250350097577,0.6430250350097577,A,A
2948,2948,5896,5896,-2948,-2948,1,1,0.89544262482354,0.89544262482354,A,A
2951,2951,5902,5902,-2951,-2951,1,1,0.08961712159800173,0.08961712159800173,A,A
2956,2956,5912,5912,-2956,-2956,1,1,0.6993592609471548,0.6993592609471548,A,A
2965,2965,5930,5930,-2965,-2965,1,1,0.6330983962969011,0.6330983962969011,A,A
2972,2972,5944,5944,-2972,-2972,1,1,0.6014095997912071,0.6014095997912071,A,A
2973,2973,5946,5946,-2973,-2973,1,1,0.5938881463791009,0.5938881463791009,A,A
2979,2979,5958,5958,-2979,-2979,1,1,0.2954272853726655,0.2954272853726655,A,A
2980,2980,5960,5960,-2980,-2980,1,1,0.4585114985170041,0.4585114985170041,A,A
2982,2982,5964,5964,-2982,-2982,1,1,0.9592682669570094,0.9592682669570094,A,A
2984,2984,5968,5968,-2984,-2984,1,1,0.9399309349936477,0.9399309349936477,A,A
2991,2991,5982,5982,-2991,-2991,1,1,0.976764546160686,0.976764546160686,A,A
2992,2992,5984,5984,-2992,-2992,1,1,0.9765079112002615,0.9765079112002615,A,A
2993,2993,5986,5986,-2993,-2993,1,1,0.6263912658455544,0.6263912658455544,A,A
2994,2994,5988,5988,-2994,-2994,1,1,0.9598911929304759,0.9598911929304759,A,A
2996,2996,5992,5992,-2996,-2996,1,1,0.043732657227711136,0.043732657227711136,A,A
2997,2997,5994,5994,-2997,-2997,1,1,0.024908417983905196,0.024908417983905196,A,A
3005,3005,6010,6010,-3005,-3005,1,1,0.4497183092947342,0.4497183092947342,B,B
3008,3008,6016,6016,-3008,-3008,1,1,0.5962993070450688,0.5962993070450688,B,B
3009,3009,6018,6018,-3009,-3009,1,1,0.8153711367146933,0.8153711367146933,B,B
3011,3011,6022,6022,-3011,-3011,1,1,0.8635006732695014,0.8635006732695014,B,B
3016,3016,6032,6032,-3016,-3016,1,1,0.12062058876616732,0.12062058876616732,B,B
3017,3017,6034,6034,-3017,-3017,1,1,0.3369646960747059,0.3369646960747059,B,B
3020,3020,6040,6040,-3020,-3020,1,1,0.9487810113316968,0.9487810113316968,B,B
3027,3027,6054,6054,-3027,-3027,1,1,0.7857447016877412,0.7857447016877412,B,B
3028,3028,6056,6056,-3028,-3028,1,1,0.9168550029900663,0.9168550029900663,B,B
3030,3030,6060,6060,-3030,-3030,1,1,0.26979375255287474,0.26979375255287474,B,B
3034,3034,6068,6068,-3034,-3034,1,1,0.17051876245785735,0.17051876245785735,B,B
3035,3035,6070,6070,-3035,-3035,1,1,0.16769559469292106,0.16769559469292106,B,B
3044,3044,6088,6088,-3044,-3044,1,1,0.3994271172644791,0.3994271172644791,B,B
3048,3048,6096,6096,-3048,-3048,1,1,0.8798645442955142,0.8798645442955142,B,B
3050,3050,6100,6100,-3050,-3050,1,1,0.7839636425492297,0.7839636425492297,B,B
3051,3051,6102,6102,-3051,-3051,1,1,0.932294217316768,0.932294217316768,B,B
3052,3052,6104,6104,-3052,-3052,1,1,0.15007681796774963,0.15007681796774963,B,B
3054,3054,6108,6108,-3054,-3054,1,1,0.6909214591116735,0.6909214591116735,B,B
3055,3055,6110,6110,-3055,-3055,1,1,0.5431367136931761,0.5431367136931761,B,B
3056,3056,6112,6112,-3056,-3056,1,1,0.7754411234267139,0.7754411234267139,B,B
3057,3057,6114,6114,-3057,-3057,1,1,0.905108928932622,0.905108928932622,B,B
3061,3061,6122,6122,-3061,-3061,1,1,0.7083654459653543,0.7083654459653543,B,B
3062,3062,6124,6124,-3062,-3062,1,1,0.3185749749719061,0.3185749749719061,B,B
3063,3063,6126,6126,-3063,-3063,1,1,0.48542329527864625,0.48542329527864625,B,B
3064,3064,6128,6128,-3064,-3064,1,1,0.22044840056665393,0.22044840056665393,B,B
3066,3066,6132,6132,-3066,-3066,1,1,0.6378200445278971,0.6378200445278971,B,B
3068,3068,6136,6136,-3068,-3068,1,1,0.12357894048372264,0.12357894048372264,B,B
3069,3069,6138,6138,-3069,-3069,1,1,0.41618841333222234,0.41618841333222234,B,B
3077,3077,6154,6154,-3077,-3077,1,1,0.8663300096346206,0.8663300096346206,B,B
3079,3079,6158,6158,-3079,-3079,1,1,0.11531685729161667,0.11531685729161667,B,B
3080,3080,6160,6160,-3080,-3080,1,1,0.05758780040673095,0.05758780040673095,B,B
3082,3082,6164,6164,-3082,-3082,1,1,0.8722199892558758,0.8722199892558758,B,B
3083,3083,6166,6166,-3083,-3083,1,1,0.9228769316262159,0.9228769316262159,B,B
3085,3085,6170,6170,-3085,-3085,1,1,0.3841031461351997,0.3841031461351997,B,B
3086,3086,6172,6172,-3086,-3086,1,1,0.8400992695234832,0.8400992695234832,B,B
3089,3089,6178,6178,-3089,-3089,1,1,0.4045568316017183,0.4045568316017183,B,B
3090,3090,6180,6180,-3090,-3090,1,1,0.35278607485124547,0.35278607485124547,B,B
3092,3092,6184,6184,-3092,-3092,1,1,0.8349200015437948,0.8349200015437948,B,B
3093,3093,6186,6186,-3093,-3093,1,1,0.37292148774050005,0.37292148774050005,B,B
3095,3095,6190,6190,-3095,-3095,1,1,0.08088797754070887,0.08088797754070887,B,B
3100,3100,6200,6200,-3100,-3100,1,1,0.36575757676519316,0.36575757676519316,B,B
3101,3101,6202,6202,-3101,-3101,1,1,0.4945470063519961,0.4945470063519961,B,B
3109,3109,6218,6218,-3109,-3109,1,1,0.26319878434538224,0.26319878434538224,B,B
3113,3113,6226,6226,-3113,-3113,1,1,0.8489270010144694,0.8489270010144694,B,B
3117,3117,6234,6234,-3117,-3117,1,1,0.4161917942325576,0.4161917942325576,B,B
3122,3122,6244,6244,-3122,-3122,1,1,0.06310108242091728,0.06310108242091728,B,B
3131,3131,6262,6262,-3131,-3131,1,1,0.15880038917213735,0.15880038917213735,B,B
3137,3137,6274,6274,-3137,-3137,1,1,0.6758373116923502,0.6758373116923502,B,B
3138,3138,6276,6276,-3138,-3138,1,1,0.4425832116128404,0.4425832116128404,B,B
3139,3139,6278,6278,-3139,-3139,1,1,0.7711605137132457,0.7711605137132457,B,B
3141,3141,6282,6282,-3141,-3141,1,1,0.5031743707461093,0.5031743707461093,B,B
3143,3143,6286,6286,-3143,-3143,1,1,0.23519430891953375,0.23519430891953375,B,B
3147,3147,6294,6294,-3147,-3147,1,1,0.9155613477008325,0.9155613477008325,B,B
3151,3151,6302,6302,-3151,-3151,1,1,0.7025755670340893,0.7025755670340893,B,B
3153,3153,6306,6306,-3153,-3153,1,1,0.2135824209530678,0.2135824209530678,B,B
3156,3156,6312,6312,-3156,-3156,1,1,0.846289371656184,0.846289371656184,B,B
3160,3160,6320,6320,-3160,-3160,1,1,0.8672884043614861,0.8672884043614861,B,B
3161,3161,6322,6322,-3161,-3161,1,1,0.3355837913235179,0.3355837913235179,B,B
3162,3162,6324,6324,-3162,-3162,1,1,0.10499669520041788,0.10499669520041788,B,B
3163,3163,6326,6326,-3163,-3163,1,1,0.9742451204642707,0.9742451204642707,B,B
3172,3172,6344,6344,-3172,-3172,1,1,0.5887136012828376,0.5887136012828376,B,B
3176,3176,6352,6352,-3176,-3176,1,1,0.43813325685605964,0.43813325685605964,B,B
3180,3180,6360,6360,-3180,-3180,1,1,0.7830627105971548,0.7830627105971548,B,B
3185,3185,6370,6370,-3185,-3185,1,1,0.9183957163951614,0.9183957163951614,B,B
3186,3186,6372,6372,-3186,-3186,1,1,0.9121519887662062,0.9121519887662062,B,B
3187,3187,6374,6374,-3187,-3187,1,1,0.6322866272061181,0.6322866272061181,B,B
3194,3194,6388,6388,-3194,-3194,1,1,0.6023603902674065,0.6023603902674065,B,B
3196,3196,6392,6392,-3196,-3196,1,1,0.9507594136305302,0.9507594136305302,B,B
3203,3203,6406,6406,-3203,-3203,1,1,0.5502478610443113,0.5502478610443113,B,B
3211,3211,6422,6422,-3211,-3211,1,1,0.937377933233982,0.937377933233982,B,B
3212,3212,6424,6424,-3212,-3212,1,1,0.5030360893974264,0.5030360893974264,B,B
3214,3214,6428,6428,-3214,-3214,1,1,0.5122928143955998,0.5122928143955998,B,B
3217,3217,6434,6434,-3217,-3217,1,1,0.8712185207275313,0.8712185207275313,B,B
3224,3224,6448,6448,-3224,-3224,1,1,0.36774203115454474,0.36774203115454474,B,B
3225,3225,6450,6450,-3225,-3225,1,1,0.9704421535112314,0.9704421535112314,B,B
3227,3227,6454,6454,-3227,-3227,1,1,0.7015434004816016,0.7015434004816016,B,B
3228,3228,6456,6456,-3228,-3228,1,1,0.6036229366852855,0.6036229366852855,B,B
3233,3233,6466,6466,-3233,-3233,1,1,0.45443658440763757,0.45443658440763757,B,B
3237,3237,6474,6474,-3237,-3237,1,1,0.09199356174701812,0.09199356174701812,B,B
3238,3238,6476,6476,-3238,-3238,1,1,0.17047906306634764,0.17047906306634764,B,B
3241,3241,6482,6482,-3241,-3241,1,1,0.882735624891542,0.882735624891542,B,B
3242,3242,6484,6484,-3242,-3242,1,1,0.45952995668531527,0.45952995668531527,B,B
3247,3247,6494,6494,-3247,-3247,1,1,0.41314720228200774,0.41314720228200774,B,B
3249,3249,6498,6498,-3249,-3249,1,1,0.18492286274031355,0.18492286274031355,B,B
3253,3253,6506,6506,-3253,-3253,1,1,0.9351560275197172,0.9351560275197172,B,B
3257,3257,6514,6514,-3257,-3257,1,1,0.054651769757260715,0.054651769757260715,B,B
3260,3260,6520,6520,-3260,-3260,1,1,0.4857514195700484,0.4857514195700484,B,B
3261,3261,6522,6522,-3261,-3261,1,1,0.3307368524175702,0.3307368524175702,B,B
3270,3270,6540,6540,-3270,-3270,1,1,0.11751798969511407,0.11751798969511407,B,B
3276,3276,6552,6552,-3276,-3276,1,1,0.006258676505659921,0.006258676505659921,B,B
3277,3277,6554,6554,-3277,-3277,1,1,0.7491656192195024,0.7491656192195024,B,B
3278,3278,6556,6556,-3278,-3278,1,1,0.07370669678908259,0.07370669678908259,B,B
3281,3281,6562,6562,-3281,-3281,1,1,0.7901177799527717,0.7901177799527717,B,B
3282,3282,6564,6564,-3282,-3282,1,1,0.33744244192164674,0.33744244192164674,B,B
3286,3286,6572,6572,-3286,-3286,1,1,0.6752897876820032,0.6752897876820032,B,B
3288,3288,6576,6576,-3288,-3288,1,1,0.0029755694548720957,0.0029755694548720957,B,B
3295,3295,6590,6590,-3295,-3295,1,1,0.02004305708034737,0.02004305708034737,B,B
3297,3297,6594,6594,-3297,-3297,1,1,0.7071788502853552,0.7071788502853552,B,B
3298,3298,6596,6596,-3298,-3298,1,1,0.8927680870943646,0.8927680870943646,B,B
3302,3302,6604,6604,-3302,-3302,1,1,0.6936429447635433,0.6936429447635433,B,B
3303,3303,6606,6606,-3303,-3303,1,1,0.29371442979304085,0.29371442979304085,B,B
3307,3307,6614,6614,-3307,-3307,1,1,0.08139052448728146,0.08139052448728146,B,B
3308,3308,6616,6616,-3308,-3308,1,1,0.7540952252090461,0.7540952252090461,B,B
3312,3312,6624,6624,-3312,-3312,1,1,0.4283262058113855,0.4283262058113855,B,B
3314,3314,6628,6628,-3314,-3314,1,1,0.28806420999376225,0.28806420999376225,B,B
3315,3315,6630,6630,-3315,-3315,1,1,0.11257148497470193,0.11257148497470193,B,B
3320,3320,6640,6640,-3320,-3320,1,1,0.8019592883423386,0.8019592883423386,B,B
3323,3323,6646,6646,-3323,-3323,1,1,0.594810603321262,0.594810603321262,B,B
3325,3325,6650,6650,-3325,-3325,1,1,0.8063012450273596,0.8063012450273596,B,B
3326,3326,6652,6652,-3326,-3326,1,1,0.6424268503869661,0.6424268503869661,B,B
3327,3327,6654,6654,-3327,-3327,1,1,0.5081174039563506,0.5081174039563506,B,B
3334,3334,6668,6668,-3334,-3334,1,1,0.8981486293592772,0.8981486293592772,B,B
3341,3341,6682,6682,-3341,-3341,1,1,0.5429187277565098,0.5429187277565098,B,B
3343,3343,6686,6686,-3343,-3343,1,1,0.13292407029965814,0.13292407029965814,B,B
3345,3345,6690,6690,-3345,-3345,1,1,0.452709789362854,0.452709789362854,B,B
3347,3347,6694,6694,-3347,-3347,1,1,0.7639160129105484,0.7639160129105484,B,B
3352,3352,6704,6704,-3352,-3352,1,1,0.10358875184656513,0.10358875184656513,B,B
3354,3354,6708,6708,-3354,-3354,1,1,0.9651287318986312,0.9651287318986312,B,B
3357,3357,6714,6714,-3357,-3357,1,1,0.027687514841401084,0.027687514841401084,B,B
3362,3362,6724,6724,-3362,-3362,1,1,0.6465772603051364,0.6465772603051364,B,B
3363,3363,6726,6726,-3363,-3363,1,1,0.876649629385375,0.876649629385375,B,B
3364,3364,6728,6728,-3364,-3364,1,1,0.22633910277716285,0.22633910277716285,B,B
3365,3365,6730,6730,-3365,-3365,1,1,0.07530001330986325,0.07530001330986325,B,B
3368,3368,6736,6736,-3368,-3368,1,1,0.43762312275436077,0.43762312275436077,B,B
3369,3369,6738,6738,-3369,-3369,1,1,0.46588915944606035,0.46588915944606035,B,B
3371,3371,6742,6742,-3371,-3371,1,1,0.9383749460845524,0.9383749460845524,B,B
3375,3375,6750,6750,-3375,-3375,1,1,0.11954449714951898,0.11954449714951898,B,B
3382,3382,6764,6764,-3382,-3382,1,1,0.07713703554536933,0.07713703554536933,B,B
3384,3384,6768,6768,-3384,-3384,1,1,0.8377051453183785,0.8377051453183785,B,B
3402,3402,6804,6804,-3402,-3402,1,1,0.08621444608056539,0.08621444608056539,B,B
3404,3404,6808,6808,-3404,-3404,1,1,0.23565172557006853,0.23565172557006853,B,B
3405,3405,6810,6810,-3405,-3405,1,1,0.3191243285074369,0.3191243285074369,B,B
3406,3406,6812,6812,-3406,-3406,1,1,0.023009098233192193,0.023009098233192193,B,B
3408,3408,6816,6816,-3408,-3408,1,1,0.062353353740606354,0.062353353740606354,B,B
3411,3411,6822,6822,-3411,-3411,1,1,0.007698729894660805,0.007698729894660805,B,B
3417,3417,6834,6834,-3417,-3417,1,1,0.28105415458679706,0.28105415458679706,B,B
3418,3418,6836,6836,-3418,-3418,1,1,0.25283212331939553,0.25283212331939553,B,B
3425,3425,6850,6850,-3425,-3425,1,1,0.1318711396382417,0.1318711396382417,B,B
3426,3426,6852,6852,-3426,-3426,1,1,0.6537634576904304,0.6537634576904304,B,B
3430,3430,6860,6860,-3430,-3430,1,1,0.29146284811503276,0.29146284811503276,B,B
3432,3432,6864,6864,-3432,-3432,1,1,0.24972898781511776,0.24972898781511776,B,B
3433,3433,6866,6866,-3433,-3433,1,1,0.4574233661120837,0.4574233661120837,B,B
3437,3437,6874,6874,-3437,-3437,1,1,0.16073724017002722,0.16073724017002722,B,B
3440,3440,6880,6880,-3440,-3440,1,1,0.21056928871326264,0.21056928871326264,B,B
3441,3441,6882,6882,-3441,-3441,1,1,0.9466768153060681,0.9466768153060681,B,B
3451,3451,6902,6902,-3451,-3451,1,1,0.11211952438958117,0.11211952438958117,B,B
3452,3452,6904,6904,-3452,-3452,1,1,0.8700981747402418,0.8700981747402418,B,B
3453,3453,6906,6906,-3453,-3453,1,1,0.6723717891715603,0.6723717891715603,B,B
3458,3458,6916,6916,-3458,-3458,1,1,0.3539560749394547,0.3539560749394547,B,B
3460,3460,6920,6920,-3460,-3460,1,1,0.023346502065889063,0.023346502065889063,B,B
3470,3470,6940,6940,-3470,-3470,1,1,0.6843945224457676,0.6843945224457676,B,B
3471,3471,6942,6942,-3471,-3471,1,1,0.3016895026790586,0.3016895026790586,B,B
3473,3473,6946,6946,-3473,-3473,1,1,0.8086394318102647,0.8086394318102647,B,B
3476,3476,6952,6952,-3476,-3476,1,1,0.40679182087649435,0.40679182087649435,B,B
3480,3480,6960,6960,-3480,-3480,1,1,0.28480342022502925,0.28480342022502925,B,B
3483,3483,6966,6966,-3483,-3483,1,1,0.37604822116243275,0.37604822116243275,B,B
3485,3485,6970,6970,-3485,-3485,1,1,0.8232857926273147,0.8232857926273147,B,B
3490,3490,6980,6980,-3490,-3490,1,1,0.21922750158394633,0.21922750158394633,B,B
3491,3491,6982,6982,-3491,-3491,1,1,0.7529876612825923,0.7529876612825923,B,B
3501,3501,7002,7002,-3501,-3501,1,1,0.08928413521027267,0.08928413521027267,B,B
3502,3502,7004,7004,-3502,-3502,1,1,0.27512407791247806,0.27512407791247806,B,B
3503,3503,7006,7006,-3503,-3503,1,1,0.05101623355305196,0.05101623355305196,B,B
3506,3506,7012,7012,-3506,-3506,1,1,0.12128059908825062,0.12128059908825062,B,B
3511,3511,7022,7022,-3511,-3511,1,1,0.8211243082952456,0.8211243082952456,B,B
3512,3512,7024,7024,-3512,-3512,1,1,0.2041336155053679,0.2041336155053679,B,B
3513,3513,7026,7026,-3513,-3513,1,1,0.8055835311140402,0.8055835311140402,B,B
3517,3517,7034,7034,-3517,-3517,1,1,0.41053053056351596,0.41053053056351596,B,B
3518,3518,7036,7036,-3518,-3518,1,1,0.4417906983646924,0.4417906983646924,B,B
3519,3519,7038,7038,-3519,-3519,1,1,0.09972389694552841,0.09972389694552841,B,B
3520,3520,7040,7040,-3520,-3520,1,1,0.37294550797978543,0.37294550797978543,B,B
3523,3523,7046,7046,-3523,-3523,1,1,0.6924472862413044,0.6924472862413044,B,B
3524,3524,7048,7048,-3524,-3524,1,1,0.12566411256431043,0.12566411256431043,B,B
3525,3525,7050,7050,-3525,-3525,1,1,0.8768971732492601,0.8768971732492601,B,B
3534,3534,7068,7068,-3534,-3534,1,1,0.7054416392383768,0.7054416392383768,B,B
3535,3535,7070,7070,-3535,-3535,1,1,0.7349893752028991,0.7349893752028991,B,B
3538,3538,7076,7076,-3538,-3538,1,1,0.8263574493028311,0.8263574493028311,B,B
3540,3540,7080,7080,-3540,-3540,1,1,0.9831587389476137,0.9831587389476137,B,B
3550,3550,7100,7100,-3550,-3550,1,1,0.6489625057970303,0.6489625057970303,B,B
3551,3551,7102,7102,-3551,-3551,1,1,0.16008928508406972,0.16008928508406972,B,B
3556,3556,7112,7112,-3556,-3556,1,1,0.03410276983140692,0.03410276983140692,B,B
3557,3557,7114,7114,-3557,-3557,1,1,0.9489214605476916,0.9489214605476916,B,B
3559,3559,7118,7118,-3559,-3559,1,1,0.38439179027702375,0.38439179027702375,B,B
3561,3561,7122,7122,-3561,-3561,1,1,0.0019578484787472483,0.0019578484787472483,B,B
3565,3565,7130,7130,-3565,-3565,1,1,0.24579831738325475,0.24579831738325475,B,B
3567,3567,7134,7134,-3567,-3567,1,1,0.35962469594905955,0.35962469594905955,B,B
3570,3570,7140,7140,-3570,-3570,1,1,0.39368118633415405,0.39368118633415405,B,B
3573,3573,7146,7146,-3573,-3573,1,1,0.07787349203294058,0.07787349203294058,B,B
3577,3577,7154,7154,-3577,-3577,1,1,0.7281087150490224,0.7281087150490224,B,B
3578,3578,7156,7156,-3578,-3578,1,1,0.4021237927516961,0.4021237927516961,B,B
3579,3579,7158,7158,-3579,-3579,1,1,0.6920152796595797,0.6920152796595797,B,B
3580,3580,7160,7160,-3580,-3580,1,1,0.9174932712089378,0.9174932712089378,B,B
3581,3581,7162,7162,-3581,-3581,1,1,0.8904640325671005,0.8904640325671005,B,B
3584,3584,7168,7168,-3584,-3584,1,1,0.8181496023660045,0.8181496023660045,B,B
3586,3586,7172,7172,-3586,-3586,1,1,0.087076613480776,0.087076613480776,B,B
3590,3590,7180,7180,-3590,-3590,1,1,0.7795659131406599,0.7795659131406599,B,B
3594,3594,7188,7188,-3594,-3594,1,1,0.6597253568943231,0.6597253568943231,B,B
3595,3595,7190,7190,-3595,-3595,1,1,0.8100070499773091,0.8100070499773091,B,B
3596,3596,7192,7192,-3596,-3596,1,1,0.03658428739262731,0.03658428739262731,B,B
3598,3598,7196,7196,-3598,-3598,1,1,0.2657564854013734,0.2657564854013734,B,B
3599,3599,7198,7198,-3599,-3599,1,1,0.01367324551215876,0.01367324551215876,B,B
3600,3600,7200,7200,-3600,-3600,1,1,0.2214872698721848,0.2214872698721848,B,B
3603,3603,7206,7206,-3603,-3603,1,1,0.4411043574064084,0.4411043574064084,B,B
3606,3606,7212,7212,-3606,-3606,1,1,0.4010380456014784,0.4010380456014784,B,B
3607,3607,7214,7214,-3607,-3607,1,1,0.1669132429474407,0.1669132429474407,B,B
3615,3615,7230,7230,-3615,-3615,1,1,0.7033360355162939,0.7033360355162939,B,B
3617,3617,7234,7234,-3617,-3617,1,1,0.21024930299167677,0.21024930299167677,B,B
3618,3618,7236,7236,-3618,-3618,1,1,0.8240203718036713,0.8240203718036713,B,B
3619,3619,7238,7238,-3619,-3619,1,1,0.1040602861269323,0.1040602861269323,B,B
3621,3621,7242,7242,-3621,-3621,1,1,0.43524409961840826,0.43524409961840826,B,B
3622,3622,7244,7244,-3622,-3622,1,1,0.08932117258292527,0.08932117258292527,B,B
3633,3633,7266,7266,-3633,-3633,1,1,0.44296219257527625,0.44296219257527625,B,B
3635,3635,7270,7270,-3635,-3635,1,1,0.18454834244697582,0.18454834244697582,B,B
3636,3636,7272,7272,-3636,-3636,1,1,0.9527012495219145,0.9527012495219145,B,B
3637,3637,7274,7274,-3637,-3637,1,1,0.3693535200980893,0.3693535200980893,B,B
3640,3640,7280,7280,-3640,-3640,1,1,0.6667656269539565,0.6667656269539565,B,B
3642,3642,7284,7284,-3642,-3642,1,1,0.46642794939668186,0.46642794939668186,B,B
3646,3646,7292,7292,-3646,-3646,1,1,0.8160435196573073,0.8160435196573073,B,B
3647,3647,7294,7294,-3647,-3647,1,1,0.3055687632488143,0.3055687632488143,B,B
3649,3649,7298,7298,-3649,-3649,1,1,0.6226324393072403,0.6226324393072403,B,B
3651,3651,7302,7302,-3651,-3651,1,1,0.43785735366566014,0.43785735366566014,B,B
3652,3652,7304,7304,-3652,-3652,1,1,0.34228362860186357,0.34228362860186357,B,B
3656,3656,7312,7312,-3656,-3656,1,1,0.6719068959976391,0.6719068959976391,B,B
3658,3658,7316,7316,-3658,-3658,1,1,0.17891521418379974,0.17891521418379974,B,B
3662,3662,7324,7324,-3662,-3662,1,1,0.692009456309963,0.692009456309963,B,B
3664,3664,7328,7328,-3664,-3664,1,1,0.08528607331305993,0.08528607331305993,B,B
3666,3666,7332,7332,-3666,-3666,1,1,0.3177797541454733,0.3177797541454733,B,B
3667,3667,7334,7334,-3667,-3667,1,1,0.2609901192953644,0.2609901192953644,B,B
3672,3672,7344,7344,-3672,-3672,1,1,0.26271457743080473,0.26271457743080473,B,B
3673,3673,7346,7346,-3673,-3673,1,1,0.6405581345373452,0.6405581345373452,B,B
3676,3676,7352,7352,-3676,-3676,1,1,0.662753476404462,0.662753476404462,B,B
3677,3677,7354,7354,-3677,-3677,1,1,0.17868394650129782,0.17868394650129782,B,B
3680,3680,7360,7360,-3680,-3680,1,1,0.50071021672025,0.50071021672025,B,B
3681,3681,7362,7362,-3681,-3681,1,1,0.6127116260149558,0.6127116260149558,B,B
3684,3684,7368,7368,-3684,-3684,1,1,0.2806381749137846,0.2806381749137846,B,B
3685,3685,7370,7370,-3685,-3685,1,1,0.5453399782769446,0.5453399782769446,B,B
3689,3689,7378,7378,-3689,-3689,1,1,0.2368573321632863,0.2368573321632863,B,B
3690,3690,7380,7380,-3690,-3690,1,1,0.5230016525224807,0.5230016525224807,B,B
3692,3692,7384,7384,-3692,-3692,1,1,0.7420809432439649,0.7420809432439649,B,B
3693,3693,7386,7386,-3693,-3693,1,1,0.18746140033628267,0.18746140033628267,B,B
3697,3697,7394,7394,-3697,-3697,1,1,0.04924170771334169,0.04924170771334169,B,B
3698,3698,7396,7396,-3698,-3698,1,1,0.8003594140708628,0.8003594140708628,B,B
3699,3699,7398,7398,-3699,-3699,1,1,0.30752481751907823,0.30752481751907823,B,B
3700,3700,7400,7400,-3700,-3700,1,1,0.40375498876717164,0.40375498876717164,B,B
3701,3701,7402,7402,-3701,-3701,1,1,0.31578241622710834,0.31578241622710834,B,B
3707,3707,7414,7414,-3707,-3707,1,1,0.6340658160465682,0.6340658160465682,B,B
3709,3709,7418,7418,-3709,-3709,1,1,0.49330811884417114,0.49330811884417114,B,B
3710,3710,7420,7420,-3710,-3710,1,1,0.5421918749874678,0.5421918749874678,B,B
3711,3711,7422,7422,-3711,-3711,1,1,0.2646194474943795,0.2646194474943795,B,B
3712,3712,7424,7424,-3712,-3712,1,1,0.7912492042797782,0.7912492042797782,B,B
3719,3719,7438,7438,-3719,-3719,1,1,0.23547240459691632,0.23547240459691632,B,B
3721,3721,7442,7442,-3721,-3721,1,1,0.34172957612299293,0.34172957612299293,B,B
3724,3724,7448,7448,-3724,-3724,1,1,0.864542884300659,0.864542884300659,B,B
3727,3727,7454,7454,-3727,-3727,1,1,0.3191779397779204,0.3191779397779204,B,B
3729,3729,7458,7458,-3729,-3729,1,1,0.21430774931499819,0.21430774931499819,B,B
3730,3730,7460,7460,-3730,-3730,1,1,0.753279510876488,0.753279510876488,B,B
3736,3736,7472,7472,-3736,-3736,1,1,0.14473139437419125,0.14473139437419125,B,B
3737,3737,7474,7474,-3737,-3737,1,1,0.9551379997236042,0.9551379997236042,B,B
3739,3739,7478,7478,-3739,-3739,1,1,0.4571378200801588,0.4571378200801588,B,B
3740,3740,7480,7480,-3740,-3740,1,1,0.23064367034668642,0.23064367034668642,B,B
3741,3741,7482,7482,-3741,-3741,1,1,0.3305404478383822,0.3305404478383822,B,B
3745,3745,7490,7490,-3745,-3745,1,1,0.9201280995449436,0.9201280995449436,B,B
3746,3746,7492,7492,-3746,-3746,1,1,0.3104122670365216,0.3104122670365216,B,B
3753,3753,7506,7506,-3753,-3753,1,1,0.19805042165814624,0.19805042165814624,B,B
3756,3756,7512,7512,-3756,-3756,1,1,0.34261554607725,0.34261554607725,B,B
3757,3757,7514,7514,-3757,-3757,1,1,0.945292204550668,0.945292204550668,B,B
3761,3761,7522,7522,-3761,-3761,1,1,0.10190930281958277,0.10190930281958277,B,B
3763,3763,7526,7526,-3763,-3763,1,1,0.8852784871665139,0.8852784871665139,B,B
3764,3764,7528,7528,-3764,-3764,1,1,0.5905161098138831,0.5905161098138831,B,B
3765,3765,7530,7530,-3765,-3765,1,1,0.9932514873301669,0.9932514873301669,B,B
3767,3767,7534,7534,-3767,-3767,1,1,0.21738204408287987,0.21738204408287987,B,B
3770,3770,7540,7540,-3770,-3770,1,1,0.6543368755750129,0.6543368755750129,B,B
3771,3771,7542,7542,-3771,-3771,1,1,0.8129534682870465,0.8129534682870465,B,B
3772,3772,7544,7544,-3772,-3772,1,1,0.9514854825708333,0.9514854825708333,B,B
3775,3775,7550,7550,-3775,-3775,1,1,0.2908057471982868,0.2908057471982868,B,B
3777,3777,7554,7554,-3777,-3777,1,1,0.498147179442594,0.498147179442594,B,B
3778,3778,7556,7556,-3778,-3778,1,1,0.6058488670546645,0.6058488670546645,B,B
3779,3779,7558,7558,-3779,-3779,1,1,0.5892602181037901,0.5892602181037901,B,B
3783,3783,7566,7566,-3783,-3783,1,1,0.006398301905658377,0.006398301905658377,B,B
3785,3785,7570,7570,-3785,-3785,1,1,0.9929052003074152,0.9929052003074152,B,B
3788,3788,7576,7576,-3788,-3788,1,1,0.02918203573647382,0.02918203573647382,B,B
3790,3790,7580,7580,-3790,-3790,1,1,0.9112849229275702,0.9112849229275702,B,B
3793,3793,7586,7586,-3793,-3793,1,1,0.6414155870001447,0.6414155870001447,B,B
3795,3795,7590,7590,-3795,-3795,1,1,0.18247350692986786,0.18247350692986786,B,B
3796,3796,7592,7592,-3796,-3796,1,1,0.6031308527366356,0.6031308527366356,B,B
3797,3797,7594,7594,-3797,-3797,1,1,0.0676768287029702,0.0676768287029702,B,B
3798,3798,7596,7596,-3798,-3798,1,1,0.5774751044871207,0.5774751044871207,B,B
3799,3799,7598,7598,-3799,-3799,1,1,0.7295133805180254,0.7295133805180254,B,B
3800,3800,7600,7600,-3800,-3800,1,1,0.7595880736931809,0.7595880736931809,B,B
3803,3803,7606,7606,-3803,-3803,1,1,0.8266514436201614,0.8266514436201614,B,B
3805,3805,7610,7610,-3805,-3805,1,1,0.45301197167056895,0.45301197167056895,B,B
3809,3809,7618,7618,-3809,-3809,1,1,0.14372389266012575,0.14372389266012575,B,B
3814,3814,7628,7628,-3814,-3814,1,1,0.8835574841434727,0.8835574841434727,B,B
3821,3821,7642,7642,-3821,-3821,1,1,0.9106543739352899,0.9106543739352899,B,B
3822,3822,7644,7644,-3822,-3822,1,1,0.18810142187699974,0.18810142187699974,B,B
3828,3828,7656,7656,-3828,-3828,1,1,0.13329375600650584,0.13329375600650584,B,B
3834,3834,7668,7668,-3834,-3834,1,1,0.5896406963987775,0.5896406963987775,B,B
3837,3837,7674,7674,-3837,-3837,1,1,0.7797986881757285,0.7797986881757285,B,B
3842,3842,7684,7684,-3842,-3842,1,1,0.1570524020370554,0.1570524020370554,B,B
3843,3843,7686,7686,-3843,-3843,1,1,0.8938931215235397,0.8938931215235397,B,B
3845,3845,7690,7690,-3845,-3845,1,1,0.463487638127985,0.463487638127985,B,B
3847,3847,7694,7694,-3847,-3847,1,1,0.4995351106612269,0.4995351106612269,B,B
3853,3853,7706,7706,-3853,-3853,1,1,0.03605335300649182,0.03605335300649182,B,B
3860,3860,7720,7720,-3860,-3860,1,1,0.41690126329467825,0.41690126329467825,B,B
3862,3862,7724,7724,-3862,-3862,1,1,0.3832924125603244,0.3832924125603244,B,B
3871,3871,7742,7742,-3871,-3871,1,1,0.8888861549794029,0.8888861549794029,B,B
3873,3873,7746,7746,-3873,-3873,1,1,0.13036664747632154,0.13036664747632154,B,B
3874,3874,7748,7748,-3874,-3874,1,1,0.6548982775934541,0.6548982775934541,B,B
3875,3875,7750,7750,-3875,-3875,1,1,0.2302212194063934,0.2302212194063934,B,B
3877,3877,7754,7754,-3877,-3877,1,1,0.4812471289153938,0.4812471289153938,B,B
3878,3878,7756,7756,-3878,-3878,1,1,0.8119192514209844,0.8119192514209844,B,B
3880,3880,7760,7760,-3880,-3880,1,1,0.2940654534009002,0.2940654534009002,B,B
3881,3881,7762,7762,-3881,-3881,1,1,0.5060729322392866,0.5060729322392866,B,B
3883,3883,7766,7766,-3883,-3883,1,1,0.03710869998584032,0.03710869998584032,B,B
3884,3884,7768,7768,-3884,-3884,1,1,0.4412890570443717,0.4412890570443717,B,B
3888,3888,7776,7776,-3888,-3888,1,1,0.582017230385329,0.582017230385329,B,B
3894,3894,7788,7788,-3894,-3894,1,1,0.32005671265754143,0.32005671265754143,B,B
3896,3896,7792,7792,-3896,-3896,1,1,0.6354144505063796,0.6354144505063796,B,B
3899,3899,7798,7798,-3899,-3899,1,1,0.629610571410835,0.629610571410835,B,B
3901,3901,7802,7802,-3901,-3901,1,1,0.5443140926684458,0.5443140926684458,B,B
3902,3902,7804,7804,-3902,-3902,1,1,0.24933562221510008,0.24933562221510008,B,B
3904,3904,7808,7808,-3904,-3904,1,1,0.4086911486826583,0.4086911486826583,B,B
3906,3906,7812,7812,-3906,-3906,1,1,0.7041873243469575,0.7041873243469575,B,B
3909,3909,7818,7818,-3909,-3909,1,1,0.19719316924472574,0.19719316924472574,B,B
3910,3910,7820,7820,-3910,-3910,1,1,0.6908303661932323,0.6908303661932323,B,B
3913,3913,7826,7826,-3913,-3913,1,1,0.7452207421764437,0.7452207421764437,B,B
3921,3921,7842,7842,-3921,-3921,1,1,0.6679833937693359,0.6679833937693359,B,B
3924,3924,7848,7848,-3924,-3924,1,1,0.9852021870128096,0.9852021870128096,B,B
3930,3930,7860,7860,-3930,-3930,1,1,0.386520695034267,0.386520695034267,B,B
3931,3931,7862,7862,-3931,-3931,1,1,0.2877435639406871,0.2877435639406871,B,B
3941,3941,7882,7882,-3941,-3941,1,1,0.45956238923800796,0.45956238923800796,B,B
3945,3945,7890,7890,-3945,-3945,1,1,0.5029094435663657,0.5029094435663657,B,B
3946,3946,7892,7892,-3946,-3946,1,1,0.6246290619603214,0.6246290619603214,B,B
3948,3948,7896,7896,-3948,-3948,1,1,0.9781811567456742,0.9781811567456742,B,B
3949,3949,7898,7898,-3949,-3949,1,1,0.6643437408685898,0.6643437408685898,B,B
3953,3953,7906,7906,-3953,-3953,1,1,0.21617284329004582,0.21617284329004582,B,B
3954,3954,7908,7908,-3954,-3954,1,1,0.43781365220331336,0.43781365220331336,B,B
3958,3958,7916,7916,-3958,-3958,1,1,0.7610545264078855,0.7610545264078855,B,B
3959,3959,7918,7918,-3959,-3959,1,1,0.6030134527611094,0.6030134527611094,B,B
3960,3960,7920,7920,-3960,-3960,1,1,0.03252584572266026,0.03252584572266026,B,B
3964,3964,7928,7928,-3964,-3964,1,1,0.013797360375584211,0.013797360375584211,B,B
3966,3966,7932,7932,-3966,-3966,1,1,0.7843823036601468,0.7843823036601468,B,B
3970,3970,7940,7940,-3970,-3970,1,1,0.9938893343563987,0.9938893343563987,B,B
3975,3975,7950,7950,-3975,-3975,1,1,0.16136176063586238,0.16136176063586238,B,B
3977,3977,7954,7954,-3977,-3977,1,1,0.7561520593149375,0.7561520593149375,B,B
3981,3981,7962,7962,-3981,-3981,1,1,0.21352843609608496,0.21352843609608496,B,B
3983,3983,7966,7966,-3983,-3983,1,1,0.37634914676169573,0.37634914676169573,B,B
3984,3984,7968,7968,-3984,-3984,1,1,0.44073843367821375,0.44073843367821375,B,B
3986,3986,7972,7972,-3986,-3986,1,1,0.07245091722069552,0.07245091722069552,B,B
3987,3987,7974,7974,-3987,-3987,1,1,0.2269671820734721,0.2269671820734721,B,B
3995,3995,7990,7990,-3995,-3995,1,1,0.46609160192841537,0.46609160192841537,B,B
4007,4007,8014,8014,-4007,-4007,1,1,0.5738418844615603,0.5738418844615603,B,B
4009,4009,8018,8018,-4009,-4009,1,1,0.9951191430131833,0.9951191430131833,B,B
4011,4011,8022,8022,-4011,-4011,1,1,0.756703523970676,0.756703523970676,B,B
4012,4012,8024,8024,-4012,-4012,1,1,0.1196622672908848,0.1196622672908848,B,B
4013,4013,8026,8026,-4013,-4013,1,1,0.24312583059650472,0.24312583059650472,B,B
4023,4023,8046,8046,-4023,-4023,1,1,0.6889091133071057,0.6889091133071057,B,B
4030,4030,8060,8060,-4030,-4030,1,1,0.29412304370665965,0.29412304370665965,B,B
4035,4035,8070,8070,-4035,-4035,1,1,0.7808476323641576,0.7808476323641576,B,B
4037,4037,8074,8074,-4037,-4037,1,1,0.030176859620422714,0.030176859620422714,B,B
4040,4040,8080,8080,-4040,-4040,1,1,0.3100165837579164,0.3100165837579164,B,B
4044,4044,8088,8088,-4044,-4044,1,1,0.0067917848871023034,0.0067917848871023034,B,B
4045,4045,8090,8090,-4045,-4045,1,1,0.8962089599024232,0.8962089599024232,B,B
4047,4047,8094,8094,-4047,-4047,1,1,0.7583800238206669,0.7583800238206669,B,B
4053,4053,8106,8106,-4053,-4053,1,1,0.9754620965571038,0.9754620965571038,B,B
4056,4056,8112,8112,-4056,-4056,1,1,0.10742305639971139,0.10742305639971139,B,B
4057,4057,8114,8114,-4057,-4057,1,1,0.5852117226429046,0.5852117226429046,B,B
4058,4058,8116,8116,-4058,-4058,1,1,0.6361094197516654,0.6361094197516654,B,B
4059,4059,8118,8118,-4059,-4059,1,1,0.8499920782796913,0.8499920782796913,B,B
4060,4060,8120,8120,-4060,-4060,1,1,0.5402225794419319,0.5402225794419319,B,B
4061,4061,8122,8122,-4061,-4061,1,1,0.17012574979684392,0.17012574979684392,B,B
4062,4062,8124,8124,-4062,-4062,1,1,0.9560133070603474,0.9560133070603474,B,B
4064,4064,8128,8128,-4064,-4064,1,1,0.3019722138264195,0.3019722138264195,B,B
4073,4073,8146,8146,-4073,-4073,1,1,0.4509336436257665,0.4509336436257665,B,B
4077,4077,8154,8154,-4077,-4077,1,1,0.2535445886751495,0.2535445886751495,B,B
4079,4079,8158,8158,-4079,-4079,1,1,0.020740593002387286,0.020740593002387286,B,B
4082,4082,8164,8164,-4082,-4082,1,1,0.2053299362099461,0.2053299362099461,B,B
4088,4088,8176,8176,-4088,-4088,1,1,0.4741856944739252,0.4741856944739252,B,B
4092,4092,8184,8184,-4092,-4092,1,1,0.5029309144832159,0.5029309144832159,B,B
4093,4093,8186,8186,-4093,-4093,1,1,0.14893630778199574,0.14893630778199574,B,B
4094,4094,8188,8188,-4094,-4094,1,1,0.9161468474794481,0.9161468474794481,B,B
4095,4095,8190,8190,-4095,-4095,1,1,0.40653547479364305,0.40653547479364305,B,B
4099,4099,8198,8198,-4099,-4099,1,1,0.5601452983977487,0.5601452983977487,B,B
4100,4100,8200,8200,-4100,-4100,1,1,0.734754515556928,0.734754515556928,B,B
4109,4109,8218,8218,-4109,-4109,1,1,0.8327098778115,0.8327098778115,B,B
4114,4114,8228,8228,-4114,-4114,1,1,0.2160407380326056,0.2160407380326056,B,B
4120,4120,8240,8240,-4120,-4120,1,1,0.27202620113218545,0.27202620113218545,B,B
4123,4123,8246,8246,-4123,-4123,1,1,0.6831062872763709,0.6831062872763709,B,B
4125,4125,8250,8250,-4125,-4125,1,1,0.3979420755449079,0.3979420755449079,B,B
4127,4127,8254,8254,-4127,-4127,1,1,0.28076534816603294,0.28076534816603294,B,B
4130,4130,8260,8260,-4130,-4130,1,1,0.43802721238609055,0.43802721238609055,B,B
4131,4131,8262,8262,-4131,-4131,1,1,0.21636760499899776,0.21636760499899776,B,B
4132,4132,8264,8264,-4132,-4132,1,1,0.7252116159783231,0.7252116159783231,B,B
4137,4137,8274,8274,-4137,-4137,1,1,0.3720836898818114,0.3720836898818114,B,B
4145,4145,8290,8290,-4145,-4145,1,1,0.5357535232168722,0.5357535232168722,B,B
4146,4146,8292,8292,-4146,-4146,1,1,0.45558701218866193,0.45558701218866193,B,B
4147,4147,8294,8294,-4147,-4147,1,1,0.11303924539981958,0.11303924539981958,B,B
4149,4149,8298,8298,-4149,-4149,1,1,0.555637604772425,0.555637604772425,B,B
4150,4150,8300,8300,-4150,-4150,1,1,0.3984101792988032,0.3984101792988032,B,B
4151,4151,8302,8302,-4151,-4151,1,1,0.13519820233124913,0.13519820233124913,B,B
4154,4154,8308,8308,-4154,-4154,1,1,0.43423771559053215,0.43423771559053215,B,B
4155,4155,8310,8310,-4155,-4155,1,1,0.25325179356243654,0.25325179356243654,B,B
4157,4157,8314,8314,-4157,-4157,1,1,0.6810092169763585,0.6810092169763585,B,B
4166,4166,8332,8332,-4166,-4166,1,1,0.11460775997904715,0.11460775997904715,B,B
4167,4167,8334,8334,-4167,-4167,1,1,0.4621419492065185,0.4621419492065185,B,B
4168,4168,8336,8336,-4168,-4168,1,1,0.9226969246007276,0.9226969246007276,B,B
4170,4170,8340,8340,-4170,-4170,1,1,0.6273272760806085,0.6273272760806085,B,B
4184,4184,8368,8368,-4184,-4184,1,1,0.4609688542986432,0.4609688542986432,B,B
4188,4188,8376,8376,-4188,-4188,1,1,0.5442488095057396,0.5442488095057396,B,B
4193,4193,8386,8386,-4193,-4193,1,1,0.8616002032340994,0.8616002032340994,B,B
4199,4199,8398,8398,-4199,-4199,1,1,0.5968372597450952,0.5968372597450952,B,B
4212,4212,8424,8424,-4212,-4212,1,1,0.8119670905990896,0.8119670905990896,B,B
4214,4214,8428,8428,-4214,-4214,1,1,0.39005579531400514,0.39005579531400514,B,B
4219,4219,8438,8438,-4219,-4219,1,1,0.44504259055849316,0.44504259055849316,B,B
4223,4223,8446,8446,-4223,-4223,1,1,0.9770487206586163,0.9770487206586163,B,B
4229,4229,8458,8458,-4229,-4229,1,1,0.06541215618083185,0.06541215618083185,B,B
4233,4233,8466,8466,-4233,-4233,1,1,0.3639127638092722,0.3639127638092722,B,B
4234,4234,8468,8468,-4234,-4234,1,1,0.5227184683335996,0.5227184683335996,B,B
4235,4235,8470,8470,-4235,-4235,1,1,0.4926024482520297,0.4926024482520297,B,B
4238,4238,8476,8476,-4238,-4238,1,1,0.0010760223322071605,0.0010760223322071605,B,B
4239,4239,8478,8478,-4239,-4239,1,1,0.7742103531964344,0.7742103531964344,B,B
4244,4244,8488,8488,-4244,-4244,1,1,0.017203998479661253,0.017203998479661253,B,B
4245,4245,8490,8490,-4245,-4245,1,1,0.8173137031827645,0.8173137031827645,B,B
4252,4252,8504,8504,-4252,-4252,1,1,0.4901328411607001,0.4901328411607001,B,B
4260,4260,8520,8520,-4260,-4260,1,1,0.18132461403181055,0.18132461403181055,B,B
4261,4261,8522,8522,-4261,-4261,1,1,0.9133041413050875,0.9133041413050875,B,B
4263,4263,8526,8526,-4263,-4263,1,1,0.18979911042183206,0.18979911042183206,B,B
4264,4264,8528,8528,-4264,-4264,1,1,0.29556817477003905,0.29556817477003905,B,B
4265,4265,8530,8530,-4265,-4265,1,1,0.8156065162640107,0.8156065162640107,B,B
4270,4270,8540,8540,-4270,-4270,1,1,0.4811862468827528,0.4811862468827528,B,B
4278,4278,8556,8556,-4278,-4278,1,1,0.8480292219660489,0.8480292219660489,B,B
4280,4280,8560,8560,-4280,-4280,1,1,0.08523737706736645,0.08523737706736645,B,B
4287,4287,8574,8574,-4287,-4287,1,1,0.2006297091112088,0.2006297091112088,B,B
4290,4290,8580,8580,-4290,-4290,1,1,0.8766517948778082,0.8766517948778082,B,B
4293,4293,8586,8586,-4293,-4293,1,1,0.9952478383276495,0.9952478383276495,B,B
4296,4296,8592,8592,-4296,-4296,1,1,0.8688930211114302,0.8688930211114302,B,B
4299,4299,8598,8598,-4299,-4299,1,1,0.5959351692314004,0.5959351692314004,B,B
4300,4300,8600,8600,-4300,-4300,1,1,0.05660496135434012,0.05660496135434012,B,B
4301,4301,8602,8602,-4301,-4301,1,1,0.5195961120079436,0.5195961120079436,B,B
4303,4303,8606,8606,-4303,-4303,1,1,0.21229688248599365,0.21229688248599365,B,B
4304,4304,8608,8608,-4304,-4304,1,1,0.42380515573903066,0.42380515573903066,B,B
4305,4305,8610,8610,-4305,-4305,1,1,0.8407794997668242,0.8407794997668242,B,B
4307,4307,8614,8614,-4307,-4307,1,1,0.7700697025116012,0.7700697025116012,B,B
4309,4309,8618,8618,-4309,-4309,1,1,0.9421111599712619,0.9421111599712619,B,B
4310,4310,8620,8620,-4310,-4310,1,1,0.7015219759078439,0.7015219759078439,B,B
4314,4314,8628,8628,-4314,-4314,1,1,0.1543621811403899,0.1543621811403899,B,B
4317,4317,8634,8634,-4317,-4317,1,1,0.8654890219273397,0.8654890219273397,B,B
4321,4321,8642,8642,-4321,-4321,1,1,0.5287102391843116,0.5287102391843116,B,B
4322,4322,8644,8644,-4322,-4322,1,1,0.627023986681557,0.627023986681557,B,B
4324,4324,8648,8648,-4324,-4324,1,1,0.4045579173339132,0.4045579173339132,B,B
4330,4330,8660,8660,-4330,-4330,1,1,0.9046358912078981,0.9046358912078981,B,B
4331,4331,8662,8662,-4331,-4331,1,1,0.5547006138899302,0.5547006138899302,B,B
4335,4335,8670,8670,-4335,-4335,1,1,0.43689165155294296,0.43689165155294296,B,B
4337,4337,8674,8674,-4337,-4337,1,1,0.9111230339144645,0.9111230339144645,B,B
4338,4338,8676,8676,-4338,-4338,1,1,0.9981691804623504,0.9981691804623504,B,B
4341,4341,8682,8682,-4341,-4341,1,1,0.2914498492917156,0.2914498492917156,B,B
4347,4347,8694,8694,-4347,-4347,1,1,0.45378784520362525,0.45378784520362525,B,B
4349,4349,8698,8698,-4349,-4349,1,1,0.9334317405293355,0.9334317405293355,B,B
4350,4350,8700,8700,-4350,-4350,1,1,0.9088007045890945,0.9088007045890945,B,B
4353,4353,8706,8706,-4353,-4353,1,1,0.4047909054776986,0.4047909054776986,B,B
4355,4355,8710,8710,-4355,-4355,1,1,0.2849629385816457,0.2849629385816457,B,B
4359,4359,8718,8718,-4359,-4359,1,1,0.1484527750967407,0.1484527750967407,B,B
4367,4367,8734,8734,-4367,-4367,1,1,0.4371260892935517,0.4371260892935517,B,B
4368,4368,8736,8736,-4368,-4368,1,1,0.1805941944905729,0.1805941944905729,B,B
4370,4370,8740,8740,-4370,-4370,1,1,0.42582821992783615,0.42582821992783615,B,B
4371,4371,8742,8742,-4371,-4371,1,1,0.4648993253291518,0.4648993253291518,B,B
4374,4374,8748,8748,-4374,-4374,1,1,0.9888793740216846,0.9888793740216846,B,B
4377,4377,8754,8754,-4377,-4377,1,1,0.24230959791861983,0.24230959791861983,B,B
4383,4383,8766,8766,-4383,-4383,1,1,0.4938470903341373,0.4938470903341373,B,B
4384,4384,8768,8768,-4384,-4384,1,1,0.037881371398617025,0.037881371398617025,B,B
4386,4386,8772,8772,-4386,-4386,1,1,0.1161631858132578,0.1161631858132578,B,B
4388,4388,8776,8776,-4388,-4388,1,1,0.9454164716701771,0.9454164716701771,B,B
4390,4390,8780,8780,-4390,-4390,1,1,0.28082219782720796,0.28082219782720796,B,B
4398,4398,8796,8796,-4398,-4398,1,1,0.8019449548920157,0.8019449548920157,B,B
4403,4403,8806,8806,-4403,-4403,1,1,0.30175006137112415,0.30175006137112415,B,B
4404,4404,8808,8808,-4404,-4404,1,1,0.27330708471293774,0.27330708471293774,B,B
4413,4413,8826,8826,-4413,-4413,1,1,0.4024722787965256,0.4024722787965256,B,B
4416,4416,8832,8832,-4416,-4416,1,1,0.4863973973956013,0.4863973973956013,B,B
4424,4424,8848,8848,-4424,-4424,1,1,0.7915874761150209,0.7915874761150209,B,B
4427,4427,8854,8854,-4427,-4427,1,1,0.03760764012098061,0.03760764012098061,B,B
4429,4429,8858,8858,-4429,-4429,1,1,0.698159981223085,0.698159981223085,B,B
4430,4430,8860,8860,-4430,-4430,1,1,0.8403624853838253,0.8403624853838253,B,B
4432,4432,8864,8864,-4432,-4432,1,1,0.025705464783361553,0.025705464783361553,B,B
4434,4434,8868,8868,-4434,-4434,1,1,0.8583223034718762,0.8583223034718762,B,B
4436,4436,8872,8872,-4436,-4436,1,1,0.769098093426906,0.769098093426906,B,B
4443,4443,8886,8886,-4443,-4443,1,1,0.8817661599294857,0.8817661599294857,B,B
4445,4445,8890,8890,-4445,-4445,1,1,0.4818878414009585,0.4818878414009585,B,B
4448,4448,8896,8896,-4448,-4448,1,1,0.2530164627237256,0.2530164627237256,B,B
4454,4454,8908,8908,-4454,-4454,1,1,0.26351942613864765,0.26351942613864765,B,B
4455,4455,8910,8910,-4455,-4455,1,1,0.6511289038441633,0.6511289038441633,B,B
4458,4458,8916,8916,-4458,-4458,1,1,0.7126983150476068,0.7126983150476068,B,B
4467,4467,8934,8934,-4467,-4467,1,1,0.20545726625734873,0.20545726625734873,B,B
4472,4472,8944,8944,-4472,-4472,1,1,0.2562713406617013,0.2562713406617013,B,B
4473,4473,8946,8946,-4473,-4473,1,1,0.8587927330540439,0.8587927330540439,B,B
4476,4476,8952,8952,-4476,-4476,1,1,0.6134495013917045,0.6134495013917045,B,B
4477,4477,8954,8954,-4477,-4477,1,1,0.5003139041458763,0.5003139041458763,B,B
4478,4478,8956,8956,-4478,-4478,1,1,0.36060707160315797,0.36060707160315797,B,B
4479,4479,8958,8958,-4479,-4479,1,1,0.7893944335476036,0.7893944335476036,B,B
4487,4487,8974,8974,-4487,-4487,1,1,0.276308074680353,0.276308074680353,B,B
4489,4489,8978,8978,-4489,-4489,1,1,0.5373625433663739,0.5373625433663739,B,B
4491,4491,8982,8982,-4491,-4491,1,1,0.33758612572234026,0.33758612572234026,B,B
4492,4492,8984,8984,-4492,-4492,1,1,0.8090156344294351,0.8090156344294351,B,B
4493,4493,8986,8986,-4493,-4493,1,1,0.9287804034270154,0.9287804034270154,B,B
4494,4494,8988,8988,-4494,-4494,1,1,0.8128365024097085,0.8128365024097085,B,B
4495,4495,8990,8990,-4495,-4495,1,1,0.4369961479007489,0.4369961479007489,B,B
4496,4496,8992,8992,-4496,-4496,1,1,0.9056026857993686,0.9056026857993686,B,B
4497,4497,8994,8994,-4497,-4497,1,1,0.6169582868633652,0.6169582868633652,B,B
4499,4499,8998,8998,-4499,-4499,1,1,0.6557470449905096,0.6557470449905096,B,B
4502,4502,9004,9004,-4502,-4502,1,1,0.9341223868342423,0.9341223868342423,B,B
4503,4503,9006,9006,-4503,-4503,1,1,0.5863701707276725,0.5863701707276725,B,B
4505,4505,9010,9010,-4505,-4505,1,1,0.9471133936963764,0.9471133936963764,B,B
4508,4508,9016,9016,-4508,-4508,1,1,0.4553310837954231,0.4553310837954231,B,B
4510,4510,9020,9020,-4510,-4510,1,1,0.06651221513391226,0.06651221513391226,B,B
4517,4517,9034,9034,-4517,-4517,1,1,0.004927220935417087,0.004927220935417087,B,B
4519,4519,9038,9038,-4519,-4519,1,1,0.941256620705001,0.941256620705001,B,B
4520,4520,9040,9040,-4520,-4520,1,1,0.6945294514833198,0.6945294514833198,B,B
4521,4521,9042,9042,-4521,-4521,1,1,0.8186694876468088,0.8186694876468088,B,B
4524,4524,9048,9048,-4524,-4524,1,1,0.40027144607929843,0.40027144607929843,B,B
4525,4525,9050,9050,-4525,-4525,1,1,0.6203558513407912,0.6203558513407912,B,B
4526,4526,9052,9052,-4526,-4526,1,1,0.6788617715179907,0.6788617715179907,B,B
4527,4527,9054,9054,-4527,-4527,1,1,0.30619574440405006,0.30619574440405006,B,B
4528,4528,9056,9056,-4528,-4528,1,1,0.6760952775264788,0.6760952775264788,B,B
4535,4535,9070,9070,-4535,-4535,1,1,0.9729187301953336,0.9729187301953336,B,B
4541,4541,9082,9082,-4541,-4541,1,1,0.6486683593594016,0.6486683593594016,B,B
4547,4547,9094,9094,-4547,-4547,1,1,0.2723409032694515,0.2723409032694515,B,B
4548,4548,9096,9096,-4548,-4548,1,1,0.8916955175330221,0.8916955175330221,B,B
4562,4562,9124,9124,-4562,-4562,1,1,0.8177091084821518,0.8177091084821518,B,B
4563,4563,9126,9126,-4563,-4563,1,1,0.08602786132594964,0.08602786132594964,B,B
4564,4564,9128,9128,-4564,-4564,1,1,0.5416589656312174,0.5416589656312174,B,B
4568,4568,9136,9136,-4568,-4568,1,1,0.8229811433966162,0.8229811433966162,B,B
4572,4572,9144,9144,-4572,-4572,1,1,0.31800010854280036,0.31800010854280036,B,B
4573,4573,9146,9146,-4573,-4573,1,1,0.3994648057535516,0.3994648057535516,B,B
4578,4578,9156,9156,-4578,-4578,1,1,0.6486204366407411,0.6486204366407411,B,B
4579,4579,9158,9158,-4579,-4579,1,1,0.9061732692898388,0.9061732692898388,B,B
4581,4581,9162,9162,-4581,-4581,1,1,0.14315760564879199,0.14315760564879199,B,B
4582,4582,9164,9164,-4582,-4582,1,1,0.3912473981528871,0.3912473981528871,B,B
4585,4585,9170,9170,-4585,-4585,1,1,0.3922602146333848,0.3922602146333848,B,B
4586,4586,9172,9172,-4586,-4586,1,1,0.5120548376215714,0.5120548376215714,B,B
4587,4587,9174,9174,-4587,-4587,1,1,0.723798875530881,0.723798875530881,B,B
4588,4588,9176,9176,-4588,-4588,1,1,0.3236742271879257,0.3236742271879257,B,B
4592,4592,9184,9184,-4592,-4592,1,1,0.2899866337609267,0.2899866337609267,B,B
4595,4595,9190,9190,-4595,-4595,1,1,0.7972538574965741,0.7972538574965741,B,B
4596,4596,9192,9192,-4596,-4596,1,1,0.2556665243181364,0.2556665243181364,B,B
4599,4599,9198,9198,-4599,-4599,1,1,0.11856970316934834,0.11856970316934834,B,B
4600,4600,9200,9200,-4600,-4600,1,1,0.22195493889541607,0.22195493889541607,B,B
4601,4601,9202,9202,-4601,-4601,1,1,0.7943890514486202,0.7943890514486202,B,B
4604,4604,9208,9208,-4604,-4604,1,1,0.6111955604125602,0.6111955604125602,B,B
4608,4608,9216,9216,-4608,-4608,1,1,0.09578587196953903,0.09578587196953903,B,B
4614,4614,9228,9228,-4614,-4614,1,1,0.05126054702180982,0.05126054702180982,B,B
4615,4615,9230,9230,-4615,-4615,1,1,0.29312155847436416,0.29312155847436416,B,B
4618,4618,9236,9236,-4618,-4618,1,1,0.48585011745472706,0.48585011745472706,B,B
4627,4627,9254,9254,-4627,-4627,1,1,0.8586757337942315,0.8586757337942315,B,B
4629,4629,9258,9258,-4629,-4629,1,1,0.8507785810886789,0.8507785810886789,B,B
4633,4633,9266,9266,-4633,-4633,1,1,0.8386735375640708,0.8386735375640708,B,B
4639,4639,9278,9278,-4639,-4639,1,1,0.6688980908726343,0.6688980908726343,B,B
4640,4640,9280,9280,-4640,-4640,1,1,0.636897284356474,0.636897284356474,B,B
4642,4642,9284,9284,-4642,-4642,1,1,0.7589997387828543,0.7589997387828543,B,B
4643,4643,9286,9286,-4643,-4643,1,1,0.8485286731371906,0.8485286731371906,B,B
4644,4644,9288,9288,-4644,-4644,1,1,0.8725712038317018,0.8725712038317018,B,B
4648,4648,9296,9296,-4648,-4648,1,1,0.36998270184993365,0.36998270184993365,B,B
4659,4659,9318,9318,-4659,-4659,1,1,0.601591547407243,0.601591547407243,B,B
4662,4662,9324,9324,-4662,-4662,1,1,0.43715401665479303,0.43715401665479303,B,B
4663,4663,9326,9326,-4663,-4663,1,1,0.5782738851856626,0.5782738851856626,B,B
4670,4670,9340,9340,-4670,-4670,1,1,0.6725194742689787,0.6725194742689787,B,B
4676,4676,9352,9352,-4676,-4676,1,1,0.29559536074556314,0.29559536074556314,B,B
4678,4678,9356,9356,-4678,-4678,1,1,0.03909841677996362,0.03909841677996362,B,B
4682,4682,9364,9364,-4682,-4682,1,1,0.4598736944548185,0.4598736944548185,B,B
4684,4684,9368,9368,-4684,-4684,1,1,0.2659519195286094,0.2659519195286094,B,B
4690,4690,9380,9380,-4690,-4690,1,1,0.5628315794376065,0.5628315794376065,B,B
4696,4696,9392,9392,-4696,-4696,1,1,0.06864458286193931,0.06864458286193931,B,B
4698,4698,9396,9396,-4698,-4698,1,1,0.19037811062604948,0.19037811062604948,B,B
4699,4699,9398,9398,-4699,-4699,1,1,0.7833645509853604,0.7833645509853604,B,B
4700,4700,9400,9400,-4700,-4700,1,1,0.6992685109505029,0.6992685109505029,B,B
4705,4705,9410,9410,-4705,-4705,1,1,0.9388637844832467,0.9388637844832467,B,B
4707,4707,9414,9414,-4707,-4707,1,1,0.33340900461882317,0.33340900461882317,B,B
4713,4713,9426,9426,-4713,-4713,1,1,0.2929615567811362,0.2929615567811362,B,B
4715,4715,9430,9430,-4715,-4715,1,1,0.12528464398266792,0.12528464398266792,B,B
4722,4722,9444,9444,-4722,-4722,1,1,0.8950634588101957,0.8950634588101957,B,B
4724,4724,9448,9448,-4724,-4724,1,1,0.3635117092246769,0.3635117092246769,B,B
4725,4725,9450,9450,-4725,-4725,1,1,0.018956791669638484,0.018956791669638484,B,B
4726,4726,9452,9452,-4726,-4726,1,1,0.45501895967004946,0.45501895967004946,B,B
4728,4728,9456,9456,-4728,-4728,1,1,0.5132532964054326,0.5132532964054326,B,B
4731,4731,9462,9462,-4731,-4731,1,1,0.961685171501426,0.961685171501426,B,B
4733,4733,9466,9466,-4733,-4733,1,1,0.23840955200024616,0.23840955200024616,B,B
4734,4734,9468,9468,-4734,-4734,1,1,0.9751083460891873,0.9751083460891873,B,B
4735,4735,9470,9470,-4735,-4735,1,1,0.2893403378829764,0.2893403378829764,B,B
4737,4737,9474,9474,-4737,-4737,1,1,0.44622633020979485,0.44622633020979485,B,B
4740,4740,9480,9480,-4740,-4740,1,1,0.8055533991471695,0.8055533991471695,B,B
4746,4746,9492,9492,-4746,-4746,1,1,0.5260314509224047,0.5260314509224047,B,B
4747,4747,9494,9494,-4747,-4747,1,1,0.0774660058105403,0.0774660058105403,B,B
4748,4748,9496,9496,-4748,-4748,1,1,0.8385271690617871,0.8385271690617871,B,B
4751,4751,9502,9502,-4751,-4751,1,1,0.7131366285531456,0.7131366285531456,B,B
4754,4754,9508,9508,-4754,-4754,1,1,0.22248311230031792,0.22248311230031792,B,B
4764,4764,9528,9528,-4764,-4764,1,1,0.37169625807501516,0.37169625807501516,B,B
4766,4766,9532,9532,-4766,-4766,1,1,0.08625775151521109,0.08625775151521109,B,B
4773,4773,9546,9546,-4773,-4773,1,1,0.14158018383185045,0.14158018383185045,B,B
4778,4778,9556,9556,-4778,-4778,1,1,0.42775373579659637,0.42775373579659637,B,B
4779,4779,9558,9558,-4779,-4779,1,1,0.7772827210975489,0.7772827210975489,B,B
4782,4782,9564,9564,-4782,-4782,1,1,0.13203994509564754,0.13203994509564754,B,B
4787,4787,9574,9574,-4787,-4787,1,1,0.8530950052087556,0.8530950052087556,B,B
4789,4789,9578,9578,-4789,-4789,1,1,0.9250310748176198,0.9250310748176198,B,B
4791,4791,9582,9582,-4791,-4791,1,1,0.2899853063209098,0.2899853063209098,B,B
4792,4792,9584,9584,-4792,-4792,1,1,0.7272342334614225,0.7272342334614225,B,B
4793,4793,9586,9586,-4793,-4793,1,1,0.2615530089078919,0.2615530089078919,B,B
4794,4794,9588,9588,-4794,-4794,1,1,0.37192279365913805,0.37192279365913805,B,B
4795,4795,9590,9590,-4795,-4795,1,1,0.8580726484352724,0.8580726484352724,B,B
4798,4798,9596,9596,-4798,-4798,1,1,0.5955856367102793,0.5955856367102793,B,B
4799,4799,9598,9598,-4799,-4799,1,1,0.21489885731694847,0.21489885731694847,B,B
4803,4803,9606,9606,-4803,-4803,1,1,0.46490972651588125,0.46490972651588125,B,B
4806,4806,9612,9612,-4806,-4806,1,1,0.544489868022736,0.544489868022736,B,B
4814,4814,9628,9628,-4814,-4814,1,1,0.19141505692463712,0.19141505692463712,B,B
4815,4815,9630,9630,-4815,-4815,1,1,0.3035446813228503,0.3035446813228503,B,B
4818,4818,9636,9636,-4818,-4818,1,1,0.8102441422980547,0.8102441422980547,B,B
4822,4822,9644,9644,-4822,-4822,1,1,0.30509434975834726,0.30509434975834726,B,B
4823,4823,9646,9646,-4823,-4823,1,1,0.5728574172683895,0.5728574172683895,B,B
4827,4827,9654,9654,-4827,-4827,1,1,0.7993383924751286,0.7993383924751286,B,B
4830,4830,9660,9660,-4830,-4830,1,1,0.5712286403448048,0.5712286403448048,B,B
4831,4831,9662,9662,-4831,-4831,1,1,0.4148387227318935,0.4148387227318935,B,B
4832,4832,9664,9664,-4832,-4832,1,1,0.9176554819469,0.9176554819469,B,B
4835,4835,9670,9670,-4835,-4835,1,1,0.11087790254811258,0.11087790254811258,B,B
4843,4843,9686,9686,-4843,-4843,1,1,0.6524346954975552,0.6524346954975552,B,B
4846,4846,9692,9692,-4846,-4846,1,1,0.34991562559860867,0.34991562559860867,B,B
4847,4847,9694,9694,-4847,-4847,1,1,0.24127237608480334,0.24127237608480334,B,B
4851,4851,9702,9702,-4851,-4851,1,1,0.6224935656458449,0.6224935656458449,B,B
4852,4852,9704,9704,-4852,-4852,1,1,0.06118167250650686,0.06118167250650686,B,B
4855,4855,9710,9710,-4855,-4855,1,1,0.9217293066336032,0.9217293066336032,B,B
4862,4862,9724,9724,-4862,-4862,1,1,0.01936709486351329,0.01936709486351329,B,B
4866,4866,9732,9732,-4866,-4866,1,1,0.2565184745784843,0.2565184745784843,B,B
4875,4875,9750,9750,-4875,-4875,1,1,0.158709859738706,0.158709859738706,B,B
4877,4877,9754,9754,-4877,-4877,1,1,0.8772940265611243,0.8772940265611243,B,B
4880,4880,9760,9760,-4880,-4880,1,1,0.45876268444491786,0.45876268444491786,B,B
4881,4881,9762,9762,-4881,-4881,1,1,0.8888946947872355,0.8888946947872355,B,B
4882,4882,9764,9764,-4882,-4882,1,1,0.01929634963637783,0.01929634963637783,B,B
4886,4886,9772,9772,-4886,-4886,1,1,0.5960363849294997,0.5960363849294997,B,B
4888,4888,9776,9776,-4888,-4888,1,1,0.8331724405563263,0.8331724405563263,B,B
4891,4891,9782,9782,-4891,-4891,1,1,0.2654956766298153,0.2654956766298153,B,B
4896,4896,9792,9792,-4896,-4896,1,1,0.4002120607940466,0.4002120607940466,B,B
4901,4901,9802,9802,-4901,-4901,1,1,0.178435946548401,0.178435946548401,B,B
4903,4903,9806,9806,-4903,-4903,1,1,0.7198234096768076,0.7198234096768076,B,B
4909,4909,9818,9818,-4909,-4909,1,1,0.8110890571520883,0.8110890571520883,B,B
4910,4910,9820,9820,-4910,-4910,1,1,0.11811269286020876,0.11811269286020876,B,B
4914,4914,9828,9828,-4914,-4914,1,1,0.475109725741947,0.475109725741947,B,B
4915,4915,9830,9830,-4915,-4915,1,1,0.1778786219581654,0.1778786219581654,B,B
4916,4916,9832,9832,-4916,-4916,1,1,0.6447843169525695,0.6447843169525695,B,B
4917,4917,9834,9834,-4917,-4917,1,1,0.9340930962164262,0.9340930962164262,B,B
4921,4921,9842,9842,-4921,-4921,1,1,0.11116299815780217,0.11116299815780217,B,B
4924,4924,9848,9848,-4924,-4924,1,1,0.4371290032906525,0.4371290032906525,B,B
4930,4930,9860,9860,-4930,-4930,1,1,0.8265971324823357,0.8265971324823357,B,B
4934,4934,9868,9868,-4934,-4934,1,1,0.0985818773292979,0.0985818773292979,B,B
4936,4936,9872,9872,-4936,-4936,1,1,0.23903215025461622,0.23903215025461622,B,B
4937,4937,9874,9874,-4937,-4937,1,1,0.6674969437854075,0.6674969437854075,B,B
4939,4939,9878,9878,-4939,-4939,1,1,0.927069024169338,0.927069024169338,B,B
4948,4948,9896,9896,-4948,-4948,1,1,0.9803811405030203,0.9803811405030203,B,B
4949,4949,9898,9898,-4949,-4949,1,1,0.5789324737145616,0.5789324737145616,B,B
4952,4952,9904,9904,-4952,-4952,1,1,0.08970663394586309,0.08970663394586309,B,B
4954,4954,9908,9908,-4954,-4954,1,1,0.05337029911320179,0.05337029911320179,B,B
4956,4956,9912,9912,-4956,-4956,1,1,0.3541288279594953,0.3541288279594953,B,B
4959,4959,9918,9918,-4959,-4959,1,1,0.22743984512264293,0.22743984512264293,B,B
4960,4960,9920,9920,-4960,-4960,1,1,0.7238970907253763,0.7238970907253763,B,B
4963,4963,9926,9926,-4963,-4963,1,1,0.3780397171478225,0.3780397171478225,B,B
4964,4964,9928,9928,-4964,-4964,1,1,0.05583557868163247,0.05583557868163247,B,B
4968,4968,9936,9936,-4968,-4968,1,1,0.8043781165703168,0.8043781165703168,B,B
4970,4970,9940,9940,-4970,-4970,1,1,0.2351916359603451,0.2351916359603451,B,B
4972,4972,9944,9944,-4972,-4972,1,1,0.8753331173430162,0.8753331173430162,B,B
4974,4974,9948,9948,-4974,-4974,1,1,0.5930519864695859,0.5930519864695859,B,B
4988,4988,9976,9976,-4988,-4988,1,1,0.47952382821896145,0.47952382821896145,B,B
4991,4991,9982,9982,-4991,-4991,1,1,0.42576820325188025,0.42576820325188025,B,B
4992,4992,9984,9984,-4992,-4992,1,1,0.027634247872375672,0.027634247872375672,B,B
4994,4994,9988,9988,-4994,-4994,1,1,0.7922948059168434,0.7922948059168434,B,B
4995,4995,9990,9990,-4995,-4995,1,1,0.9614306894323335,0.9614306894323335,B,B
4996,4996,9992,9992,-4996,-4996,1,1,0.5143458011568196,0.5143458011568196,B,B
4998,4998,9996,9996,-4998,-4998,1,1,0.7063869769132014,0.7063869769132014,B,B
4999,4999,9998,9998,-4999,-4999,1,1,0.08278112870821597,0.08278112870821597,B,B
5000,5000,10000,10000,-5000,-5000,1,1,0.4227641934160128,0.4227641934160128,B,B
5002,5002,10004,10004,-5002,-5002,1,1,0.980754515951592,0.980754515951592,B,B
5003,5003,10006,10006,-5003,-5003,1,1,0.18991284810616926,0.18991284810616926,B,B
5008,5008,10016,10016,-5008,-5008,1,1,0.44051104700331645,0.44051104700331645,B,B
5011,5011,10022,10022,-5011,-5011,1,1,0.5687152792565979,0.5687152792565979,B,B
5013,5013,10026,10026,-5013,-5013,1,1,0.5746101517031871,0.5746101517031871,B,B
5014,5014,10028,10028,-5014,-5014,1,1,0.10027832288895855,0.10027832288895855,B,B
5019,5019,10038,10038,-5019,-5019,1,1,0.5562769709527766,0.5562769709527766,B,B
5025,5025,10050,10050,-5025,-5025,1,1,0.04864794729343902,0.04864794729343902,B,B
5032,5032,10064,10064,-5032,-5032,1,1,0.887343972664425,0.887343972664425,B,B
5033,5033,10066,10066,-5033,-5033,1,1,0.4071310649169497,0.4071310649169497,B,B
5034,5034,10068,10068,-5034,-5034,1,1,0.13547762081449954,0.13547762081449954,B,B
5035,5035,10070,10070,-5035,-5035,1,1,0.38814152556773607,0.38814152556773607,B,B
5036,5036,10072,10072,-5036,-5036,1,1,0.4000141207332778,0.4000141207332778,B,B
5043,5043,10086,10086,-5043,-5043,1,1,0.32629076705544535,0.32629076705544535,B,B
5045,5045,10090,10090,-5045,-5045,1,1,0.018875112280419937,0.018875112280419937,B,B
5048,5048,10096,10096,-5048,-5048,1,1,0.8704328146169105,0.8704328146169105,B,B
5050,5050,10100,10100,-5050,-5050,1,1,0.34229701083650377,0.34229701083650377,B,B
5052,5052,10104,10104,-5052,-5052,1,1,0.33085674641798635,0.33085674641798635,B,B
5053,5053,10106,10106,-5053,-5053,1,1,0.98766912451216,0.98766912451216,B,B
5054,5054,10108,10108,-5054,-5054,1,1,0.054210832335385706,0.054210832335385706,B,B
5055,5055,10110,10110,-5055,-5055,1,1,0.77236874182296,0.77236874182296,B,B
5059,5059,10118,10118,-5059,-5059,1,1,0.6676345312549455,0.6676345312549455,B,B
5062,5062,10124,10124,-5062,-5062,1,1,0.9431557235103425,0.9431557235103425,B,B
5063,5063,10126,10126,-5063,-5063,1,1,0.2600152105977763,0.2600152105977763,B,B
5066,5066,10132,10132,-5066,-5066,1,1,0.7191643211606201,0.7191643211606201,B,B
5068,5068,10136,10136,-5068,-5068,1,1,0.6973261386630443,0.6973261386630443,B,B
5080,5080,10160,10160,-5080,-5080,1,1,0.9216252162201592,0.9216252162201592,B,B
5081,5081,10162,10162,-5081,-5081,1,1,0.26505698902223584,0.26505698902223584,B,B
5083,5083,10166,10166,-5083,-5083,1,1,0.5702048550848324,0.5702048550848324,B,B
5085,5085,10170,10170,-5085,-5085,1,1,0.5794488054303099,0.5794488054303099,B,B
5086,5086,10172,10172,-5086,-5086,1,1,0.8890986747512543,0.8890986747512543,B,B
5087,5087,10174,10174,-5087,-5087,1,1,0.7036659197928706,0.7036659197928706,B,B
5089,5089,10178,10178,-5089,-5089,1,1,0.22409428632077466,0.22409428632077466,B,B
5091,5091,10182,10182,-5091,-5091,1,1,0.3326960170675657,0.3326960170675657,B,B
5097,5097,10194,10194,-5097,-5097,1,1,0.9251390658947379,0.9251390658947379,B,B
5102,5102,10204,10204,-5102,-5102,1,1,0.4686479736942557,0.4686479736942557,B,B
5114,5114,10228,10228,-5114,-5114,1,1,0.9615280390062613,0.9615280390062613,B,B
5117,5117,10234,10234,-5117,-5117,1,1,0.16327619061277643,0.16327619061277643,B,B
5120,5120,10240,10240,-5120,-5120,1,1,0.561736728063873,0.561736728063873,B,B
5122,5122,10244,10244,-5122,-5122,1,1,0.327013339399172,0.327013339399172,B,B
5130,5130,10260,10260,-5130,-5130,1,1,0.8372233284354672,0.8372233284354672,B,B
5133,5133,10266,10266,-5133,-5133,1,1,0.20132664405148248,0.20132664405148248,B,B
5134,5134,10268,10268,-5134,-5134,1,1,0.5084866650046658,0.5084866650046658,B,B
5140,5140,10280,10280,-5140,-5140,1,1,0.5915685474377486,0.5915685474377486,B,B
5143,5143,10286,10286,-5143,-5143,1,1,0.7008231076532275,0.7008231076532275,B,B
5144,5144,10288,10288,-5144,-5144,1,1,0.868826145749816,0.868826145749816,B,B
5148,5148,10296,10296,-5148,-5148,1,1,0.9187913138201873,0.9187913138201873,B,B
5149,5149,10298,10298,-5149,-5149,1,1,0.4058384078380166,0.4058384078380166,B,B
5152,5152,10304,10304,-5152,-5152,1,1,0.30757015542164223,0.30757015542164223,B,B
5153,5153,10306,10306,-5153,-5153,1,1,0.6567225731105883,0.6567225731105883,B,B
5159,5159,10318,10318,-5159,-5159,1,1,0.74048802736636,0.74048802736636,B,B
5165,5165,10330,10330,-5165,-5165,1,1,0.2235788329134607,0.2235788329134607,B,B
5167,5167,10334,10334,-5167,-5167,1,1,0.9969599242433614,0.9969599242433614,B,B
5170,5170,10340,10340,-5170,-5170,1,1,0.7977674153382962,0.7977674153382962,B,B
5171,5171,10342,10342,-5171,-5171,1,1,0.7397546788350037,0.7397546788350037,B,B
5174,5174,10348,10348,-5174,-5174,1,1,0.6103498388998329,0.6103498388998329,B,B
5176,5176,10352,10352,-5176,-5176,1,1,0.9494284489148875,0.9494284489148875,B,B
5177,5177,10354,10354,-5177,-5177,1,1,0.5899814082417607,0.5899814082417607,B,B
5178,5178,10356,10356,-5178,-5178,1,1,0.08725437583273876,0.08725437583273876,B,B
5186,5186,10372,10372,-5186,-5186,1,1,0.17573684250755928,0.17573684250755928,B,B
5187,5187,10374,10374,-5187,-5187,1,1,0.6727767513202784,0.6727767513202784,B,B
5189,5189,10378,10378,-5189,-5189,1,1,0.32339854207950525,0.32339854207950525,B,B
5190,5190,10380,10380,-5190,-5190,1,1,0.17987138419567894,0.17987138419567894,B,B
5194,5194,10388,10388,-5194,-5194,1,1,0.33773005546587476,0.33773005546587476,B,B
5196,5196,10392,10392,-5196,-5196,1,1,0.7217197631602054,0.7217197631602054,B,B
5197,5197,10394,10394,-5197,-5197,1,1,0.23802679162131846,0.23802679162131846,B,B
5199,5199,10398,10398,-5199,-5199,1,1,0.6604987332624497,0.6604987332624497,B,B
5200,5200,10400,10400,-5200,-5200,1,1,0.6142974862585607,0.6142974862585607,B,B
5213,5213,10426,10426,-5213,-5213,1,1,0.6521140709909802,0.6521140709909802,B,B
5214,5214,10428,10428,-5214,-5214,1,1,0.5561565583251259,0.5561565583251259,B,B
5218,5218,10436,10436,-5218,-5218,1,1,0.36405613768169454,0.36405613768169454,B,B
5221,5221,10442,10442,-5221,-5221,1,1,0.039284917125781194,0.039284917125781194,B,B
5222,5222,10444,10444,-5222,-5222,1,1,0.6886163898617068,0.6886163898617068,B,B
5227,5227,10454,10454,-5227,-5227,1,1,0.32719842170572566,0.32719842170572566,B,B
5229,5229,10458,10458,-5229,-5229,1,1,0.044999841543138186,0.044999841543138186,B,B
5239,5239,10478,10478,-5239,-5239,1,1,0.4138101350663945,0.4138101350663945,B,B
5242,5242,10484,10484,-5242,-5242,1,1,0.012437964644732458,0.012437964644732458,B,B
5245,5245,10490,10490,-5245,-5245,1,1,0.45636150000741227,0.45636150000741227,B,B
5246,5246,10492,10492,-5246,-5246,1,1,0.6581687854325401,0.6581687854325401,B,B
5255,5255,10510,10510,-5255,-5255,1,1,0.4263948498757807,0.4263948498757807,B,B
5256,5256,10512,10512,-5256,-5256,1,1,0.5691058435254749,0.5691058435254749,B,B
5258,5258,10516,10516,-5258,-5258,1,1,0.9140261912938573,0.9140261912938573,B,B
5263,5263,10526,10526,-5263,-5263,1,1,0.4903982198912066,0.4903982198912066,B,B
5267,5267,10534,10534,-5267,-5267,1,1,0.23139716590926385,0.23139716590926385,B,B
5268,5268,10536,10536,-5268,-5268,1,1,0.48467326574156155,0.48467326574156155,B,B
5269,5269,10538,10538,-5269,-5269,1,1,0.41083360996776186,0.41083360996776186,B,B
5270,5270,10540,10540,-5270,-5270,1,1,0.07345561212492857,0.07345561212492857,B,B
5273,5273,10546,10546,-5273,-5273,1,1,0.7423935761552708,0.7423935761552708,B,B
5279,5279,10558,10558,-5279,-5279,1,1,0.6293585734344798,0.6293585734344798,B,B
5283,5283,10566,10566,-5283,-5283,1,1,0.7686542329021544,0.7686542329021544,B,B
5297,5297,10594,10594,-5297,-5297,1,1,0.8964697606272414,0.8964697606272414,B,B
5304,5304,10608,10608,-5304,-5304,1,1,0.18727932178534068,0.18727932178534068,B,B
5307,5307,10614,10614,-5307,-5307,1,1,0.5056595534100244,0.5056595534100244,B,B
5309,5309,10618,10618,-5309,-5309,1,1,0.955417261785648,0.955417261785648,B,B
5313,5313,10626,10626,-5313,-5313,1,1,0.7394762221683655,0.7394762221683655,B,B
5317,5317,10634,10634,-5317,-5317,1,1,0.021704870551574662,0.021704870551574662,B,B
5320,5320,10640,10640,-5320,-5320,1,1,0.9712223346685356,0.9712223346685356,B,B
5322,5322,10644,10644,-5322,-5322,1,1,0.37892672785126025,0.37892672785126025,B,B
5328,5328,10656,10656,-5328,-5328,1,1,0.25621465137946553,0.25621465137946553,B,B
5330,5330,10660,10660,-5330,-5330,1,1,0.26074795108474147,0.26074795108474147,B,B
5333,5333,10666,10666,-5333,-5333,1,1,0.6976627058238233,0.6976627058238233,B,B
5336,5336,10672,10672,-5336,-5336,1,1,0.25485512654078935,0.25485512654078935,B,B
5337,5337,10674,10674,-5337,-5337,1,1,0.6384327223082411,0.6384327223082411,B,B
5339,5339,10678,10678,-5339,-5339,1,1,0.23581490350292145,0.23581490350292145,B,B
5341,5341,10682,10682,-5341,-5341,1,1,0.8592730431120084,0.8592730431120084,B,B
5346,5346,10692,10692,-5346,-5346,1,1,0.39200412129033657,0.39200412129033657,B,B
5349,5349,10698,10698,-5349,-5349,1,1,0.8548895181462837,0.8548895181462837,B,B
5352,5352,10704,10704,-5352,-5352,1,1,0.13657010582770213,0.13657010582770213,B,B
5354,5354,10708,10708,-5354,-5354,1,1,0.6077004744202661,0.6077004744202661,B,B
5356,5356,10712,10712,-5356,-5356,1,1,0.6797770170351234,0.6797770170351234,B,B
5361,5361,10722,10722,-5361,-5361,1,1,0.4460703124389269,0.4460703124389269,B,B
5365,5365,10730,10730,-5365,-5365,1,1,0.1889917066265906,0.1889917066265906,B,B
5366,5366,10732,10732,-5366,-5366,1,1,0.05144459363667986,0.05144459363667986,B,B
5371,5371,10742,10742,-5371,-5371,1,1,0.02875029602899648,0.02875029602899648,B,B
5373,5373,10746,10746,-5373,-5373,1,1,0.7197695387978521,0.7197695387978521,B,B
5384,5384,10768,10768,-5384,-5384,1,1,0.48864690111907494,0.48864690111907494,B,B
5387,5387,10774,10774,-5387,-5387,1,1,0.6875273099046785,0.6875273099046785,B,B
5389,5389,10778,10778,-5389,-5389,1,1,0.10382769359935196,0.10382769359935196,B,B
5390,5390,10780,10780,-5390,-5390,1,1,0.09631320509214214,0.09631320509214214,B,B
5394,5394,10788,10788,-5394,-5394,1,1,0.5833524731357181,0.5833524731357181,B,B
5397,5397,10794,10794,-5397,-5397,1,1,0.8183102095368572,0.8183102095368572,B,B
5403,5403,10806,10806,-5403,-5403,1,1,0.2758935138830213,0.2758935138830213,B,B
5405,5405,10810,10810,-5405,-5405,1,1,0.2092060778494289,0.2092060778494289,B,B
5409,5409,10818,10818,-5409,-5409,1,1,0.31109919045448464,0.31109919045448464,B,B
5410,5410,10820,10820,-5410,-5410,1,1,0.03268799512533238,0.03268799512533238,B,B
5411,5411,10822,10822,-5411,-5411,1,1,0.1520372454774349,0.1520372454774349,B,B
5421,5421,10842,10842,-5421,-5421,1,1,0.7818615010989736,0.7818615010989736,B,B
5422,5422,10844,10844,-5422,-5422,1,1,0.6664552840860057,0.6664552840860057,B,B
5424,5424,10848,10848,-5424,-5424,1,1,0.6906052301348492,0.6906052301348492,B,B
5426,5426,10852,10852,-5426,-5426,1,1,0.24970733486769492,0.24970733486769492,B,B
5427,5427,10854,10854,-5427,-5427,1,1,0.1888786819922259,0.1888786819922259,B,B
5433,5433,10866,10866,-5433,-5433,1,1,0.7922956937565973,0.7922956937565973,B,B
5436,5436,10872,10872,-5436,-5436,1,1,0.37696344308065033,0.37696344308065033,B,B
5437,5437,10874,10874,-5437,-5437,1,1,0.39900554282501133,0.39900554282501133,B,B
5438,5438,10876,10876,-5438,-5438,1,1,0.7738409742828178,0.7738409742828178,B,B
5441,5441,10882,10882,-5441,-5441,1,1,0.39787259895639215,0.39787259895639215,B,B
5446,5446,10892,10892,-5446,-5446,1,1,0.9413456698000868,0.9413456698000868,B,B
5448,5448,10896,10896,-5448,-5448,1,1,0.698338885067141,0.698338885067141,B,B
5453,5453,10906,10906,-5453,-5453,1,1,0.9058366896475255,0.9058366896475255,B,B
5460,5460,10920,10920,-5460,-5460,1,1,0.9677470483764428,0.9677470483764428,B,B
5461,5461,10922,10922,-5461,-5461,1,1,0.6131793130866995,0.6131793130866995,B,B
5463,5463,10926,10926,-5463,-5463,1,1,0.9044672704493031,0.9044672704493031,B,B
5468,5468,10936,10936,-5468,-5468,1,1,0.9034349952624392,0.9034349952624392,B,B
5475,5475,10950,10950,-5475,-5475,1,1,0.9831764980069172,0.9831764980069172,B,B
5477,5477,10954,10954,-5477,-5477,1,1,0.5005816050197017,0.5005816050197017,B,B
5483,5483,10966,10966,-5483,-5483,1,1,0.08149769047469191,0.08149769047469191,B,B
5484,5484,10968,10968,-5484,-5484,1,1,0.19648069601857787,0.19648069601857787,B,B
5490,5490,10980,10980,-5490,-5490,1,1,0.44933574336617266,0.44933574336617266,B,B
5493,5493,10986,10986,-5493,-5493,1,1,0.8171256631658362,0.8171256631658362,B,B
5500,5500,11000,11000,-5500,-5500,1,1,0.728856023009903,0.728856023009903,B,B
5502,5502,11004,11004,-5502,-5502,1,1,0.3311616215725214,0.3311616215725214,B,B
5504,5504,11008,11008,-5504,-5504,1,1,0.5705650293423405,0.5705650293423405,B,B
5507,5507,11014,11014,-5507,-5507,1,1,0.4738283655059623,0.4738283655059623,B,B
5514,5514,11028,11028,-5514,-5514,1,1,0.5639508376488412,0.5639508376488412,B,B
5517,5517,11034,11034,-5517,-5517,1,1,0.48175692820566873,0.48175692820566873,B,B
5518,5518,11036,11036,-5518,-5518,1,1,0.904357554658713,0.904357554658713,B,B
5520,5520,11040,11040,-5520,-5520,1,1,0.47126705745467357,0.47126705745467357,B,B
5521,5521,11042,11042,-5521,-5521,1,1,0.01669010814232119,0.01669010814232119,B,B
5523,5523,11046,11046,-5523,-5523,1,1,0.7911897245083724,0.7911897245083724,B,B
5535,5535,11070,11070,-5535,-5535,1,1,0.02223071512805863,0.02223071512805863,B,B
5536,5536,11072,11072,-5536,-5536,1,1,0.14376900837055018,0.14376900837055018,B,B
5537,5537,11074,11074,-5537,-5537,1,1,0.321162090882367,0.321162090882367,B,B
5538,5538,11076,11076,-5538,-5538,1,1,0.354408547326193,0.354408547326193,B,B
5544,5544,11088,11088,-5544,-5544,1,1,0.2278935145841815,0.2278935145841815,B,B
5545,5545,11090,11090,-5545,-5545,1,1,0.7925892243592715,0.7925892243592715,B,B
5549,5549,11098,11098,-5549,-5549,1,1,0.9781664927902494,0.9781664927902494,B,B
5551,5551,11102,11102,-5551,-5551,1,1,0.9148676072724188,0.9148676072724188,B,B
5552,5552,11104,11104,-5552,-5552,1,1,0.16103394274431804,0.16103394274431804,B,B
5554,5554,11108,11108,-5554,-5554,1,1,0.8059803089325767,0.8059803089325767,B,B
5558,5558,11116,11116,-5558,-5558,1,1,0.029274822962273683,0.029274822962273683,B,B
5563,5563,11126,11126,-5563,-5563,1,1,0.38687760229921486,0.38687760229921486,B,B
5567,5567,11134,11134,-5567,-5567,1,1,0.8590889080385569,0.8590889080385569,B,B
5569,5569,11138,11138,-5569,-5569,1,1,0.627825767318509,0.627825767318509,B,B
5570,5570,11140,11140,-5570,-5570,1,1,0.9675110384470543,0.9675110384470543,B,B
5572,5572,11144,11144,-5572,-5572,1,1,0.3954378080392591,0.3954378080392591,B,B
5575,5575,11150,11150,-5575,-5575,1,1,0.2780891280523383,0.2780891280523383,B,B
5577,5577,11154,11154,-5577,-5577,1,1,0.9778569522603973,0.9778569522603973,B,B
5579,5579,11158,11158,-5579,-5579,1,1,0.18573007014951082,0.18573007014951082,B,B
5585,5585,11170,11170,-5585,-5585,1,1,0.6365616710495215,0.6365616710495215,B,B
5586,5586,11172,11172,-5586,-5586,1,1,0.39904548638312753,0.39904548638312753,B,B
5588,5588,11176,11176,-5588,-5588,1,1,0.18135905415275644,0.18135905415275644,B,B
5591,5591,11182,11182,-5591,-5591,1,1,0.6336483877439453,0.6336483877439453,B,B
5592,5592,11184,11184,-5592,-5592,1,1,0.6126282359521118,0.6126282359521118,B,B
5596,5596,11192,11192,-5596,-5596,1,1,0.683454596465995,0.683454596465995,B,B
5600,5600,11200,11200,-5600,-5600,1,1,0.52923283474651,0.52923283474651,B,B
5602,5602,11204,11204,-5602,-5602,1,1,0.197846357695862,0.197846357695862,B,B
5603,5603,11206,11206,-5603,-5603,1,1,0.7836966016673359,0.7836966016673359,B,B
5606,5606,11212,11212,-5606,-5606,1,1,0.8790846422422784,0.8790846422422784,B,B
5609,5609,11218,11218,-5609,-5609,1,1,0.06606992592022887,0.06606992592022887,B,B
5611,5611,11222,11222,-5611,-5611,1,1,0.7727483608269663,0.7727483608269663,B,B
5614,5614,11228,11228,-5614,-5614,1,1,0.1892279652691663,0.1892279652691663,B,B
5618,5618,11236,11236,-5618,-5618,1,1,0.9570445936139244,0.9570445936139244,B,B
5621,5621,11242,11242,-5621,-5621,1,1,0.45528938285987963,0.45528938285987963,B,B
5629,5629,11258,11258,-5629,-5629,1,1,0.8050699039457881,0.8050699039457881,B,B
5630,5630,11260,11260,-5630,-5630,1,1,0.1381122484626619,0.1381122484626619,B,B
5632,5632,11264,11264,-5632,-5632,1,1,0.9633474163540033,0.9633474163540033,B,B
5638,5638,11276,11276,-5638,-5638,1,1,0.4252776901216496,0.4252776901216496,B,B
5642,5642,11284,11284,-5642,-5642,1,1,0.19178663685540276,0.19178663685540276,B,B
5645,5645,11290,11290,-5645,-5645,1,1,0.01788747501935506,0.01788747501935506,B,B
5647,5647,11294,11294,-5647,-5647,1,1,0.8969566211937575,0.8969566211937575,B,B
5648,5648,11296,11296,-5648,-5648,1,1,0.4924315199550968,0.4924315199550968,B,B
5651,5651,11302,11302,-5651,-5651,1,1,0.9166844997429697,0.9166844997429697,B,B
5656,5656,11312,11312,-5656,-5656,1,1,0.24044468928346918,0.24044468928346918,B,B
5664,5664,11328,11328,-5664,-5664,1,1,0.33703267976359386,0.33703267976359386,B,B
5666,5666,11332,11332,-5666,-5666,1,1,0.723043105088102,0.723043105088102,B,B
5667,5667,11334,11334,-5667,-5667,1,1,0.2747108828373571,0.2747108828373571,B,B
5669,5669,11338,11338,-5669,-5669,1,1,0.48237804837185094,0.48237804837185094,B,B
5671,5671,11342,11342,-5671,-5671,1,1,0.19112133333613768,0.19112133333613768,B,B
5672,5672,11344,11344,-5672,-5672,1,1,0.23365413526579837,0.23365413526579837,B,B
5675,5675,11350,11350,-5675,-5675,1,1,0.5603876811308924,0.5603876811308924,B,B
5676,5676,11352,11352,-5676,-5676,1,1,0.680871256362415,0.680871256362415,B,B
5677,5677,11354,11354,-5677,-5677,1,1,0.5273180758888953,0.5273180758888953,B,B
5682,5682,11364,11364,-5682,-5682,1,1,0.792822910307809,0.792822910307809,B,B
5689,5689,11378,11378,-5689,-5689,1,1,0.25172369056812316,0.25172369056812316,B,B
5693,5693,11386,11386,-5693,-5693,1,1,0.2128544221173464,0.2128544221173464,B,B
5696,5696,11392,11392,-5696,-5696,1,1,0.5970130310756897,0.5970130310756897,B,B
5699,5699,11398,11398,-5699,-5699,1,1,0.966125436340995,0.966125436340995,B,B
5704,5704,11408,11408,-5704,-5704,1,1,0.4684189646062248,0.4684189646062248,B,B
5707,5707,11414,11414,-5707,-5707,1,1,0.5322104288648879,0.5322104288648879,B,B
5716,5716,11432,11432,-5716,-5716,1,1,0.1407059882391316,0.1407059882391316,B,B
5722,5722,11444,11444,-5722,-5722,1,1,0.2503497094070156,0.2503497094070156,B,B
5723,5723,11446,11446,-5723,-5723,1,1,0.190774374391395,0.190774374391395,B,B
5725,5725,11450,11450,-5725,-5725,1,1,0.40342590304450765,0.40342590304450765,B,B
5726,5726,11452,11452,-5726,-5726,1,1,0.955758836574452,0.955758836574452,B,B
5731,5731,11462,11462,-5731,-5731,1,1,0.5763568118503962,0.5763568118503962,B,B
5732,5732,11464,11464,-5732,-5732,1,1,0.19919180868566577,0.19919180868566577,B,B
5733,5733,11466,11466,-5733,-5733,1,1,0.8464995720426058,0.8464995720426058,B,B
5734,5734,11468,11468,-5734,-5734,1,1,0.6342354267071965,0.6342354267071965,B,B
5739,5739,11478,11478,-5739,-5739,1,1,0.2827561461932474,0.2827561461932474,B,B
5740,5740,11480,11480,-5740,-5740,1,1,0.5386253169203665,0.5386253169203665,B,B
5741,5741,11482,11482,-5741,-5741,1,1,0.606563601722962,0.606563601722962,B,B
5742,5742,11484,11484,-5742,-5742,1,1,0.0696917241864724,0.0696917241864724,B,B
5743,5743,11486,11486,-5743,-5743,1,1,0.4106839042325644,0.4106839042325644,B,B
5744,5744,11488,11488,-5744,-5744,1,1,0.676845608769043,0.676845608769043,B,B
5746,5746,11492,11492,-5746,-5746,1,1,0.7741845154294321,0.7741845154294321,B,B
5750,5750,11500,11500,-5750,-5750,1,1,0.6241125940670935,0.6241125940670935,B,B
5755,5755,11510,11510,-5755,-5755,1,1,0.3936153115000691,0.3936153115000691,B,B
5758,5758,11516,11516,-5758,-5758,1,1,0.7093393631117119,0.7093393631117119,B,B
5759,5759,11518,11518,-5759,-5759,1,1,0.31649791805335503,0.31649791805335503,B,B
5761,5761,11522,11522,-5761,-5761,1,1,0.23197632447064898,0.23197632447064898,B,B
5763,5763,11526,11526,-5763,-5763,1,1,0.5278840258151577,0.5278840258151577,B,B
5770,5770,11540,11540,-5770,-5770,1,1,0.6997882721176945,0.6997882721176945,B,B
5772,5772,11544,11544,-5772,-5772,1,1,0.10732334198540217,0.10732334198540217,B,B
5773,5773,11546,11546,-5773,-5773,1,1,0.8919478731125241,0.8919478731125241,B,B
5774,5774,11548,11548,-5774,-5774,1,1,0.8172172467914519,0.8172172467914519,B,B
5775,5775,11550,11550,-5775,-5775,1,1,0.661172828621472,0.661172828621472,B,B
5778,5778,11556,11556,-5778,-5778,1,1,0.2571517683649611,0.2571517683649611,B,B
5782,5782,11564,11564,-5782,-5782,1,1,0.5590769505512734,0.5590769505512734,B,B
5783,5783,11566,11566,-5783,-5783,1,1,0.623292306543151,0.623292306543151,B,B
5784,5784,11568,11568,-5784,-5784,1,1,0.5669147314611107,0.5669147314611107,B,B
5785,5785,11570,11570,-5785,-5785,1,1,0.42045206749173947,0.42045206749173947,B,B
5786,5786,11572,11572,-5786,-5786,1,1,0.6572722825679618,0.6572722825679618,B,B
5790,5790,11580,11580,-5790,-5790,1,1,0.4323394597035548,0.4323394597035548,B,B
5796,5796,11592,11592,-5796,-5796,1,1,0.8803707837575815,0.8803707837575815,B,B
5797,5797,11594,11594,-5797,-5797,1,1,0.48809170702176863,0.48809170702176863,B,B
5802,5802,11604,11604,-5802,-5802,1,1,0.9817707554165797,0.9817707554165797,B,B
5804,5804,11608,11608,-5804,-5804,1,1,0.9530884999326678,0.9530884999326678,B,B
5806,5806,11612,11612,-5806,-5806,1,1,0.5213867723929487,0.5213867723929487,B,B
5807,5807,11614,11614,-5807,-5807,1,1,0.4550975124013895,0.4550975124013895,B,B
5810,5810,11620,11620,-5810,-5810,1,1,0.9016666411443008,0.9016666411443008,B,B
5813,5813,11626,11626,-5813,-5813,1,1,0.5062404828972166,0.5062404828972166,B,B
5815,5815,11630,11630,-5815,-5815,1,1,0.3721419768465529,0.3721419768465529,B,B
5820,5820,11640,11640,-5820,-5820,1,1,0.7388294473661463,0.7388294473661463,B,B
5822,5822,11644,11644,-5822,-5822,1,1,0.4604376968859212,0.4604376968859212,B,B
5824,5824,11648,11648,-5824,-5824,1,1,0.25922380169836656,0.25922380169836656,B,B
5826,5826,11652,11652,-5826,-5826,1,1,0.38850818266337794,0.38850818266337794,B,B
5827,5827,11654,11654,-5827,-5827,1,1,0.05323848771463624,0.05323848771463624,B,B
5828,5828,11656,11656,-5828,-5828,1,1,0.38461217221151167,0.38461217221151167,B,B
5833,5833,11666,11666,-5833,-5833,1,1,0.21385112392680894,0.21385112392680894,B,B
5834,5834,11668,11668,-5834,-5834,1,1,0.8465635545209611,0.8465635545209611,B,B
5837,5837,11674,11674,-5837,-5837,1,1,0.6814930405376459,0.6814930405376459,B,B
5838,5838,11676,11676,-5838,-5838,1,1,0.1118508090708048,0.1118508090708048,B,B
5842,5842,11684,11684,-5842,-5842,1,1,0.6934057300509782,0.6934057300509782,B,B
5845,5845,11690,11690,-5845,-5845,1,1,0.0887017760486456,0.0887017760486456,B,B
5854,5854,11708,11708,-5854,-5854,1,1,0.31115435752658593,0.31115435752658593,B,B
5856,5856,11712,11712,-5856,-5856,1,1,0.04314289314074382,0.04314289314074382,B,B
5858,5858,11716,11716,-5858,-5858,1,1,0.9235465796660867,0.9235465796660867,B,B
5859,5859,11718,11718,-5859,-5859,1,1,0.8831590659771549,0.8831590659771549,B,B
5863,5863,11726,11726,-5863,-5863,1,1,0.43938253748393263,0.43938253748393263,B,B
5867,5867,11734,11734,-5867,-5867,1,1,0.31596504602366915,0.31596504602366915,B,B
5869,5869,11738,11738,-5869,-5869,1,1,0.2195711838785378,0.2195711838785378,B,B
5871,5871,11742,11742,-5871,-5871,1,1,0.22124415187061464,0.22124415187061464,B,B
5877,5877,11754,11754,-5877,-5877,1,1,0.12695476263297956,0.12695476263297956,B,B
5881,5881,11762,11762,-5881,-5881,1,1,0.2455956703109744,0.2455956703109744,B,B
5884,5884,11768,11768,-5884,-5884,1,1,0.575304888813156,0.575304888813156,B,B
5888,5888,11776,11776,-5888,-5888,1,1,0.5472255658081168,0.5472255658081168,B,B
5889,5889,11778,11778,-5889,-5889,1,1,0.985744768217679,0.985744768217679,B,B
5893,5893,11786,11786,-5893,-5893,1,1,0.19017588867794455,0.19017588867794455,B,B
5894,5894,11788,11788,-5894,-5894,1,1,0.4448616141036389,0.4448616141036389,B,B
5901,5901,11802,11802,-5901,-5901,1,1,0.7540116445181316,0.7540116445181316,B,B
5907,5907,11814,11814,-5907,-5907,1,1,0.5786944266889025,0.5786944266889025,B,B
5910,5910,11820,11820,-5910,-5910,1,1,0.19827650663013896,0.19827650663013896,B,B
5915,5915,11830,11830,-5915,-5915,1,1,0.9975729353003593,0.9975729353003593,B,B
5921,5921,11842,11842,-5921,-5921,1,1,0.29134754553224707,0.29134754553224707,B,B
5923,5923,11846,11846,-5923,-5923,1,1,0.2718828994211201,0.2718828994211201,B,B
5925,5925,11850,11850,-5925,-5925,1,1,0.6572012798282224,0.6572012798282224,B,B
5927,5927,11854,11854,-5927,-5927,1,1,0.42821460574678616,0.42821460574678616,B,B
5929,5929,11858,11858,-5929,-5929,1,1,0.3663605778075295,0.3663605778075295,B,B
5933,5933,11866,11866,-5933,-5933,1,1,0.08436887011877026,0.08436887011877026,B,B
5935,5935,11870,11870,-5935,-5935,1,1,0.8098510507836472,0.8098510507836472,B,B
5936,5936,11872,11872,-5936,-5936,1,1,0.2824848212267542,0.2824848212267542,B,B
5937,5937,11874,11874,-5937,-5937,1,1,0.1789108669635553,0.1789108669635553,B,B
5939,5939,11878,11878,-5939,-5939,1,1,0.09056192846247091,0.09056192846247091,B,B
5941,5941,11882,11882,-5941,-5941,1,1,0.9444456049061534,0.9444456049061534,B,B
5942,5942,11884,11884,-5942,-5942,1,1,0.13555936818796444,0.13555936818796444,B,B
5943,5943,11886,11886,-5943,-5943,1,1,0.22624306641962144,0.22624306641962144,B,B
5949,5949,11898,11898,-5949,-5949,1,1,0.6661298578920904,0.6661298578920904,B,B
5951,5951,11902,11902,-5951,-5951,1,1,0.48283513590590255,0.48283513590590255,B,B
5952,5952,11904,11904,-5952,-5952,1,1,0.7092839573788793,0.7092839573788793,B,B
5956,5956,11912,11912,-5956,-5956,1,1,0.350578695746261,0.350578695746261,B,B
5957,5957,11914,11914,-5957,-5957,1,1,0.3053848641680885,0.3053848641680885,B,B
5958,5958,11916,11916,-5958,-5958,1,1,0.3544154798218826,0.3544154798218826,B,B
5959,5959,11918,11918,-5959,-5959,1,1,0.11379082312813493,0.11379082312813493,B,B
5960,5960,11920,11920,-5960,-5960,1,1,0.9549547598972365,0.9549547598972365,B,B
5965,5965,11930,11930,-5965,-5965,1,1,0.543593109934147,0.543593109934147,B,B
5968,5968,11936,11936,-5968,-5968,1,1,0.26235207832841223,0.26235207832841223,B,B
5971,5971,11942,11942,-5971,-5971,1,1,0.5213091262608704,0.5213091262608704,B,B
5975,5975,11950,11950,-5975,-5975,1,1,0.031051865161321968,0.031051865161321968,B,B
5976,5976,11952,11952,-5976,-5976,1,1,0.5306627205004373,0.5306627205004373,B,B
5984,5984,11968,11968,-5984,-5984,1,1,0.7014670456338667,0.7014670456338667,B,B
5989,5989,11978,11978,-5989,-5989,1,1,0.8853590996078712,0.8853590996078712,B,B
5992,5992,11984,11984,-5992,-5992,1,1,0.46330605003787795,0.46330605003787795,B,B
5993,5993,11986,11986,-5993,-5993,1,1,0.7892460474648543,0.7892460474648543,B,B
5997,5997,11994,11994,-5997,-5997,1,1,0.45804978912959216,0.45804978912959216,B,B
5998,5998,11996,11996,-5998,-5998,1,1,0.14825148356788198,0.14825148356788198,B,B
